4.12 0.1 1
6.24 0.1 1
10.18 0.1 1
12.16 0.1 1
18.18 0.1 1
20.01 0.1 1
21.95 0.1 1
23.95 0.1 1
26.1 0.1 1
33.87 0.1 1
36 0.1 1
37.99 0.1 1
41.91 0.1 1
45.79 0.1 1
47.94 0.1 1
49.83 0.1 1
51.83 0.1 1
57.73 0.1 1
67.78 0.1 1
69.62 0.1 1
71.75 0.1 1
73.53 0.1 1
77.69 0.1 1
79.64 0.1 1
81.52 0.1 1
85.56 0.1 1
87.42 0.1 1
89.57 0.1 1
91.52 0.1 1
95.41 0.1 1
107.38 0.1 1
121.28 0.1 1
125.19 0.1 1
127.1 0.1 1
131.21 0.1 1
133.22 0.1 1
135.09 0.1 1
137.02 0.1 1
139.04 0.1 1
144.94 0.1 1
146.93 0.1 1
150.91 0.1 1
152.95 0.1 1
155 0.1 1
162.83 0.1 1
166.88 0.1 1
168.75 0.1 1
170.74 0.1 1
172.69 0.1 1
176.81 0.1 1
182.81 0.1 1
184.78 0.1 1
190.58 0.1 1
194.71 0.1 1
198.55 0.1 1
202.46 0.1 1
208.48 0.1 1
214.35 0.1 1
218.3 0.1 1
224.36 0.1 1
228.26 0.1 1
238.24 0.1 1
244.13 0.1 1
246.11 0.1 1
250.13 0.1 1
258 0.1 1
260.09 0.1 1
262.12 0.1 1
264.14 0.1 1
265.92 0.1 1
269.92 0.1 1
274.04 0.1 1
275.86 0.1 1
279.86 0.1 1
285.88 0.1 1
289.76 0.1 1
295.76 0.1 1
297.8 0.1 1
299.7 0.1 1
301.63 0.1 1
303.62 0.1 1
305.65 0.1 1
307.67 0.1 1
309.65 0.1 1
325.53 0.1 1
327.54 0.1 1
331.5 0.1 1
333.43 0.1 1
337.48 0.1 1
341.48 0.1 1
349.38 0.1 1
355.34 0.1 1
359.19 0.1 1
361.29 0.1 1
363.17 0.1 1
365.22 0.1 1
371.18 0.1 1
375.14 0.1 1
377.05 0.1 1
385.05 0.1 1
393.03 0.1 1
394.92 0.1 1
400.84 0.1 1
402.84 0.1 1
410.87 0.1 1
412.74 0.1 1
414.79 0.1 1
424.78 0.1 1
426.68 0.1 1
438.62 0.1 1
440.58 0.1 1
442.67 0.1 1
446.59 0.1 1
448.49 0.1 1
458.44 0.1 1
462.46 0.1 1
466.31 0.1 1
468.45 0.1 1
474.43 0.1 1
480.23 0.1 1
482.22 0.1 1
484.19 0.1 1
486.29 0.1 1
492.24 0.1 1
494.12 0.1 1
496.22 0.1 1
500.07 0.1 1
504.19 0.1 1
