4.14 0.1 1
6.21 0.1 1
10.22 0.1 1
12.17 0.1 1
18.14 0.1 1
20.11 0.1 1
22.11 0.1 1
24 0.1 1
26 0.1 1
34.02 0.1 1
35.97 0.1 1
37.97 0.1 1
41.82 0.1 1
45.77 0.1 1
47.87 0.1 1
49.79 0.1 1
51.82 0.1 1
57.71 0.1 1
67.63 0.1 1
69.75 0.1 1
71.68 0.1 1
73.58 0.1 1
77.55 0.1 1
79.48 0.1 1
81.6 0.1 1
85.5 0.1 1
87.57 0.1 1
89.54 0.1 1
91.55 0.1 1
95.52 0.1 1
107.44 0.1 1
121.16 0.1 1
125.22 0.1 1
127.13 0.1 1
131.09 0.1 1
133.14 0.1 1
135.14 0.1 1
137.07 0.1 1
139.14 0.1 1
145.11 0.1 1
147.06 0.1 1
151.08 0.1 1
152.91 0.1 1
154.91 0.1 1
163.01 0.1 1
166.83 0.1 1
168.92 0.1 1
170.8 0.1 1
172.75 0.1 1
176.75 0.1 1
182.82 0.1 1
184.71 0.1 1
190.74 0.1 1
194.57 0.1 1
198.59 0.1 1
202.65 0.1 1
208.61 0.1 1
214.4 0.1 1
218.4 0.1 1
224.5 0.1 1
228.32 0.1 1
238.32 0.1 1
244.21 0.1 1
246.25 0.1 1
250.13 0.1 1
258.08 0.1 1
260.18 0.1 1
262.22 0.1 1
264.13 0.1 1
266.19 0.1 1
270.15 0.1 1
274.09 0.1 1
276.11 0.1 1
279.94 0.1 1
286.03 0.1 1
289.81 0.1 1
295.86 0.1 1
297.93 0.1 1
299.87 0.1 1
301.88 0.1 1
303.88 0.1 1
305.78 0.1 1
307.78 0.1 1
309.83 0.1 1
325.64 0.1 1
327.61 0.1 1
331.49 0.1 1
333.56 0.1 1
337.58 0.1 1
341.46 0.1 1
349.48 0.1 1
355.45 0.1 1
359.39 0.1 1
361.24 0.1 1
363.22 0.1 1
365.22 0.1 1
371.26 0.1 1
375.26 0.1 1
377.19 0.1 1
385.08 0.1 1
392.97 0.1 1
395.12 0.1 1
400.9 0.1 1
402.92 0.1 1
410.86 0.1 1
413.01 0.1 1
414.97 0.1 1
424.81 0.1 1
426.86 0.1 1
438.72 0.1 1
440.67 0.1 1
442.72 0.1 1
446.54 0.1 1
448.69 0.1 1
458.47 0.1 1
462.52 0.1 1
466.46 0.1 1
468.53 0.1 1
474.36 0.1 1
480.35 0.1 1
482.37 0.1 1
484.32 0.1 1
486.25 0.1 1
492.22 0.1 1
494.3 0.1 1
496.17 0.1 1
500.29 0.1 1
504.22 0.1 1
