4.1 0.1 1
6.12 0.1 1
10.12 0.1 1
12.14 0.1 1
18.16 0.1 1
20.01 0.1 1
21.99 0.1 1
24.11 0.1 1
25.94 0.1 1
33.84 0.1 1
35.85 0.1 1
38 0.1 1
41.9 0.1 1
45.9 0.1 1
47.77 0.1 1
49.77 0.1 1
51.84 0.1 1
57.7 0.1 1
67.62 0.1 1
69.64 0.1 1
71.58 0.1 1
73.63 0.1 1
77.69 0.1 1
79.5 0.1 1
81.65 0.1 1
85.53 0.1 1
87.58 0.1 1
89.48 0.1 1
91.4 0.1 1
95.53 0.1 1
107.46 0.1 1
121.33 0.1 1
125.2 0.1 1
127.13 0.1 1
131.08 0.1 1
133.13 0.1 1
135.17 0.1 1
137.05 0.1 1
139.05 0.1 1
145.1 0.1 1
147.02 0.1 1
150.99 0.1 1
152.92 0.1 1
154.91 0.1 1
162.93 0.1 1
166.94 0.1 1
168.91 0.1 1
170.75 0.1 1
172.91 0.1 1
176.88 0.1 1
182.72 0.1 1
184.82 0.1 1
190.6 0.1 1
194.57 0.1 1
198.66 0.1 1
202.56 0.1 1
208.58 0.1 1
214.56 0.1 1
218.35 0.1 1
224.35 0.1 1
228.28 0.1 1
238.3 0.1 1
244.16 0.1 1
246.27 0.1 1
250.19 0.1 1
258.21 0.1 1
260.13 0.1 1
262.13 0.1 1
264.06 0.1 1
266.15 0.1 1
270.05 0.1 1
274.08 0.1 1
276 0.1 1
279.94 0.1 1
285.79 0.1 1
289.87 0.1 1
295.73 0.1 1
297.88 0.1 1
299.69 0.1 1
301.71 0.1 1
303.68 0.1 1
305.73 0.1 1
307.63 0.1 1
309.76 0.1 1
325.47 0.1 1
327.6 0.1 1
331.52 0.1 1
333.56 0.1 1
337.37 0.1 1
341.41 0.1 1
349.35 0.1 1
355.33 0.1 1
359.4 0.1 1
361.3 0.1 1
363.37 0.1 1
365.17 0.1 1
371.22 0.1 1
375.12 0.1 1
377.19 0.1 1
385.04 0.1 1
393.03 0.1 1
395.05 0.1 1
400.9 0.1 1
402.98 0.1 1
410.87 0.1 1
412.9 0.1 1
414.92 0.1 1
424.67 0.1 1
426.84 0.1 1
438.63 0.1 1
440.64 0.1 1
442.66 0.1 1
446.53 0.1 1
448.55 0.1 1
458.49 0.1 1
462.54 0.1 1
466.37 0.1 1
468.4 0.1 1
474.31 0.1 1
480.29 0.1 1
482.38 0.1 1
484.26 0.1 1
486.18 0.1 1
492.26 0.1 1
494.15 0.1 1
496.15 0.1 1
500.07 0.1 1
504.08 0.1 1
