4.23 0.1 1
6.16 0.1 1
10.12 0.1 1
12.17 0.1 1
17.98 0.1 1
20 0.1 1
22 0.1 1
24.12 0.1 1
25.91 0.1 1
33.96 0.1 1
36.01 0.1 1
38.01 0.1 1
41.96 0.1 1
45.88 0.1 1
47.88 0.1 1
49.76 0.1 1
51.7 0.1 1
57.73 0.1 1
67.75 0.1 1
69.74 0.1 1
71.74 0.1 1
73.52 0.1 1
77.59 0.1 1
79.49 0.1 1
81.61 0.1 1
85.49 0.1 1
87.54 0.1 1
89.53 0.1 1
91.51 0.1 1
95.51 0.1 1
107.33 0.1 1
121.19 0.1 1
125.19 0.1 1
127.08 0.1 1
131.08 0.1 1
133.06 0.1 1
135.08 0.1 1
137.11 0.1 1
138.96 0.1 1
145.12 0.1 1
146.97 0.1 1
151.03 0.1 1
152.87 0.1 1
155.03 0.1 1
162.92 0.1 1
166.84 0.1 1
168.82 0.1 1
170.86 0.1 1
172.72 0.1 1
176.79 0.1 1
182.76 0.1 1
184.78 0.1 1
190.7 0.1 1
194.67 0.1 1
198.53 0.1 1
202.52 0.1 1
208.57 0.1 1
214.36 0.1 1
218.51 0.1 1
224.46 0.1 1
228.4 0.1 1
238.22 0.1 1
244.22 0.1 1
246.12 0.1 1
250.22 0.1 1
257.99 0.1 1
260.07 0.1 1
262.14 0.1 1
264.09 0.1 1
265.98 0.1 1
270.06 0.1 1
273.98 0.1 1
275.96 0.1 1
279.85 0.1 1
285.88 0.1 1
289.77 0.1 1
295.85 0.1 1
297.8 0.1 1
299.77 0.1 1
301.74 0.1 1
303.71 0.1 1
305.72 0.1 1
307.62 0.1 1
309.72 0.1 1
325.56 0.1 1
327.48 0.1 1
331.45 0.1 1
333.42 0.1 1
337.35 0.1 1
341.42 0.1 1
349.46 0.1 1
355.29 0.1 1
359.34 0.1 1
361.34 0.1 1
363.34 0.1 1
365.26 0.1 1
371.23 0.1 1
375.05 0.1 1
377.17 0.1 1
385.02 0.1 1
393.06 0.1 1
394.97 0.1 1
400.86 0.1 1
402.91 0.1 1
410.93 0.1 1
412.75 0.1 1
414.86 0.1 1
424.67 0.1 1
426.68 0.1 1
438.74 0.1 1
440.71 0.1 1
442.67 0.1 1
446.67 0.1 1
448.57 0.1 1
458.55 0.1 1
462.41 0.1 1
466.4 0.1 1
468.47 0.1 1
474.25 0.1 1
480.27 0.1 1
482.32 0.1 1
484.32 0.1 1
486.27 0.1 1
492.11 0.1 1
494.07 0.1 1
496.24 0.1 1
500.18 0.1 1
504.08 0.1 1
