4.22 0.1 1
6.24 0.1 1
10.21 0.1 1
12.19 0.1 1
17.99 0.1 1
20.09 0.1 1
22.09 0.1 1
24.08 0.1 1
25.96 0.1 1
33.91 0.1 1
35.91 0.1 1
37.97 0.1 1
41.83 0.1 1
45.8 0.1 1
47.84 0.1 1
49.85 0.1 1
51.7 0.1 1
57.86 0.1 1
67.73 0.1 1
69.63 0.1 1
71.61 0.1 1
73.59 0.1 1
77.58 0.1 1
79.5 0.1 1
81.47 0.1 1
85.42 0.1 1
87.47 0.1 1
89.38 0.1 1
91.44 0.1 1
95.54 0.1 1
107.44 0.1 1
121.18 0.1 1
125.3 0.1 1
127.15 0.1 1
131.07 0.1 1
133.18 0.1 1
135.05 0.1 1
137.2 0.1 1
139 0.1 1
144.94 0.1 1
146.92 0.1 1
150.97 0.1 1
153.06 0.1 1
154.89 0.1 1
162.84 0.1 1
166.78 0.1 1
168.75 0.1 1
170.85 0.1 1
172.8 0.1 1
176.78 0.1 1
182.67 0.1 1
184.65 0.1 1
190.77 0.1 1
194.56 0.1 1
198.59 0.1 1
202.59 0.1 1
208.43 0.1 1
214.58 0.1 1
218.38 0.1 1
224.5 0.1 1
228.27 0.1 1
238.24 0.1 1
244.26 0.1 1
246.17 0.1 1
250.29 0.1 1
258.11 0.1 1
260.01 0.1 1
262.18 0.1 1
264.18 0.1 1
266.08 0.1 1
270.1 0.1 1
274.03 0.1 1
275.92 0.1 1
279.92 0.1 1
285.94 0.1 1
289.76 0.1 1
295.71 0.1 1
297.83 0.1 1
299.81 0.1 1
301.74 0.1 1
303.71 0.1 1
305.68 0.1 1
307.81 0.1 1
309.63 0.1 1
325.52 0.1 1
327.55 0.1 1
331.45 0.1 1
333.49 0.1 1
337.44 0.1 1
341.46 0.1 1
349.39 0.1 1
355.35 0.1 1
359.3 0.1 1
361.23 0.1 1
363.27 0.1 1
365.28 0.1 1
371.24 0.1 1
375.12 0.1 1
377.22 0.1 1
385.19 0.1 1
392.98 0.1 1
394.96 0.1 1
401.06 0.1 1
402.91 0.1 1
410.78 0.1 1
412.83 0.1 1
414.79 0.1 1
424.75 0.1 1
426.77 0.1 1
438.59 0.1 1
440.63 0.1 1
442.73 0.1 1
446.61 0.1 1
448.6 0.1 1
458.53 0.1 1
462.4 0.1 1
466.35 0.1 1
468.45 0.1 1
474.46 0.1 1
480.26 0.1 1
482.21 0.1 1
484.29 0.1 1
486.21 0.1 1
492.16 0.1 1
494.2 0.1 1
496.16 0.1 1
500.18 0.1 1
504.17 0.1 1
