4.26 0.1 1
6.1 0.1 1
10.06 0.1 1
12.03 0.1 1
18.15 0.1 1
20.12 0.1 1
22.05 0.1 1
23.94 0.1 1
26.05 0.1 1
33.96 0.1 1
35.96 0.1 1
37.88 0.1 1
41.89 0.1 1
45.83 0.1 1
47.74 0.1 1
49.71 0.1 1
51.71 0.1 1
57.8 0.1 1
67.64 0.1 1
69.55 0.1 1
71.57 0.1 1
73.59 0.1 1
77.57 0.1 1
79.49 0.1 1
81.51 0.1 1
85.51 0.1 1
87.48 0.1 1
89.39 0.1 1
91.48 0.1 1
95.38 0.1 1
107.32 0.1 1
121.14 0.1 1
125.29 0.1 1
127.11 0.1 1
131.14 0.1 1
133.06 0.1 1
135.21 0.1 1
137.11 0.1 1
139.04 0.1 1
145.11 0.1 1
146.93 0.1 1
151 0.1 1
153.03 0.1 1
154.99 0.1 1
162.8 0.1 1
166.81 0.1 1
168.94 0.1 1
170.74 0.1 1
172.72 0.1 1
176.76 0.1 1
182.66 0.1 1
184.83 0.1 1
190.68 0.1 1
194.72 0.1 1
198.52 0.1 1
202.62 0.1 1
208.55 0.1 1
214.49 0.1 1
218.42 0.1 1
224.49 0.1 1
228.33 0.1 1
238.31 0.1 1
244.23 0.1 1
246.25 0.1 1
250.17 0.1 1
258.11 0.1 1
260.06 0.1 1
262.02 0.1 1
264.06 0.1 1
266.14 0.1 1
270.03 0.1 1
274.08 0.1 1
276.03 0.1 1
279.98 0.1 1
285.83 0.1 1
289.9 0.1 1
295.87 0.1 1
297.79 0.1 1
299.82 0.1 1
301.75 0.1 1
303.69 0.1 1
305.69 0.1 1
307.77 0.1 1
309.79 0.1 1
325.56 0.1 1
327.58 0.1 1
331.47 0.1 1
333.47 0.1 1
337.55 0.1 1
341.39 0.1 1
349.32 0.1 1
355.32 0.1 1
359.41 0.1 1
361.26 0.1 1
363.26 0.1 1
365.31 0.1 1
371.21 0.1 1
375.23 0.1 1
377.18 0.1 1
385.1 0.1 1
393.15 0.1 1
395.06 0.1 1
401.01 0.1 1
403.06 0.1 1
411 0.1 1
412.85 0.1 1
414.9 0.1 1
424.9 0.1 1
426.87 0.1 1
438.77 0.1 1
440.64 0.1 1
442.71 0.1 1
446.71 0.1 1
448.69 0.1 1
458.44 0.1 1
462.45 0.1 1
466.51 0.1 1
468.35 0.1 1
474.4 0.1 1
480.25 0.1 1
482.37 0.1 1
484.25 0.1 1
486.27 0.1 1
492.21 0.1 1
494.19 0.1 1
496.14 0.1 1
500.28 0.1 1
504.14 0.1 1
