4.22 0.1 1
6.11 0.1 1
10.19 0.1 1
12.16 0.1 1
18.05 0.1 1
19.97 0.1 1
21.95 0.1 1
24.01 0.1 1
25.91 0.1 1
33.78 0.1 1
35.87 0.1 1
37.7 0.1 1
41.64 0.1 1
45.75 0.1 1
47.7 0.1 1
49.63 0.1 1
51.65 0.1 1
57.49 0.1 1
67.3 0.1 1
69.34 0.1 1
71.29 0.1 1
73.34 0.1 1
77.28 0.1 1
79.33 0.1 1
81.3 0.1 1
85.19 0.1 1
87.14 0.1 1
89.09 0.1 1
90.97 0.1 1
95.1 0.1 1
106.91 0.1 1
120.79 0.1 1
124.69 0.1 1
126.61 0.1 1
130.66 0.1 1
132.67 0.1 1
134.63 0.1 1
136.67 0.1 1
138.46 0.1 1
144.58 0.1 1
146.36 0.1 1
150.4 0.1 1
152.35 0.1 1
154.32 0.1 1
162.21 0.1 1
166.2 0.1 1
168.17 0.1 1
170.07 0.1 1
172.14 0.1 1
176.08 0.1 1
181.92 0.1 1
184.02 0.1 1
189.93 0.1 1
193.79 0.1 1
197.82 0.1 1
201.82 0.1 1
207.81 0.1 1
213.75 0.1 1
217.64 0.1 1
223.62 0.1 1
227.45 0.1 1
237.41 0.1 1
243.33 0.1 1
245.23 0.1 1
249.35 0.1 1
257.14 0.1 1
259.25 0.1 1
261.1 0.1 1
263.06 0.1 1
265.12 0.1 1
269.05 0.1 1
272.94 0.1 1
274.86 0.1 1
279.01 0.1 1
284.95 0.1 1
288.87 0.1 1
294.73 0.1 1
296.65 0.1 1
298.67 0.1 1
300.62 0.1 1
302.64 0.1 1
304.69 0.1 1
306.66 0.1 1
308.53 0.1 1
324.39 0.1 1
326.41 0.1 1
330.28 0.1 1
332.32 0.1 1
336.32 0.1 1
340.19 0.1 1
348.03 0.1 1
354.07 0.1 1
358.06 0.1 1
359.9 0.1 1
361.95 0.1 1
364 0.1 1
369.79 0.1 1
373.74 0.1 1
375.76 0.1 1
383.8 0.1 1
391.53 0.1 1
393.58 0.1 1
399.62 0.1 1
401.59 0.1 1
409.53 0.1 1
411.4 0.1 1
413.43 0.1 1
423.36 0.1 1
425.19 0.1 1
437.24 0.1 1
439.16 0.1 1
440.98 0.1 1
444.98 0.1 1
447.05 0.1 1
456.81 0.1 1
460.87 0.1 1
464.77 0.1 1
466.82 0.1 1
472.78 0.1 1
478.7 0.1 1
480.57 0.1 1
482.57 0.1 1
484.65 0.1 1
490.5 0.1 1
492.46 0.1 1
494.45 0.1 1
498.32 0.1 1
502.41 0.1 1
