4.27 0.1 1
6.21 0.1 1
10.09 0.1 1
12.17 0.1 1
18.13 0.1 1
20.08 0.1 1
22.14 0.1 1
23.93 0.1 1
25.95 0.1 1
33.97 0.1 1
35.9 0.1 1
37.98 0.1 1
41.82 0.1 1
45.94 0.1 1
47.94 0.1 1
49.8 0.1 1
51.77 0.1 1
57.76 0.1 1
67.59 0.1 1
69.61 0.1 1
71.65 0.1 1
73.58 0.1 1
77.52 0.1 1
79.65 0.1 1
81.65 0.1 1
85.58 0.1 1
87.62 0.1 1
89.49 0.1 1
91.54 0.1 1
95.44 0.1 1
107.38 0.1 1
121.17 0.1 1
125.15 0.1 1
127.22 0.1 1
131.25 0.1 1
133.22 0.1 1
135.17 0.1 1
137.05 0.1 1
139.19 0.1 1
145.02 0.1 1
146.96 0.1 1
151.09 0.1 1
153.06 0.1 1
154.94 0.1 1
162.96 0.1 1
166.97 0.1 1
168.9 0.1 1
170.92 0.1 1
172.75 0.1 1
176.77 0.1 1
182.74 0.1 1
184.66 0.1 1
190.77 0.1 1
194.68 0.1 1
198.71 0.1 1
202.56 0.1 1
208.55 0.1 1
214.5 0.1 1
218.52 0.1 1
224.3 0.1 1
228.29 0.1 1
238.24 0.1 1
244.13 0.1 1
246.19 0.1 1
250.13 0.1 1
258.2 0.1 1
260.13 0.1 1
262.08 0.1 1
264.15 0.1 1
266.1 0.1 1
269.92 0.1 1
274.04 0.1 1
275.92 0.1 1
280.01 0.1 1
285.99 0.1 1
289.94 0.1 1
295.86 0.1 1
297.81 0.1 1
299.68 0.1 1
301.75 0.1 1
303.82 0.1 1
305.78 0.1 1
307.68 0.1 1
309.77 0.1 1
325.52 0.1 1
327.46 0.1 1
331.46 0.1 1
333.53 0.1 1
337.39 0.1 1
341.41 0.1 1
349.48 0.1 1
355.29 0.1 1
359.34 0.1 1
361.35 0.1 1
363.27 0.1 1
365.24 0.1 1
371.27 0.1 1
375.07 0.1 1
377.18 0.1 1
385.1 0.1 1
393.12 0.1 1
395.03 0.1 1
400.97 0.1 1
402.85 0.1 1
410.81 0.1 1
412.77 0.1 1
414.86 0.1 1
424.71 0.1 1
426.85 0.1 1
438.6 0.1 1
440.55 0.1 1
442.65 0.1 1
446.5 0.1 1
448.55 0.1 1
458.41 0.1 1
462.49 0.1 1
466.43 0.1 1
468.38 0.1 1
474.33 0.1 1
480.33 0.1 1
482.23 0.1 1
484.23 0.1 1
486.23 0.1 1
492.13 0.1 1
494.24 0.1 1
496.19 0.1 1
500.27 0.1 1
504.04 0.1 1
