4.25 0.1 1
6.25 0.1 1
10.24 0.1 1
12.06 0.1 1
18.11 0.1 1
20.14 0.1 1
22.06 0.1 1
23.95 0.1 1
25.91 0.1 1
33.88 0.1 1
35.9 0.1 1
37.98 0.1 1
41.92 0.1 1
45.77 0.1 1
47.8 0.1 1
49.85 0.1 1
51.8 0.1 1
57.76 0.1 1
67.63 0.1 1
69.76 0.1 1
71.55 0.1 1
73.68 0.1 1
77.65 0.1 1
79.5 0.1 1
81.62 0.1 1
85.55 0.1 1
87.42 0.1 1
89.5 0.1 1
91.55 0.1 1
95.45 0.1 1
107.38 0.1 1
121.3 0.1 1
125.27 0.1 1
127.08 0.1 1
131.15 0.1 1
133.05 0.1 1
135.19 0.1 1
137.02 0.1 1
139.15 0.1 1
145.12 0.1 1
147.01 0.1 1
151.06 0.1 1
153.01 0.1 1
154.88 0.1 1
162.81 0.1 1
166.8 0.1 1
168.88 0.1 1
170.87 0.1 1
172.85 0.1 1
176.73 0.1 1
182.67 0.1 1
184.7 0.1 1
190.74 0.1 1
194.56 0.1 1
198.59 0.1 1
202.53 0.1 1
208.54 0.1 1
214.4 0.1 1
218.42 0.1 1
224.38 0.1 1
228.39 0.1 1
238.19 0.1 1
244.18 0.1 1
246.14 0.1 1
250.06 0.1 1
258.16 0.1 1
260.03 0.1 1
262.06 0.1 1
264.08 0.1 1
266.13 0.1 1
270.1 0.1 1
273.87 0.1 1
275.92 0.1 1
279.92 0.1 1
285.97 0.1 1
289.76 0.1 1
295.71 0.1 1
297.73 0.1 1
299.86 0.1 1
301.8 0.1 1
303.83 0.1 1
305.61 0.1 1
307.7 0.1 1
309.65 0.1 1
325.65 0.1 1
327.45 0.1 1
331.44 0.1 1
333.59 0.1 1
337.54 0.1 1
341.33 0.1 1
349.31 0.1 1
355.21 0.1 1
359.35 0.1 1
361.25 0.1 1
363.15 0.1 1
365.32 0.1 1
371.22 0.1 1
375.21 0.1 1
377.06 0.1 1
384.99 0.1 1
393.08 0.1 1
395.06 0.1 1
400.87 0.1 1
402.83 0.1 1
410.92 0.1 1
412.95 0.1 1
414.89 0.1 1
424.84 0.1 1
426.73 0.1 1
438.7 0.1 1
440.73 0.1 1
442.65 0.1 1
446.56 0.1 1
448.63 0.1 1
458.54 0.1 1
462.42 0.1 1
466.47 0.1 1
468.32 0.1 1
474.41 0.1 1
480.24 0.1 1
482.38 0.1 1
484.35 0.1 1
486.25 0.1 1
492.17 0.1 1
494.2 0.1 1
496.27 0.1 1
500.17 0.1 1
504.12 0.1 1
