4.12 0.1 1
6.22 0.1 1
10.11 0.1 1
12.09 0.1 1
18.06 0.1 1
20.11 0.1 1
22.04 0.1 1
24.01 0.1 1
26.03 0.1 1
34.05 0.1 1
35.98 0.1 1
38 0.1 1
41.97 0.1 1
45.84 0.1 1
47.79 0.1 1
49.77 0.1 1
51.7 0.1 1
57.79 0.1 1
67.71 0.1 1
69.76 0.1 1
71.58 0.1 1
73.71 0.1 1
77.53 0.1 1
79.55 0.1 1
81.6 0.1 1
85.53 0.1 1
87.47 0.1 1
89.53 0.1 1
91.4 0.1 1
95.45 0.1 1
107.28 0.1 1
121.18 0.1 1
125.2 0.1 1
127.17 0.1 1
131.27 0.1 1
133.12 0.1 1
135.15 0.1 1
137.22 0.1 1
139.09 0.1 1
145.04 0.1 1
146.97 0.1 1
151.02 0.1 1
153.06 0.1 1
155.03 0.1 1
162.88 0.1 1
166.86 0.1 1
168.96 0.1 1
170.9 0.1 1
172.77 0.1 1
176.78 0.1 1
182.67 0.1 1
184.65 0.1 1
190.74 0.1 1
194.76 0.1 1
198.66 0.1 1
202.51 0.1 1
208.5 0.1 1
214.41 0.1 1
218.37 0.1 1
224.4 0.1 1
228.32 0.1 1
238.27 0.1 1
244.32 0.1 1
246.29 0.1 1
250.11 0.1 1
258.25 0.1 1
260.18 0.1 1
262.18 0.1 1
264.07 0.1 1
266.07 0.1 1
269.95 0.1 1
274.02 0.1 1
275.97 0.1 1
279.9 0.1 1
285.92 0.1 1
289.81 0.1 1
295.78 0.1 1
297.73 0.1 1
299.73 0.1 1
301.83 0.1 1
303.85 0.1 1
305.81 0.1 1
307.67 0.1 1
309.78 0.1 1
325.57 0.1 1
327.59 0.1 1
331.49 0.1 1
333.44 0.1 1
337.49 0.1 1
341.41 0.1 1
349.33 0.1 1
355.42 0.1 1
359.33 0.1 1
361.23 0.1 1
363.38 0.1 1
365.24 0.1 1
371.27 0.1 1
375.27 0.1 1
377.14 0.1 1
385.09 0.1 1
393.13 0.1 1
394.96 0.1 1
400.9 0.1 1
402.92 0.1 1
410.94 0.1 1
412.87 0.1 1
414.82 0.1 1
424.91 0.1 1
426.69 0.1 1
438.68 0.1 1
440.6 0.1 1
442.73 0.1 1
446.65 0.1 1
448.65 0.1 1
458.52 0.1 1
462.59 0.1 1
466.56 0.1 1
468.42 0.1 1
474.49 0.1 1
480.36 0.1 1
482.35 0.1 1
484.38 0.1 1
486.33 0.1 1
492.18 0.1 1
494.28 0.1 1
496.18 0.1 1
500.2 0.1 1
504.27 0.1 1
