4.13 0.1 1
6.08 0.1 1
10.2 0.1 1
12.01 0.1 1
17.97 0.1 1
20.07 0.1 1
22.13 0.1 1
23.97 0.1 1
26.05 0.1 1
34.02 0.1 1
35.91 0.1 1
37.97 0.1 1
41.79 0.1 1
45.78 0.1 1
47.84 0.1 1
49.81 0.1 1
51.8 0.1 1
57.81 0.1 1
67.67 0.1 1
69.7 0.1 1
71.64 0.1 1
73.62 0.1 1
77.54 0.1 1
79.47 0.1 1
81.62 0.1 1
85.62 0.1 1
87.52 0.1 1
89.59 0.1 1
91.44 0.1 1
95.34 0.1 1
107.36 0.1 1
121.27 0.1 1
125.2 0.1 1
127.24 0.1 1
131.11 0.1 1
133.12 0.1 1
135.16 0.1 1
137.07 0.1 1
139.11 0.1 1
145.11 0.1 1
147 0.1 1
151.03 0.1 1
152.91 0.1 1
155.06 0.1 1
162.85 0.1 1
166.89 0.1 1
168.79 0.1 1
170.94 0.1 1
172.82 0.1 1
176.72 0.1 1
182.69 0.1 1
184.68 0.1 1
190.59 0.1 1
194.73 0.1 1
198.7 0.1 1
202.55 0.1 1
208.59 0.1 1
214.5 0.1 1
218.41 0.1 1
224.37 0.1 1
228.28 0.1 1
238.21 0.1 1
244.18 0.1 1
246.22 0.1 1
250.15 0.1 1
258.04 0.1 1
260.12 0.1 1
262.15 0.1 1
264.17 0.1 1
266.09 0.1 1
270.07 0.1 1
273.94 0.1 1
275.88 0.1 1
279.89 0.1 1
286 0.1 1
289.96 0.1 1
295.83 0.1 1
297.88 0.1 1
299.83 0.1 1
301.8 0.1 1
303.75 0.1 1
305.75 0.1 1
307.6 0.1 1
309.67 0.1 1
325.66 0.1 1
327.64 0.1 1
331.41 0.1 1
333.58 0.1 1
337.48 0.1 1
341.33 0.1 1
349.4 0.1 1
355.29 0.1 1
359.37 0.1 1
361.17 0.1 1
363.19 0.1 1
365.21 0.1 1
371.09 0.1 1
375.13 0.1 1
377.08 0.1 1
385.03 0.1 1
393.05 0.1 1
395 0.1 1
400.85 0.1 1
402.94 0.1 1
410.96 0.1 1
412.86 0.1 1
414.77 0.1 1
424.71 0.1 1
426.7 0.1 1
438.63 0.1 1
440.67 0.1 1
442.69 0.1 1
446.49 0.1 1
448.62 0.1 1
458.56 0.1 1
462.38 0.1 1
466.34 0.1 1
468.41 0.1 1
474.33 0.1 1
480.23 0.1 1
482.37 0.1 1
484.27 0.1 1
486.17 0.1 1
492.22 0.1 1
494.22 0.1 1
496.27 0.1 1
500.11 0.1 1
504.07 0.1 1
