4.24 0.1 1
6.07 0.1 1
10.16 0.1 1
12.07 0.1 1
18.14 0.1 1
19.99 0.1 1
22.03 0.1 1
24 0.1 1
26.08 0.1 1
33.85 0.1 1
35.85 0.1 1
37.93 0.1 1
41.97 0.1 1
45.85 0.1 1
47.89 0.1 1
49.74 0.1 1
51.82 0.1 1
57.77 0.1 1
67.58 0.1 1
69.59 0.1 1
71.68 0.1 1
73.68 0.1 1
77.51 0.1 1
79.63 0.1 1
81.52 0.1 1
85.62 0.1 1
87.53 0.1 1
89.44 0.1 1
91.57 0.1 1
95.35 0.1 1
107.31 0.1 1
121.13 0.1 1
125.1 0.1 1
127.15 0.1 1
131.12 0.1 1
133.17 0.1 1
135.05 0.1 1
137 0.1 1
139.12 0.1 1
145.09 0.1 1
147.07 0.1 1
150.97 0.1 1
152.99 0.1 1
155.03 0.1 1
162.79 0.1 1
166.91 0.1 1
168.76 0.1 1
170.71 0.1 1
172.75 0.1 1
176.72 0.1 1
182.77 0.1 1
184.57 0.1 1
190.56 0.1 1
194.66 0.1 1
198.66 0.1 1
202.48 0.1 1
208.38 0.1 1
214.33 0.1 1
218.5 0.1 1
224.28 0.1 1
228.3 0.1 1
238.31 0.1 1
244.14 0.1 1
246.21 0.1 1
250.06 0.1 1
258.03 0.1 1
260.1 0.1 1
262.05 0.1 1
263.96 0.1 1
266.12 0.1 1
270.08 0.1 1
273.87 0.1 1
275.87 0.1 1
279.82 0.1 1
285.84 0.1 1
289.77 0.1 1
295.84 0.1 1
297.84 0.1 1
299.71 0.1 1
301.81 0.1 1
303.76 0.1 1
305.75 0.1 1
307.78 0.1 1
309.56 0.1 1
325.5 0.1 1
327.57 0.1 1
331.5 0.1 1
333.52 0.1 1
337.49 0.1 1
341.44 0.1 1
349.35 0.1 1
355.23 0.1 1
359.15 0.1 1
361.28 0.1 1
363.12 0.1 1
365.22 0.1 1
371.15 0.1 1
375.14 0.1 1
377.11 0.1 1
384.94 0.1 1
392.88 0.1 1
394.86 0.1 1
400.9 0.1 1
402.96 0.1 1
410.72 0.1 1
412.7 0.1 1
414.74 0.1 1
424.77 0.1 1
426.69 0.1 1
438.59 0.1 1
440.56 0.1 1
442.55 0.1 1
446.55 0.1 1
448.43 0.1 1
458.4 0.1 1
462.34 0.1 1
466.45 0.1 1
468.39 0.1 1
474.37 0.1 1
480.28 0.1 1
482.13 0.1 1
484.24 0.1 1
486.24 0.1 1
492.11 0.1 1
494.1 0.1 1
496.1 0.1 1
500.03 0.1 1
504.12 0.1 1
