4.16 0.1 1
6.17 0.1 1
10.06 0.1 1
12.12 0.1 1
18.11 0.1 1
20.11 0.1 1
22.09 0.1 1
24.01 0.1 1
26 0.1 1
33.98 0.1 1
35.98 0.1 1
37.92 0.1 1
41.79 0.1 1
45.75 0.1 1
47.91 0.1 1
49.72 0.1 1
51.87 0.1 1
57.69 0.1 1
67.71 0.1 1
69.76 0.1 1
71.61 0.1 1
73.63 0.1 1
77.58 0.1 1
79.5 0.1 1
81.65 0.1 1
85.5 0.1 1
87.59 0.1 1
89.4 0.1 1
91.45 0.1 1
95.52 0.1 1
107.41 0.1 1
121.17 0.1 1
125.2 0.1 1
127.25 0.1 1
131.1 0.1 1
133.07 0.1 1
135.09 0.1 1
137.1 0.1 1
139.04 0.1 1
145.07 0.1 1
147.04 0.1 1
151.08 0.1 1
152.91 0.1 1
154.91 0.1 1
162.8 0.1 1
166.9 0.1 1
168.82 0.1 1
170.87 0.1 1
172.92 0.1 1
176.84 0.1 1
182.67 0.1 1
184.69 0.1 1
190.64 0.1 1
194.68 0.1 1
198.66 0.1 1
202.58 0.1 1
208.51 0.1 1
214.4 0.1 1
218.5 0.1 1
224.5 0.1 1
228.34 0.1 1
238.21 0.1 1
244.28 0.1 1
246.14 0.1 1
250.1 0.1 1
258.08 0.1 1
260.17 0.1 1
262.07 0.1 1
264.08 0.1 1
266.12 0.1 1
270.07 0.1 1
273.95 0.1 1
276.07 0.1 1
280.04 0.1 1
285.79 0.1 1
289.79 0.1 1
295.8 0.1 1
297.7 0.1 1
299.8 0.1 1
301.87 0.1 1
303.67 0.1 1
305.75 0.1 1
307.72 0.1 1
309.67 0.1 1
325.57 0.1 1
327.51 0.1 1
331.46 0.1 1
333.49 0.1 1
337.5 0.1 1
341.5 0.1 1
349.28 0.1 1
355.27 0.1 1
359.2 0.1 1
361.32 0.1 1
363.37 0.1 1
365.22 0.1 1
371.31 0.1 1
375.24 0.1 1
377.14 0.1 1
385.16 0.1 1
393 0.1 1
395.1 0.1 1
401.04 0.1 1
402.87 0.1 1
410.82 0.1 1
412.82 0.1 1
414.89 0.1 1
424.69 0.1 1
426.78 0.1 1
438.67 0.1 1
440.62 0.1 1
442.58 0.1 1
446.69 0.1 1
448.62 0.1 1
458.41 0.1 1
462.37 0.1 1
466.53 0.1 1
468.48 0.1 1
474.28 0.1 1
480.25 0.1 1
482.42 0.1 1
484.3 0.1 1
486.35 0.1 1
492.17 0.1 1
494.19 0.1 1
496.3 0.1 1
500.07 0.1 1
504.12 0.1 1
