4.11 0.1 1
6.2 0.1 1
10.2 0.1 1
12.12 0.1 1
18.03 0.1 1
19.95 0.1 1
22.1 0.1 1
23.99 0.1 1
25.92 0.1 1
34.01 0.1 1
35.91 0.1 1
37.89 0.1 1
41.89 0.1 1
45.93 0.1 1
47.88 0.1 1
49.83 0.1 1
51.7 0.1 1
57.81 0.1 1
67.6 0.1 1
69.55 0.1 1
71.64 0.1 1
73.6 0.1 1
77.49 0.1 1
79.59 0.1 1
81.57 0.1 1
85.49 0.1 1
87.41 0.1 1
89.49 0.1 1
91.56 0.1 1
95.45 0.1 1
107.32 0.1 1
121.17 0.1 1
125.29 0.1 1
127.11 0.1 1
131.06 0.1 1
133.19 0.1 1
135.19 0.1 1
137.03 0.1 1
139.08 0.1 1
144.95 0.1 1
147.08 0.1 1
151.03 0.1 1
153 0.1 1
154.93 0.1 1
162.94 0.1 1
166.89 0.1 1
168.91 0.1 1
170.71 0.1 1
172.87 0.1 1
176.66 0.1 1
182.63 0.1 1
184.63 0.1 1
190.71 0.1 1
194.6 0.1 1
198.5 0.1 1
202.45 0.1 1
208.4 0.1 1
214.51 0.1 1
218.37 0.1 1
224.46 0.1 1
228.24 0.1 1
238.23 0.1 1
244.2 0.1 1
246.17 0.1 1
250.07 0.1 1
258 0.1 1
260.17 0.1 1
262.11 0.1 1
264.09 0.1 1
266.01 0.1 1
270.08 0.1 1
274.06 0.1 1
276.01 0.1 1
280.01 0.1 1
285.95 0.1 1
289.93 0.1 1
295.69 0.1 1
297.84 0.1 1
299.64 0.1 1
301.67 0.1 1
303.79 0.1 1
305.74 0.1 1
307.57 0.1 1
309.64 0.1 1
325.43 0.1 1
327.58 0.1 1
331.4 0.1 1
333.42 0.1 1
337.43 0.1 1
341.4 0.1 1
349.36 0.1 1
355.36 0.1 1
359.16 0.1 1
361.14 0.1 1
363.29 0.1 1
365.29 0.1 1
371.25 0.1 1
375.16 0.1 1
377.1 0.1 1
385.07 0.1 1
393.09 0.1 1
394.92 0.1 1
401.02 0.1 1
402.81 0.1 1
410.94 0.1 1
412.76 0.1 1
414.85 0.1 1
424.83 0.1 1
426.72 0.1 1
438.65 0.1 1
440.54 0.1 1
442.56 0.1 1
446.51 0.1 1
448.61 0.1 1
458.41 0.1 1
462.45 0.1 1
466.43 0.1 1
468.4 0.1 1
474.42 0.1 1
480.27 0.1 1
482.24 0.1 1
484.17 0.1 1
486.2 0.1 1
492.12 0.1 1
494.27 0.1 1
496.11 0.1 1
500.23 0.1 1
504.19 0.1 1
