4.22 0.1 1
6.22 0.1 1
10.17 0.1 1
12.12 0.1 1
18.04 0.1 1
20.16 0.1 1
21.98 0.1 1
23.98 0.1 1
25.99 0.1 1
33.88 0.1 1
35.88 0.1 1
37.9 0.1 1
41.92 0.1 1
45.95 0.1 1
47.94 0.1 1
49.92 0.1 1
51.9 0.1 1
57.85 0.1 1
67.66 0.1 1
69.71 0.1 1
71.66 0.1 1
73.54 0.1 1
77.55 0.1 1
79.48 0.1 1
81.58 0.1 1
85.61 0.1 1
87.55 0.1 1
89.43 0.1 1
91.52 0.1 1
95.44 0.1 1
107.36 0.1 1
121.33 0.1 1
125.15 0.1 1
127.1 0.1 1
131.16 0.1 1
133.07 0.1 1
135.17 0.1 1
137.02 0.1 1
139.05 0.1 1
144.95 0.1 1
146.97 0.1 1
150.97 0.1 1
152.94 0.1 1
155.04 0.1 1
162.89 0.1 1
166.96 0.1 1
168.86 0.1 1
170.93 0.1 1
172.73 0.1 1
176.83 0.1 1
182.72 0.1 1
184.68 0.1 1
190.59 0.1 1
194.59 0.1 1
198.62 0.1 1
202.67 0.1 1
208.43 0.1 1
214.56 0.1 1
218.46 0.1 1
224.33 0.1 1
228.42 0.1 1
238.39 0.1 1
244.21 0.1 1
246.22 0.1 1
250.09 0.1 1
258.04 0.1 1
260.03 0.1 1
262.18 0.1 1
264.1 0.1 1
266.01 0.1 1
269.98 0.1 1
273.98 0.1 1
276.02 0.1 1
280.02 0.1 1
285.87 0.1 1
289.94 0.1 1
295.82 0.1 1
297.88 0.1 1
299.79 0.1 1
301.86 0.1 1
303.78 0.1 1
305.83 0.1 1
307.81 0.1 1
309.6 0.1 1
325.65 0.1 1
327.47 0.1 1
331.49 0.1 1
333.5 0.1 1
337.47 0.1 1
341.37 0.1 1
349.34 0.1 1
355.36 0.1 1
359.18 0.1 1
361.35 0.1 1
363.26 0.1 1
365.27 0.1 1
371.22 0.1 1
375.19 0.1 1
377.09 0.1 1
385.17 0.1 1
392.99 0.1 1
394.94 0.1 1
400.93 0.1 1
402.85 0.1 1
410.9 0.1 1
412.78 0.1 1
414.88 0.1 1
424.7 0.1 1
426.69 0.1 1
438.68 0.1 1
440.56 0.1 1
442.54 0.1 1
446.66 0.1 1
448.56 0.1 1
458.42 0.1 1
462.42 0.1 1
466.39 0.1 1
468.42 0.1 1
474.31 0.1 1
480.24 0.1 1
482.24 0.1 1
484.31 0.1 1
486.16 0.1 1
492.14 0.1 1
494.23 0.1 1
496.15 0.1 1
500.21 0.1 1
504.15 0.1 1
