4.1 0.1 1
6.22 0.1 1
10.05 0.1 1
12.14 0.1 1
18.04 0.1 1
20.12 0.1 1
22.04 0.1 1
24.12 0.1 1
26.11 0.1 1
33.84 0.1 1
35.96 0.1 1
37.93 0.1 1
41.93 0.1 1
45.91 0.1 1
47.75 0.1 1
49.72 0.1 1
51.7 0.1 1
57.69 0.1 1
67.74 0.1 1
69.59 0.1 1
71.74 0.1 1
73.64 0.1 1
77.56 0.1 1
79.49 0.1 1
81.61 0.1 1
85.45 0.1 1
87.5 0.1 1
89.41 0.1 1
91.48 0.1 1
95.37 0.1 1
107.44 0.1 1
121.16 0.1 1
125.23 0.1 1
127.21 0.1 1
131.16 0.1 1
133.08 0.1 1
135.16 0.1 1
137.13 0.1 1
139.18 0.1 1
144.97 0.1 1
146.94 0.1 1
151.1 0.1 1
153.02 0.1 1
155 0.1 1
162.86 0.1 1
166.89 0.1 1
168.86 0.1 1
170.78 0.1 1
172.83 0.1 1
176.8 0.1 1
182.73 0.1 1
184.7 0.1 1
190.63 0.1 1
194.57 0.1 1
198.59 0.1 1
202.49 0.1 1
208.53 0.1 1
214.48 0.1 1
218.54 0.1 1
224.35 0.1 1
228.43 0.1 1
238.27 0.1 1
244.2 0.1 1
246.19 0.1 1
250.19 0.1 1
258.21 0.1 1
260.04 0.1 1
262.06 0.1 1
264.19 0.1 1
266.14 0.1 1
270.15 0.1 1
273.92 0.1 1
276 0.1 1
280 0.1 1
285.94 0.1 1
289.95 0.1 1
295.82 0.1 1
297.82 0.1 1
299.76 0.1 1
301.86 0.1 1
303.68 0.1 1
305.71 0.1 1
307.84 0.1 1
309.78 0.1 1
325.68 0.1 1
327.67 0.1 1
331.55 0.1 1
333.62 0.1 1
337.42 0.1 1
341.41 0.1 1
349.48 0.1 1
355.31 0.1 1
359.25 0.1 1
361.3 0.1 1
363.23 0.1 1
365.33 0.1 1
371.2 0.1 1
375.12 0.1 1
377.24 0.1 1
385.02 0.1 1
392.96 0.1 1
394.94 0.1 1
400.98 0.1 1
403.03 0.1 1
411.01 0.1 1
412.97 0.1 1
414.98 0.1 1
424.89 0.1 1
426.87 0.1 1
438.61 0.1 1
440.61 0.1 1
442.56 0.1 1
446.58 0.1 1
448.64 0.1 1
458.58 0.1 1
462.5 0.1 1
466.47 0.1 1
468.47 0.1 1
474.44 0.1 1
480.32 0.1 1
482.29 0.1 1
484.23 0.1 1
486.36 0.1 1
492.23 0.1 1
494.19 0.1 1
496.16 0.1 1
500.1 0.1 1
504.2 0.1 1
