4.22 0.1 1
6.26 0.1 1
10.24 0.1 1
12.03 0.1 1
18 0.1 1
20.15 0.1 1
22.11 0.1 1
24.07 0.1 1
26.02 0.1 1
33.89 0.1 1
35.99 0.1 1
37.99 0.1 1
41.97 0.1 1
45.96 0.1 1
47.91 0.1 1
49.76 0.1 1
51.89 0.1 1
57.73 0.1 1
67.58 0.1 1
69.7 0.1 1
71.55 0.1 1
73.7 0.1 1
77.57 0.1 1
79.64 0.1 1
81.64 0.1 1
85.61 0.1 1
87.51 0.1 1
89.42 0.1 1
91.51 0.1 1
95.41 0.1 1
107.43 0.1 1
121.35 0.1 1
125.25 0.1 1
127.27 0.1 1
131.21 0.1 1
133.09 0.1 1
135.21 0.1 1
137.12 0.1 1
139.04 0.1 1
145.06 0.1 1
146.98 0.1 1
150.93 0.1 1
152.98 0.1 1
154.93 0.1 1
162.87 0.1 1
166.85 0.1 1
168.75 0.1 1
170.87 0.1 1
172.87 0.1 1
176.79 0.1 1
182.71 0.1 1
184.62 0.1 1
190.69 0.1 1
194.71 0.1 1
198.55 0.1 1
202.46 0.1 1
208.48 0.1 1
214.49 0.1 1
218.34 0.1 1
224.44 0.1 1
228.26 0.1 1
238.24 0.1 1
244.16 0.1 1
246.2 0.1 1
250.06 0.1 1
258.02 0.1 1
260.07 0.1 1
262.05 0.1 1
264.05 0.1 1
266.07 0.1 1
270.06 0.1 1
273.97 0.1 1
275.89 0.1 1
279.83 0.1 1
285.85 0.1 1
289.93 0.1 1
295.81 0.1 1
297.88 0.1 1
299.73 0.1 1
301.7 0.1 1
303.67 0.1 1
305.63 0.1 1
307.7 0.1 1
309.75 0.1 1
325.53 0.1 1
327.44 0.1 1
331.39 0.1 1
333.53 0.1 1
337.46 0.1 1
341.37 0.1 1
349.37 0.1 1
355.27 0.1 1
359.29 0.1 1
361.24 0.1 1
363.26 0.1 1
365.14 0.1 1
371.19 0.1 1
375.21 0.1 1
377.19 0.1 1
385.11 0.1 1
393.02 0.1 1
394.98 0.1 1
400.92 0.1 1
402.94 0.1 1
410.92 0.1 1
412.82 0.1 1
414.82 0.1 1
424.71 0.1 1
426.68 0.1 1
438.65 0.1 1
440.68 0.1 1
442.58 0.1 1
446.49 0.1 1
448.45 0.1 1
458.47 0.1 1
462.44 0.1 1
466.39 0.1 1
468.28 0.1 1
474.43 0.1 1
480.3 0.1 1
482.23 0.1 1
484.2 0.1 1
486.32 0.1 1
492.15 0.1 1
494.09 0.1 1
496.17 0.1 1
500.09 0.1 1
504.06 0.1 1
