4.16 0.1 1
6.12 0.1 1
10.18 0.1 1
12.09 0.1 1
18.13 0.1 1
20.03 0.1 1
22.11 0.1 1
24.05 0.1 1
26.08 0.1 1
34.03 0.1 1
35.9 0.1 1
37.94 0.1 1
41.79 0.1 1
45.81 0.1 1
47.84 0.1 1
49.89 0.1 1
51.79 0.1 1
57.86 0.1 1
67.68 0.1 1
69.65 0.1 1
71.67 0.1 1
73.65 0.1 1
77.62 0.1 1
79.6 0.1 1
81.57 0.1 1
85.45 0.1 1
87.52 0.1 1
89.54 0.1 1
91.54 0.1 1
95.47 0.1 1
107.3 0.1 1
121.15 0.1 1
125.1 0.1 1
127.27 0.1 1
131.09 0.1 1
133.16 0.1 1
135.16 0.1 1
137.12 0.1 1
138.97 0.1 1
144.99 0.1 1
146.91 0.1 1
150.88 0.1 1
153 0.1 1
154.98 0.1 1
162.8 0.1 1
166.83 0.1 1
168.77 0.1 1
170.85 0.1 1
172.85 0.1 1
176.77 0.1 1
182.77 0.1 1
184.66 0.1 1
190.56 0.1 1
194.59 0.1 1
198.56 0.1 1
202.56 0.1 1
208.58 0.1 1
214.52 0.1 1
218.35 0.1 1
224.31 0.1 1
228.37 0.1 1
238.16 0.1 1
244.21 0.1 1
246.16 0.1 1
250.1 0.1 1
258 0.1 1
260 0.1 1
261.99 0.1 1
263.95 0.1 1
266.02 0.1 1
269.9 0.1 1
273.87 0.1 1
275.91 0.1 1
279.96 0.1 1
285.91 0.1 1
289.86 0.1 1
295.66 0.1 1
297.75 0.1 1
299.67 0.1 1
301.77 0.1 1
303.67 0.1 1
305.58 0.1 1
307.65 0.1 1
309.57 0.1 1
325.48 0.1 1
327.48 0.1 1
331.53 0.1 1
333.41 0.1 1
337.35 0.1 1
341.35 0.1 1
349.38 0.1 1
355.29 0.1 1
359.29 0.1 1
361.22 0.1 1
363.19 0.1 1
365.14 0.1 1
371.23 0.1 1
375.09 0.1 1
377.11 0.1 1
385.1 0.1 1
393.03 0.1 1
394.98 0.1 1
400.9 0.1 1
402.85 0.1 1
410.74 0.1 1
412.87 0.1 1
414.82 0.1 1
424.64 0.1 1
426.58 0.1 1
438.55 0.1 1
440.62 0.1 1
442.55 0.1 1
446.47 0.1 1
448.6 0.1 1
458.52 0.1 1
462.41 0.1 1
466.28 0.1 1
468.28 0.1 1
474.26 0.1 1
480.25 0.1 1
482.23 0.1 1
484.15 0.1 1
486.25 0.1 1
492.24 0.1 1
494.05 0.1 1
496.05 0.1 1
500.09 0.1 1
503.96 0.1 1
