4.2 0.1 1
6.07 0.1 1
10.17 0.1 1
12.14 0.1 1
18.09 0.1 1
19.97 0.1 1
22.02 0.1 1
24.02 0.1 1
25.99 0.1 1
33.99 0.1 1
35.88 0.1 1
37.81 0.1 1
41.95 0.1 1
45.93 0.1 1
47.88 0.1 1
49.88 0.1 1
51.72 0.1 1
57.79 0.1 1
67.77 0.1 1
69.67 0.1 1
71.67 0.1 1
73.69 0.1 1
77.58 0.1 1
79.53 0.1 1
81.51 0.1 1
85.6 0.1 1
87.56 0.1 1
89.55 0.1 1
91.57 0.1 1
95.42 0.1 1
107.36 0.1 1
121.16 0.1 1
125.16 0.1 1
127.18 0.1 1
131.18 0.1 1
133.08 0.1 1
135.13 0.1 1
137.08 0.1 1
139.03 0.1 1
145.09 0.1 1
147.04 0.1 1
151.04 0.1 1
152.84 0.1 1
154.84 0.1 1
162.86 0.1 1
166.79 0.1 1
168.84 0.1 1
170.76 0.1 1
172.85 0.1 1
176.8 0.1 1
182.58 0.1 1
184.7 0.1 1
190.69 0.1 1
194.49 0.1 1
198.59 0.1 1
202.49 0.1 1
208.51 0.1 1
214.43 0.1 1
218.41 0.1 1
224.35 0.1 1
228.32 0.1 1
238.22 0.1 1
244.16 0.1 1
246.22 0.1 1
250.01 0.1 1
258.03 0.1 1
260.1 0.1 1
261.95 0.1 1
263.91 0.1 1
265.98 0.1 1
269.88 0.1 1
273.97 0.1 1
275.97 0.1 1
279.77 0.1 1
285.84 0.1 1
289.86 0.1 1
295.71 0.1 1
297.79 0.1 1
299.63 0.1 1
301.63 0.1 1
303.68 0.1 1
305.61 0.1 1
307.53 0.1 1
309.62 0.1 1
325.54 0.1 1
327.39 0.1 1
331.52 0.1 1
333.36 0.1 1
337.31 0.1 1
341.39 0.1 1
349.35 0.1 1
355.17 0.1 1
359.18 0.1 1
361.1 0.1 1
363.15 0.1 1
365.12 0.1 1
371.11 0.1 1
375.01 0.1 1
377.07 0.1 1
384.99 0.1 1
392.95 0.1 1
394.98 0.1 1
400.85 0.1 1
402.75 0.1 1
410.79 0.1 1
412.82 0.1 1
414.7 0.1 1
424.71 0.1 1
426.53 0.1 1
438.55 0.1 1
440.4 0.1 1
442.51 0.1 1
446.52 0.1 1
448.43 0.1 1
458.29 0.1 1
462.31 0.1 1
466.26 0.1 1
468.27 0.1 1
474.26 0.1 1
480.26 0.1 1
482.16 0.1 1
484.25 0.1 1
486.08 0.1 1
492.13 0.1 1
494.05 0.1 1
496.12 0.1 1
500.05 0.1 1
503.99 0.1 1
