4.18 0.1 1
6.18 0.1 1
10.18 0.1 1
12.15 0.1 1
18.04 0.1 1
20.15 0.1 1
22.12 0.1 1
23.97 0.1 1
25.92 0.1 1
33.89 0.1 1
35.94 0.1 1
37.92 0.1 1
41.81 0.1 1
45.88 0.1 1
47.86 0.1 1
49.9 0.1 1
51.7 0.1 1
57.7 0.1 1
67.74 0.1 1
69.59 0.1 1
71.7 0.1 1
73.61 0.1 1
77.67 0.1 1
79.67 0.1 1
81.61 0.1 1
85.56 0.1 1
87.54 0.1 1
89.43 0.1 1
91.46 0.1 1
95.45 0.1 1
107.42 0.1 1
121.22 0.1 1
125.29 0.1 1
127.17 0.1 1
131.16 0.1 1
133.04 0.1 1
135.19 0.1 1
137.18 0.1 1
139.04 0.1 1
145.05 0.1 1
147.01 0.1 1
151.03 0.1 1
152.98 0.1 1
155.05 0.1 1
162.84 0.1 1
166.77 0.1 1
168.86 0.1 1
170.79 0.1 1
172.77 0.1 1
176.89 0.1 1
182.81 0.1 1
184.79 0.1 1
190.58 0.1 1
194.66 0.1 1
198.55 0.1 1
202.6 0.1 1
208.59 0.1 1
214.57 0.1 1
218.54 0.1 1
224.31 0.1 1
228.44 0.1 1
238.26 0.1 1
244.25 0.1 1
246.22 0.1 1
250.19 0.1 1
258.15 0.1 1
260.06 0.1 1
262.14 0.1 1
264.01 0.1 1
266.12 0.1 1
269.91 0.1 1
273.96 0.1 1
275.98 0.1 1
280 0.1 1
285.96 0.1 1
289.92 0.1 1
295.72 0.1 1
297.82 0.1 1
299.69 0.1 1
301.79 0.1 1
303.67 0.1 1
305.81 0.1 1
307.64 0.1 1
309.67 0.1 1
325.51 0.1 1
327.5 0.1 1
331.5 0.1 1
333.38 0.1 1
337.42 0.1 1
341.44 0.1 1
349.29 0.1 1
355.32 0.1 1
359.21 0.1 1
361.32 0.1 1
363.31 0.1 1
365.23 0.1 1
371.19 0.1 1
375.1 0.1 1
377.18 0.1 1
385.1 0.1 1
393.09 0.1 1
394.95 0.1 1
400.82 0.1 1
402.81 0.1 1
410.86 0.1 1
412.86 0.1 1
414.86 0.1 1
424.73 0.1 1
426.73 0.1 1
438.57 0.1 1
440.52 0.1 1
442.54 0.1 1
446.51 0.1 1
448.52 0.1 1
458.36 0.1 1
462.36 0.1 1
466.48 0.1 1
468.41 0.1 1
474.42 0.1 1
480.35 0.1 1
482.34 0.1 1
484.15 0.1 1
486.22 0.1 1
492.16 0.1 1
494.19 0.1 1
496.11 0.1 1
500.06 0.1 1
504.14 0.1 1
