4.15 0.1 1
6.15 0.1 1
10.1 0.1 1
12.2 0.1 1
18.11 0.1 1
19.97 0.1 1
22.07 0.1 1
24.06 0.1 1
25.91 0.1 1
33.88 0.1 1
35.98 0.1 1
38 0.1 1
41.8 0.1 1
45.88 0.1 1
47.83 0.1 1
49.77 0.1 1
51.84 0.1 1
57.82 0.1 1
67.61 0.1 1
69.58 0.1 1
71.67 0.1 1
73.63 0.1 1
77.69 0.1 1
79.48 0.1 1
81.46 0.1 1
85.43 0.1 1
87.48 0.1 1
89.56 0.1 1
91.58 0.1 1
95.55 0.1 1
107.44 0.1 1
121.21 0.1 1
125.21 0.1 1
127.16 0.1 1
131.18 0.1 1
133.11 0.1 1
135.13 0.1 1
137.13 0.1 1
139.08 0.1 1
145.13 0.1 1
147.02 0.1 1
150.97 0.1 1
153 0.1 1
155 0.1 1
162.96 0.1 1
166.79 0.1 1
168.79 0.1 1
170.93 0.1 1
172.78 0.1 1
176.68 0.1 1
182.65 0.1 1
184.7 0.1 1
190.77 0.1 1
194.72 0.1 1
198.6 0.1 1
202.61 0.1 1
208.57 0.1 1
214.39 0.1 1
218.46 0.1 1
224.4 0.1 1
228.41 0.1 1
238.22 0.1 1
244.29 0.1 1
246.25 0.1 1
250.24 0.1 1
258.11 0.1 1
260.01 0.1 1
262.01 0.1 1
264.16 0.1 1
266 0.1 1
270.08 0.1 1
274.06 0.1 1
275.9 0.1 1
279.88 0.1 1
286 0.1 1
289.77 0.1 1
295.81 0.1 1
297.82 0.1 1
299.74 0.1 1
301.84 0.1 1
303.74 0.1 1
305.73 0.1 1
307.76 0.1 1
309.68 0.1 1
325.5 0.1 1
327.6 0.1 1
331.47 0.1 1
333.49 0.1 1
337.55 0.1 1
341.54 0.1 1
349.39 0.1 1
355.26 0.1 1
359.3 0.1 1
361.4 0.1 1
363.25 0.1 1
365.28 0.1 1
371.22 0.1 1
375.12 0.1 1
377.08 0.1 1
385.02 0.1 1
393.14 0.1 1
394.99 0.1 1
400.96 0.1 1
403 0.1 1
410.98 0.1 1
412.8 0.1 1
414.97 0.1 1
424.85 0.1 1
426.87 0.1 1
438.69 0.1 1
440.73 0.1 1
442.71 0.1 1
446.71 0.1 1
448.59 0.1 1
458.45 0.1 1
462.43 0.1 1
466.4 0.1 1
468.38 0.1 1
474.4 0.1 1
480.26 0.1 1
482.26 0.1 1
484.34 0.1 1
486.21 0.1 1
492.23 0.1 1
494.24 0.1 1
496.13 0.1 1
500.11 0.1 1
504.13 0.1 1
