4.23 0.1 1
6.18 0.1 1
10.16 0.1 1
12.13 0.1 1
18 0.1 1
19.97 0.1 1
21.98 0.1 1
24.1 0.1 1
26 0.1 1
34 0.1 1
35.85 0.1 1
37.86 0.1 1
41.84 0.1 1
45.83 0.1 1
47.76 0.1 1
49.88 0.1 1
51.89 0.1 1
57.78 0.1 1
67.65 0.1 1
69.75 0.1 1
71.64 0.1 1
73.53 0.1 1
77.52 0.1 1
79.55 0.1 1
81.47 0.1 1
85.52 0.1 1
87.42 0.1 1
89.44 0.1 1
91.41 0.1 1
95.41 0.1 1
107.23 0.1 1
121.27 0.1 1
125.25 0.1 1
127.25 0.1 1
131.06 0.1 1
133.09 0.1 1
135.04 0.1 1
137.07 0.1 1
139.09 0.1 1
145.08 0.1 1
147.05 0.1 1
150.93 0.1 1
152.97 0.1 1
155.03 0.1 1
162.97 0.1 1
166.74 0.1 1
168.89 0.1 1
170.7 0.1 1
172.77 0.1 1
176.79 0.1 1
182.68 0.1 1
184.66 0.1 1
190.54 0.1 1
194.71 0.1 1
198.55 0.1 1
202.52 0.1 1
208.42 0.1 1
214.4 0.1 1
218.39 0.1 1
224.44 0.1 1
228.36 0.1 1
238.3 0.1 1
244.13 0.1 1
246.27 0.1 1
250.2 0.1 1
258.02 0.1 1
260.14 0.1 1
262.07 0.1 1
263.94 0.1 1
266.12 0.1 1
269.97 0.1 1
273.93 0.1 1
275.98 0.1 1
279.8 0.1 1
285.88 0.1 1
289.9 0.1 1
295.77 0.1 1
297.75 0.1 1
299.67 0.1 1
301.67 0.1 1
303.75 0.1 1
305.67 0.1 1
307.69 0.1 1
309.57 0.1 1
325.63 0.1 1
327.56 0.1 1
331.43 0.1 1
333.43 0.1 1
337.47 0.1 1
341.3 0.1 1
349.25 0.1 1
355.19 0.1 1
359.21 0.1 1
361.27 0.1 1
363.12 0.1 1
365.18 0.1 1
371.18 0.1 1
375 0.1 1
377.11 0.1 1
384.92 0.1 1
392.92 0.1 1
394.9 0.1 1
400.97 0.1 1
402.81 0.1 1
410.88 0.1 1
412.88 0.1 1
414.83 0.1 1
424.71 0.1 1
426.68 0.1 1
438.65 0.1 1
440.65 0.1 1
442.5 0.1 1
446.52 0.1 1
448.49 0.1 1
458.33 0.1 1
462.43 0.1 1
466.41 0.1 1
468.3 0.1 1
474.28 0.1 1
480.15 0.1 1
482.25 0.1 1
484.29 0.1 1
486.14 0.1 1
492.06 0.1 1
494.04 0.1 1
496.14 0.1 1
500.06 0.1 1
504.01 0.1 1
