4.18 0.1 1
6.1 0.1 1
10.05 0.1 1
12.08 0.1 1
18.12 0.1 1
20.04 0.1 1
22.04 0.1 1
24.05 0.1 1
25.92 0.1 1
33.99 0.1 1
36.01 0.1 1
37.86 0.1 1
41.8 0.1 1
45.81 0.1 1
47.86 0.1 1
49.78 0.1 1
51.75 0.1 1
57.65 0.1 1
67.69 0.1 1
69.74 0.1 1
71.66 0.1 1
73.72 0.1 1
77.58 0.1 1
79.61 0.1 1
81.64 0.1 1
85.53 0.1 1
87.48 0.1 1
89.46 0.1 1
91.5 0.1 1
95.4 0.1 1
107.37 0.1 1
121.17 0.1 1
125.28 0.1 1
127.16 0.1 1
131.04 0.1 1
133.04 0.1 1
135.16 0.1 1
137.01 0.1 1
139.15 0.1 1
145.07 0.1 1
147.12 0.1 1
150.92 0.1 1
153.07 0.1 1
154.89 0.1 1
162.89 0.1 1
166.77 0.1 1
168.88 0.1 1
170.76 0.1 1
172.73 0.1 1
176.86 0.1 1
182.66 0.1 1
184.71 0.1 1
190.65 0.1 1
194.63 0.1 1
198.6 0.1 1
202.49 0.1 1
208.44 0.1 1
214.53 0.1 1
218.41 0.1 1
224.41 0.1 1
228.28 0.1 1
238.38 0.1 1
244.14 0.1 1
246.27 0.1 1
250.25 0.1 1
258.06 0.1 1
260.09 0.1 1
262.13 0.1 1
263.96 0.1 1
265.98 0.1 1
269.96 0.1 1
273.88 0.1 1
276.05 0.1 1
279.83 0.1 1
285.95 0.1 1
289.87 0.1 1
295.72 0.1 1
297.76 0.1 1
299.69 0.1 1
301.77 0.1 1
303.74 0.1 1
305.71 0.1 1
307.76 0.1 1
309.68 0.1 1
325.6 0.1 1
327.43 0.1 1
331.5 0.1 1
333.5 0.1 1
337.37 0.1 1
341.42 0.1 1
349.26 0.1 1
355.26 0.1 1
359.35 0.1 1
361.33 0.1 1
363.33 0.1 1
365.16 0.1 1
371.08 0.1 1
375.12 0.1 1
377.04 0.1 1
385.14 0.1 1
393.02 0.1 1
395.04 0.1 1
400.99 0.1 1
402.81 0.1 1
410.86 0.1 1
412.92 0.1 1
414.75 0.1 1
424.65 0.1 1
426.82 0.1 1
438.64 0.1 1
440.51 0.1 1
442.61 0.1 1
446.46 0.1 1
448.5 0.1 1
458.37 0.1 1
462.45 0.1 1
466.38 0.1 1
468.4 0.1 1
474.3 0.1 1
480.37 0.1 1
482.27 0.1 1
484.21 0.1 1
486.18 0.1 1
492.14 0.1 1
494.18 0.1 1
496.06 0.1 1
500.18 0.1 1
504.15 0.1 1
