4.24 0.1 1
6.24 0.1 1
10.15 0.1 1
12.15 0.1 1
18.09 0.1 1
20.14 0.1 1
21.98 0.1 1
24.13 0.1 1
26.04 0.1 1
33.96 0.1 1
36 0.1 1
37.95 0.1 1
41.98 0.1 1
45.93 0.1 1
47.87 0.1 1
49.73 0.1 1
51.72 0.1 1
57.85 0.1 1
67.58 0.1 1
69.56 0.1 1
71.54 0.1 1
73.53 0.1 1
77.65 0.1 1
79.61 0.1 1
81.56 0.1 1
85.45 0.1 1
87.48 0.1 1
89.57 0.1 1
91.52 0.1 1
95.42 0.1 1
107.44 0.1 1
121.28 0.1 1
125.13 0.1 1
127.21 0.1 1
131.25 0.1 1
133.2 0.1 1
135.2 0.1 1
137.08 0.1 1
139.15 0.1 1
145.14 0.1 1
147.07 0.1 1
150.91 0.1 1
153.07 0.1 1
155.06 0.1 1
162.99 0.1 1
166.83 0.1 1
168.93 0.1 1
170.78 0.1 1
172.91 0.1 1
176.72 0.1 1
182.74 0.1 1
184.77 0.1 1
190.64 0.1 1
194.71 0.1 1
198.54 0.1 1
202.66 0.1 1
208.51 0.1 1
214.51 0.1 1
218.43 0.1 1
224.43 0.1 1
228.38 0.1 1
238.21 0.1 1
244.19 0.1 1
246.31 0.1 1
250.19 0.1 1
258.05 0.1 1
260.13 0.1 1
262.05 0.1 1
264.15 0.1 1
266.1 0.1 1
270.13 0.1 1
274.07 0.1 1
275.94 0.1 1
279.99 0.1 1
285.94 0.1 1
289.89 0.1 1
295.93 0.1 1
297.75 0.1 1
299.78 0.1 1
301.75 0.1 1
303.76 0.1 1
305.68 0.1 1
307.65 0.1 1
309.67 0.1 1
325.5 0.1 1
327.59 0.1 1
331.44 0.1 1
333.49 0.1 1
337.56 0.1 1
341.48 0.1 1
349.45 0.1 1
355.35 0.1 1
359.37 0.1 1
361.22 0.1 1
363.29 0.1 1
365.17 0.1 1
371.27 0.1 1
375.17 0.1 1
377.17 0.1 1
385.18 0.1 1
393.03 0.1 1
395.06 0.1 1
400.97 0.1 1
402.92 0.1 1
410.9 0.1 1
412.84 0.1 1
414.95 0.1 1
424.82 0.1 1
426.74 0.1 1
438.6 0.1 1
440.65 0.1 1
442.75 0.1 1
446.65 0.1 1
448.7 0.1 1
458.54 0.1 1
462.59 0.1 1
466.47 0.1 1
468.48 0.1 1
474.31 0.1 1
480.25 0.1 1
482.26 0.1 1
484.25 0.1 1
486.26 0.1 1
492.32 0.1 1
494.29 0.1 1
496.32 0.1 1
500.14 0.1 1
504.11 0.1 1
