4.25 0.1 1
6.1 0.1 1
10.12 0.1 1
12.17 0.1 1
18.09 0.1 1
20.05 0.1 1
22.07 0.1 1
23.97 0.1 1
26.06 0.1 1
33.86 0.1 1
35.83 0.1 1
37.99 0.1 1
41.91 0.1 1
45.83 0.1 1
47.85 0.1 1
49.75 0.1 1
51.78 0.1 1
57.74 0.1 1
67.76 0.1 1
69.66 0.1 1
71.67 0.1 1
73.61 0.1 1
77.68 0.1 1
79.53 0.1 1
81.59 0.1 1
85.53 0.1 1
87.6 0.1 1
89.55 0.1 1
91.4 0.1 1
95.4 0.1 1
107.3 0.1 1
121.19 0.1 1
125.28 0.1 1
127.25 0.1 1
131.11 0.1 1
133.06 0.1 1
135.16 0.1 1
137.15 0.1 1
139.07 0.1 1
145 0.1 1
146.99 0.1 1
151.04 0.1 1
152.99 0.1 1
154.91 0.1 1
162.86 0.1 1
166.96 0.1 1
168.79 0.1 1
170.78 0.1 1
172.9 0.1 1
176.75 0.1 1
182.66 0.1 1
184.63 0.1 1
190.6 0.1 1
194.62 0.1 1
198.7 0.1 1
202.69 0.1 1
208.61 0.1 1
214.53 0.1 1
218.43 0.1 1
224.5 0.1 1
228.45 0.1 1
238.3 0.1 1
244.35 0.1 1
246.34 0.1 1
250.24 0.1 1
258.19 0.1 1
260.19 0.1 1
262.19 0.1 1
264.11 0.1 1
265.98 0.1 1
270.11 0.1 1
274 0.1 1
276.08 0.1 1
279.95 0.1 1
286 0.1 1
289.95 0.1 1
295.82 0.1 1
297.74 0.1 1
299.77 0.1 1
301.84 0.1 1
303.86 0.1 1
305.66 0.1 1
307.73 0.1 1
309.63 0.1 1
325.7 0.1 1
327.49 0.1 1
331.49 0.1 1
333.54 0.1 1
337.54 0.1 1
341.42 0.1 1
349.38 0.1 1
355.38 0.1 1
359.31 0.1 1
361.31 0.1 1
363.37 0.1 1
365.2 0.1 1
371.28 0.1 1
375.15 0.1 1
377.1 0.1 1
385.06 0.1 1
393.11 0.1 1
395.03 0.1 1
401.01 0.1 1
403 0.1 1
410.93 0.1 1
412.82 0.1 1
414.9 0.1 1
424.79 0.1 1
426.72 0.1 1
438.76 0.1 1
440.58 0.1 1
442.74 0.1 1
446.7 0.1 1
448.65 0.1 1
458.52 0.1 1
462.4 0.1 1
466.4 0.1 1
468.52 0.1 1
474.47 0.1 1
480.34 0.1 1
482.41 0.1 1
484.41 0.1 1
486.33 0.1 1
492.3 0.1 1
494.28 0.1 1
496.13 0.1 1
500.23 0.1 1
504.13 0.1 1
