4.28 0.1 1
6.26 0.1 1
10.1 0.1 1
12.05 0.1 1
17.97 0.1 1
20.04 0.1 1
21.97 0.1 1
24.1 0.1 1
25.99 0.1 1
33.97 0.1 1
35.92 0.1 1
37.82 0.1 1
41.79 0.1 1
45.78 0.1 1
47.91 0.1 1
49.78 0.1 1
51.76 0.1 1
57.66 0.1 1
67.58 0.1 1
69.74 0.1 1
71.57 0.1 1
73.52 0.1 1
77.61 0.1 1
79.49 0.1 1
81.54 0.1 1
85.42 0.1 1
87.46 0.1 1
89.58 0.1 1
91.41 0.1 1
95.4 0.1 1
107.43 0.1 1
121.19 0.1 1
125.22 0.1 1
127.16 0.1 1
131.06 0.1 1
133.06 0.1 1
135.19 0.1 1
137.16 0.1 1
138.98 0.1 1
144.91 0.1 1
147.08 0.1 1
150.97 0.1 1
152.98 0.1 1
154.95 0.1 1
162.9 0.1 1
166.92 0.1 1
168.86 0.1 1
170.71 0.1 1
172.79 0.1 1
176.83 0.1 1
182.68 0.1 1
184.63 0.1 1
190.55 0.1 1
194.66 0.1 1
198.52 0.1 1
202.55 0.1 1
208.55 0.1 1
214.41 0.1 1
218.31 0.1 1
224.44 0.1 1
228.34 0.1 1
238.22 0.1 1
244.18 0.1 1
246.13 0.1 1
250.22 0.1 1
258 0.1 1
260.02 0.1 1
262.11 0.1 1
263.92 0.1 1
265.94 0.1 1
269.98 0.1 1
273.88 0.1 1
275.83 0.1 1
279.98 0.1 1
285.92 0.1 1
289.78 0.1 1
295.74 0.1 1
297.72 0.1 1
299.79 0.1 1
301.7 0.1 1
303.69 0.1 1
305.71 0.1 1
307.67 0.1 1
309.62 0.1 1
325.61 0.1 1
327.56 0.1 1
331.53 0.1 1
333.48 0.1 1
337.5 0.1 1
341.4 0.1 1
349.36 0.1 1
355.24 0.1 1
359.26 0.1 1
361.16 0.1 1
363.19 0.1 1
365.19 0.1 1
371.23 0.1 1
375.03 0.1 1
377.05 0.1 1
385.02 0.1 1
392.89 0.1 1
395.01 0.1 1
400.93 0.1 1
402.81 0.1 1
410.75 0.1 1
412.88 0.1 1
414.88 0.1 1
424.65 0.1 1
426.65 0.1 1
438.5 0.1 1
440.59 0.1 1
442.49 0.1 1
446.52 0.1 1
448.44 0.1 1
458.36 0.1 1
462.41 0.1 1
466.43 0.1 1
468.42 0.1 1
474.38 0.1 1
480.19 0.1 1
482.25 0.1 1
484.17 0.1 1
486.16 0.1 1
492.23 0.1 1
494.11 0.1 1
496.13 0.1 1
500.08 0.1 1
504.11 0.1 1
