4.26 0.1 1
6.23 0.1 1
10.1 0.1 1
12.01 0.1 1
18.17 0.1 1
20.15 0.1 1
22.02 0.1 1
23.93 0.1 1
25.99 0.1 1
33.91 0.1 1
35.94 0.1 1
37.99 0.1 1
41.83 0.1 1
45.84 0.1 1
47.88 0.1 1
49.78 0.1 1
51.7 0.1 1
57.83 0.1 1
67.65 0.1 1
69.62 0.1 1
71.62 0.1 1
73.55 0.1 1
77.59 0.1 1
79.62 0.1 1
81.56 0.1 1
85.47 0.1 1
87.54 0.1 1
89.58 0.1 1
91.51 0.1 1
95.46 0.1 1
107.33 0.1 1
121.32 0.1 1
125.24 0.1 1
127.16 0.1 1
131.04 0.1 1
133.16 0.1 1
135.13 0.1 1
137.19 0.1 1
139.01 0.1 1
145.01 0.1 1
146.98 0.1 1
151.05 0.1 1
153 0.1 1
154.83 0.1 1
162.84 0.1 1
166.87 0.1 1
168.87 0.1 1
170.91 0.1 1
172.72 0.1 1
176.86 0.1 1
182.69 0.1 1
184.71 0.1 1
190.65 0.1 1
194.68 0.1 1
198.58 0.1 1
202.5 0.1 1
208.42 0.1 1
214.47 0.1 1
218.44 0.1 1
224.36 0.1 1
228.43 0.1 1
238.18 0.1 1
244.2 0.1 1
246.13 0.1 1
250.07 0.1 1
258.12 0.1 1
260.14 0.1 1
262.17 0.1 1
264.06 0.1 1
266.12 0.1 1
270.01 0.1 1
274.08 0.1 1
276.01 0.1 1
279.88 0.1 1
285.88 0.1 1
289.76 0.1 1
295.78 0.1 1
297.83 0.1 1
299.7 0.1 1
301.69 0.1 1
303.79 0.1 1
305.77 0.1 1
307.77 0.1 1
309.66 0.1 1
325.5 0.1 1
327.5 0.1 1
331.55 0.1 1
333.55 0.1 1
337.35 0.1 1
341.35 0.1 1
349.4 0.1 1
355.39 0.1 1
359.37 0.1 1
361.29 0.1 1
363.14 0.1 1
365.16 0.1 1
371.28 0.1 1
375.05 0.1 1
377.06 0.1 1
385.02 0.1 1
392.97 0.1 1
394.99 0.1 1
400.94 0.1 1
402.87 0.1 1
410.78 0.1 1
412.78 0.1 1
414.78 0.1 1
424.8 0.1 1
426.8 0.1 1
438.74 0.1 1
440.55 0.1 1
442.55 0.1 1
446.59 0.1 1
448.61 0.1 1
458.38 0.1 1
462.41 0.1 1
466.33 0.1 1
468.45 0.1 1
474.42 0.1 1
480.25 0.1 1
482.3 0.1 1
484.35 0.1 1
486.29 0.1 1
492.26 0.1 1
494.22 0.1 1
496.21 0.1 1
500.16 0.1 1
504.16 0.1 1
