4.27 0.1 1
6.26 0.1 1
10.19 0.1 1
12.18 0.1 1
18.18 0.1 1
20.09 0.1 1
22.09 0.1 1
24.13 0.1 1
25.93 0.1 1
33.92 0.1 1
35.85 0.1 1
37.9 0.1 1
41.99 0.1 1
45.8 0.1 1
47.84 0.1 1
49.8 0.1 1
51.74 0.1 1
57.74 0.1 1
67.66 0.1 1
69.61 0.1 1
71.68 0.1 1
73.73 0.1 1
77.53 0.1 1
79.53 0.1 1
81.65 0.1 1
85.58 0.1 1
87.57 0.1 1
89.55 0.1 1
91.45 0.1 1
95.5 0.1 1
107.34 0.1 1
121.33 0.1 1
125.13 0.1 1
127.15 0.1 1
131.19 0.1 1
133.12 0.1 1
135.04 0.1 1
137.04 0.1 1
139.04 0.1 1
144.96 0.1 1
147.02 0.1 1
151.07 0.1 1
152.94 0.1 1
155.06 0.1 1
163 0.1 1
166.76 0.1 1
168.81 0.1 1
170.78 0.1 1
172.8 0.1 1
176.75 0.1 1
182.65 0.1 1
184.74 0.1 1
190.77 0.1 1
194.66 0.1 1
198.69 0.1 1
202.66 0.1 1
208.51 0.1 1
214.43 0.1 1
218.48 0.1 1
224.38 0.1 1
228.29 0.1 1
238.26 0.1 1
244.16 0.1 1
246.14 0.1 1
250.13 0.1 1
258.1 0.1 1
260.13 0.1 1
262.18 0.1 1
264.1 0.1 1
265.97 0.1 1
270.1 0.1 1
274.02 0.1 1
275.89 0.1 1
279.87 0.1 1
285.94 0.1 1
289.84 0.1 1
295.91 0.1 1
297.73 0.1 1
299.71 0.1 1
301.83 0.1 1
303.83 0.1 1
305.8 0.1 1
307.75 0.1 1
309.6 0.1 1
325.54 0.1 1
327.47 0.1 1
331.54 0.1 1
333.52 0.1 1
337.39 0.1 1
341.43 0.1 1
349.36 0.1 1
355.33 0.1 1
359.38 0.1 1
361.22 0.1 1
363.32 0.1 1
365.35 0.1 1
371.19 0.1 1
375.12 0.1 1
377.26 0.1 1
385.16 0.1 1
392.95 0.1 1
394.96 0.1 1
400.93 0.1 1
402.85 0.1 1
410.85 0.1 1
412.92 0.1 1
414.9 0.1 1
424.76 0.1 1
426.76 0.1 1
438.7 0.1 1
440.71 0.1 1
442.55 0.1 1
446.6 0.1 1
448.5 0.1 1
458.54 0.1 1
462.39 0.1 1
466.41 0.1 1
468.47 0.1 1
474.43 0.1 1
480.26 0.1 1
482.41 0.1 1
484.23 0.1 1
486.3 0.1 1
492.2 0.1 1
494.13 0.1 1
496.15 0.1 1
500.22 0.1 1
504.22 0.1 1
