4.2 0.1 1
6.08 0.1 1
10.16 0.1 1
12.01 0.1 1
18.13 0.1 1
20 0.1 1
22.09 0.1 1
23.98 0.1 1
26.09 0.1 1
33.89 0.1 1
35.99 0.1 1
37.92 0.1 1
41.94 0.1 1
45.84 0.1 1
47.91 0.1 1
49.73 0.1 1
51.73 0.1 1
57.78 0.1 1
67.7 0.1 1
69.69 0.1 1
71.57 0.1 1
73.59 0.1 1
77.59 0.1 1
79.66 0.1 1
81.51 0.1 1
85.52 0.1 1
87.41 0.1 1
89.58 0.1 1
91.39 0.1 1
95.36 0.1 1
107.35 0.1 1
121.25 0.1 1
125.29 0.1 1
127.2 0.1 1
131.09 0.1 1
133.22 0.1 1
135.18 0.1 1
137.03 0.1 1
139.01 0.1 1
145.06 0.1 1
147.03 0.1 1
151.03 0.1 1
152.98 0.1 1
154.97 0.1 1
162.97 0.1 1
166.87 0.1 1
168.8 0.1 1
170.74 0.1 1
172.82 0.1 1
176.72 0.1 1
182.78 0.1 1
184.76 0.1 1
190.69 0.1 1
194.7 0.1 1
198.53 0.1 1
202.55 0.1 1
208.53 0.1 1
214.54 0.1 1
218.41 0.1 1
224.31 0.1 1
228.31 0.1 1
238.19 0.1 1
244.25 0.1 1
246.2 0.1 1
250.25 0.1 1
258.2 0.1 1
260.09 0.1 1
262.07 0.1 1
264.04 0.1 1
266.12 0.1 1
270.06 0.1 1
273.99 0.1 1
276.02 0.1 1
279.91 0.1 1
285.91 0.1 1
289.83 0.1 1
295.77 0.1 1
297.7 0.1 1
299.85 0.1 1
301.77 0.1 1
303.69 0.1 1
305.79 0.1 1
307.72 0.1 1
309.79 0.1 1
325.54 0.1 1
327.53 0.1 1
331.53 0.1 1
333.5 0.1 1
337.5 0.1 1
341.51 0.1 1
349.3 0.1 1
355.42 0.1 1
359.36 0.1 1
361.37 0.1 1
363.16 0.1 1
365.31 0.1 1
371.21 0.1 1
375.19 0.1 1
377.06 0.1 1
385.11 0.1 1
393.1 0.1 1
395.07 0.1 1
400.84 0.1 1
402.99 0.1 1
410.92 0.1 1
412.92 0.1 1
414.76 0.1 1
424.76 0.1 1
426.65 0.1 1
438.57 0.1 1
440.67 0.1 1
442.6 0.1 1
446.47 0.1 1
448.64 0.1 1
458.47 0.1 1
462.54 0.1 1
466.44 0.1 1
468.43 0.1 1
474.31 0.1 1
480.21 0.1 1
482.25 0.1 1
484.3 0.1 1
486.33 0.1 1
492.12 0.1 1
494.1 0.1 1
496.09 0.1 1
500.11 0.1 1
504.11 0.1 1
