4.15 0.1 1
6.18 0.1 1
10.24 0.1 1
12.04 0.1 1
18.17 0.1 1
20.07 0.1 1
22.14 0.1 1
24.02 0.1 1
26.11 0.1 1
33.96 0.1 1
36.03 0.1 1
37.83 0.1 1
41.88 0.1 1
45.88 0.1 1
47.8 0.1 1
49.75 0.1 1
51.72 0.1 1
57.8 0.1 1
67.74 0.1 1
69.61 0.1 1
71.67 0.1 1
73.62 0.1 1
77.53 0.1 1
79.61 0.1 1
81.58 0.1 1
85.53 0.1 1
87.53 0.1 1
89.41 0.1 1
91.55 0.1 1
95.48 0.1 1
107.27 0.1 1
121.28 0.1 1
125.14 0.1 1
127.09 0.1 1
131.06 0.1 1
133.11 0.1 1
135.16 0.1 1
137.03 0.1 1
138.98 0.1 1
145.05 0.1 1
146.95 0.1 1
151.07 0.1 1
152.87 0.1 1
154.87 0.1 1
162.89 0.1 1
166.94 0.1 1
168.88 0.1 1
170.84 0.1 1
172.78 0.1 1
176.71 0.1 1
182.66 0.1 1
184.7 0.1 1
190.58 0.1 1
194.59 0.1 1
198.54 0.1 1
202.62 0.1 1
208.51 0.1 1
214.38 0.1 1
218.31 0.1 1
224.34 0.1 1
228.35 0.1 1
238.2 0.1 1
244.15 0.1 1
246.24 0.1 1
250.16 0.1 1
258.11 0.1 1
260.07 0.1 1
261.96 0.1 1
263.98 0.1 1
266.11 0.1 1
270.06 0.1 1
273.88 0.1 1
275.95 0.1 1
280.01 0.1 1
285.78 0.1 1
289.87 0.1 1
295.75 0.1 1
297.84 0.1 1
299.74 0.1 1
301.81 0.1 1
303.67 0.1 1
305.71 0.1 1
307.59 0.1 1
309.64 0.1 1
325.62 0.1 1
327.53 0.1 1
331.45 0.1 1
333.53 0.1 1
337.49 0.1 1
341.32 0.1 1
349.34 0.1 1
355.27 0.1 1
359.21 0.1 1
361.26 0.1 1
363.3 0.1 1
365.23 0.1 1
371.16 0.1 1
375.1 0.1 1
377.13 0.1 1
385.05 0.1 1
393.09 0.1 1
394.94 0.1 1
400.91 0.1 1
402.91 0.1 1
410.94 0.1 1
412.83 0.1 1
414.78 0.1 1
424.83 0.1 1
426.63 0.1 1
438.72 0.1 1
440.54 0.1 1
442.59 0.1 1
446.64 0.1 1
448.61 0.1 1
458.51 0.1 1
462.35 0.1 1
466.46 0.1 1
468.32 0.1 1
474.42 0.1 1
480.4 0.1 1
482.35 0.1 1
484.31 0.1 1
486.22 0.1 1
492.21 0.1 1
494.11 0.1 1
496.14 0.1 1
500.08 0.1 1
504.03 0.1 1
