4.22 0.1 1
6.08 0.1 1
10.1 0.1 1
12.09 0.1 1
18.1 0.1 1
20.02 0.1 1
22.04 0.1 1
23.96 0.1 1
25.94 0.1 1
33.88 0.1 1
36.01 0.1 1
37.88 0.1 1
41.86 0.1 1
45.85 0.1 1
47.82 0.1 1
49.85 0.1 1
51.88 0.1 1
57.65 0.1 1
67.64 0.1 1
69.72 0.1 1
71.54 0.1 1
73.64 0.1 1
77.66 0.1 1
79.54 0.1 1
81.63 0.1 1
85.6 0.1 1
87.53 0.1 1
89.58 0.1 1
91.48 0.1 1
95.38 0.1 1
107.25 0.1 1
121.26 0.1 1
125.28 0.1 1
127.11 0.1 1
131.23 0.1 1
133.03 0.1 1
135.18 0.1 1
137.08 0.1 1
139.05 0.1 1
145.02 0.1 1
147 0.1 1
150.92 0.1 1
152.96 0.1 1
154.92 0.1 1
162.84 0.1 1
166.86 0.1 1
168.83 0.1 1
170.83 0.1 1
172.86 0.1 1
176.78 0.1 1
182.75 0.1 1
184.62 0.1 1
190.57 0.1 1
194.62 0.1 1
198.67 0.1 1
202.51 0.1 1
208.46 0.1 1
214.51 0.1 1
218.31 0.1 1
224.35 0.1 1
228.33 0.1 1
238.21 0.1 1
244.14 0.1 1
246.22 0.1 1
250.16 0.1 1
258.01 0.1 1
259.98 0.1 1
262.03 0.1 1
263.98 0.1 1
265.92 0.1 1
270.03 0.1 1
274.04 0.1 1
275.82 0.1 1
279.95 0.1 1
285.89 0.1 1
289.88 0.1 1
295.66 0.1 1
297.68 0.1 1
299.61 0.1 1
301.7 0.1 1
303.71 0.1 1
305.75 0.1 1
307.7 0.1 1
309.68 0.1 1
325.57 0.1 1
327.39 0.1 1
331.49 0.1 1
333.48 0.1 1
337.46 0.1 1
341.29 0.1 1
349.26 0.1 1
355.22 0.1 1
359.18 0.1 1
361.13 0.1 1
363.22 0.1 1
365.09 0.1 1
371.14 0.1 1
375.17 0.1 1
377.11 0.1 1
384.93 0.1 1
392.91 0.1 1
394.93 0.1 1
400.8 0.1 1
402.78 0.1 1
410.69 0.1 1
412.86 0.1 1
414.72 0.1 1
424.69 0.1 1
426.58 0.1 1
438.67 0.1 1
440.46 0.1 1
442.63 0.1 1
446.4 0.1 1
448.52 0.1 1
458.41 0.1 1
462.36 0.1 1
466.39 0.1 1
468.39 0.1 1
474.21 0.1 1
480.33 0.1 1
482.12 0.1 1
484.17 0.1 1
486.2 0.1 1
492.05 0.1 1
494.14 0.1 1
496.15 0.1 1
499.99 0.1 1
504.07 0.1 1
