4.14 0.1 1
6.22 0.1 1
10.04 0.1 1
12.11 0.1 1
18.11 0.1 1
20.14 0.1 1
21.99 0.1 1
24.04 0.1 1
26.03 0.1 1
33.98 0.1 1
36.03 0.1 1
37.88 0.1 1
41.83 0.1 1
45.94 0.1 1
47.94 0.1 1
49.84 0.1 1
51.77 0.1 1
57.86 0.1 1
67.71 0.1 1
69.66 0.1 1
71.61 0.1 1
73.61 0.1 1
77.5 0.1 1
79.58 0.1 1
81.55 0.1 1
85.53 0.1 1
87.6 0.1 1
89.43 0.1 1
91.53 0.1 1
95.45 0.1 1
107.29 0.1 1
121.35 0.1 1
125.26 0.1 1
127.23 0.1 1
131.12 0.1 1
133.18 0.1 1
135.15 0.1 1
137.09 0.1 1
139.07 0.1 1
145.02 0.1 1
147.12 0.1 1
151.06 0.1 1
152.99 0.1 1
154.86 0.1 1
162.94 0.1 1
166.78 0.1 1
168.91 0.1 1
170.71 0.1 1
172.86 0.1 1
176.75 0.1 1
182.74 0.1 1
184.65 0.1 1
190.64 0.1 1
194.56 0.1 1
198.57 0.1 1
202.59 0.1 1
208.54 0.1 1
214.51 0.1 1
218.53 0.1 1
224.33 0.1 1
228.28 0.1 1
238.25 0.1 1
244.17 0.1 1
246.29 0.1 1
250.14 0.1 1
258.11 0.1 1
260.2 0.1 1
262.08 0.1 1
264.15 0.1 1
266.1 0.1 1
270.03 0.1 1
274.07 0.1 1
275.97 0.1 1
279.9 0.1 1
285.94 0.1 1
289.79 0.1 1
295.73 0.1 1
297.71 0.1 1
299.84 0.1 1
301.81 0.1 1
303.83 0.1 1
305.81 0.1 1
307.7 0.1 1
309.78 0.1 1
325.57 0.1 1
327.5 0.1 1
331.61 0.1 1
333.49 0.1 1
337.56 0.1 1
341.54 0.1 1
349.33 0.1 1
355.36 0.1 1
359.33 0.1 1
361.2 0.1 1
363.33 0.1 1
365.25 0.1 1
371.24 0.1 1
375.2 0.1 1
377.24 0.1 1
385.04 0.1 1
393.01 0.1 1
395.11 0.1 1
400.95 0.1 1
402.95 0.1 1
410.85 0.1 1
412.97 0.1 1
414.75 0.1 1
424.77 0.1 1
426.69 0.1 1
438.69 0.1 1
440.64 0.1 1
442.56 0.1 1
446.5 0.1 1
448.63 0.1 1
458.52 0.1 1
462.39 0.1 1
466.35 0.1 1
468.5 0.1 1
474.44 0.1 1
480.39 0.1 1
482.21 0.1 1
484.21 0.1 1
486.33 0.1 1
492.3 0.1 1
494.18 0.1 1
496.26 0.1 1
500.17 0.1 1
504.22 0.1 1
