4.18 0.1 1
6.23 0.1 1
10.19 0.1 1
11.99 0.1 1
17.96 0.1 1
19.86 0.1 1
21.9 0.1 1
23.98 0.1 1
25.87 0.1 1
33.74 0.1 1
35.78 0.1 1
37.83 0.1 1
41.79 0.1 1
45.61 0.1 1
47.58 0.1 1
49.48 0.1 1
51.6 0.1 1
57.47 0.1 1
67.3 0.1 1
69.31 0.1 1
71.4 0.1 1
73.37 0.1 1
77.27 0.1 1
79.29 0.1 1
81.11 0.1 1
85.08 0.1 1
87.08 0.1 1
89.1 0.1 1
91.12 0.1 1
94.97 0.1 1
106.83 0.1 1
120.78 0.1 1
124.72 0.1 1
126.64 0.1 1
130.69 0.1 1
132.54 0.1 1
134.53 0.1 1
136.6 0.1 1
138.55 0.1 1
144.42 0.1 1
146.36 0.1 1
150.33 0.1 1
152.26 0.1 1
154.28 0.1 1
162.36 0.1 1
166.24 0.1 1
168.08 0.1 1
170.08 0.1 1
172.08 0.1 1
176.1 0.1 1
181.93 0.1 1
183.96 0.1 1
189.94 0.1 1
193.97 0.1 1
197.88 0.1 1
201.7 0.1 1
207.62 0.1 1
213.64 0.1 1
217.7 0.1 1
223.55 0.1 1
227.47 0.1 1
237.4 0.1 1
243.25 0.1 1
245.22 0.1 1
249.26 0.1 1
257.2 0.1 1
259.15 0.1 1
261.06 0.1 1
263.21 0.1 1
265.09 0.1 1
268.95 0.1 1
272.94 0.1 1
275 0.1 1
278.81 0.1 1
284.75 0.1 1
288.8 0.1 1
294.71 0.1 1
296.68 0.1 1
298.66 0.1 1
300.66 0.1 1
302.71 0.1 1
304.5 0.1 1
306.55 0.1 1
308.55 0.1 1
324.49 0.1 1
326.29 0.1 1
330.34 0.1 1
332.26 0.1 1
336.17 0.1 1
340.19 0.1 1
348.09 0.1 1
354.02 0.1 1
358.1 0.1 1
359.87 0.1 1
361.84 0.1 1
363.88 0.1 1
369.75 0.1 1
373.75 0.1 1
375.69 0.1 1
383.68 0.1 1
391.72 0.1 1
393.56 0.1 1
399.63 0.1 1
401.51 0.1 1
409.5 0.1 1
411.37 0.1 1
413.26 0.1 1
423.22 0.1 1
425.24 0.1 1
437.17 0.1 1
439.19 0.1 1
441.07 0.1 1
445.09 0.1 1
446.96 0.1 1
457 0.1 1
460.94 0.1 1
464.73 0.1 1
466.71 0.1 1
472.67 0.1 1
478.64 0.1 1
480.64 0.1 1
482.66 0.1 1
484.55 0.1 1
490.45 0.1 1
492.39 0.1 1
494.41 0.1 1
498.29 0.1 1
502.3 0.1 1
