4.2 0.1 1
6.13 0.1 1
10.07 0.1 1
12.1 0.1 1
18.14 0.1 1
20.09 0.1 1
22.02 0.1 1
23.94 0.1 1
25.96 0.1 1
34.01 0.1 1
35.93 0.1 1
37.81 0.1 1
41.98 0.1 1
45.93 0.1 1
47.88 0.1 1
49.82 0.1 1
51.88 0.1 1
57.67 0.1 1
67.59 0.1 1
69.57 0.1 1
71.69 0.1 1
73.68 0.1 1
77.68 0.1 1
79.49 0.1 1
81.46 0.1 1
85.55 0.1 1
87.51 0.1 1
89.5 0.1 1
91.56 0.1 1
95.42 0.1 1
107.42 0.1 1
121.31 0.1 1
125.29 0.1 1
127.28 0.1 1
131.2 0.1 1
133.05 0.1 1
135.13 0.1 1
137.22 0.1 1
139.12 0.1 1
145.13 0.1 1
146.99 0.1 1
151 0.1 1
152.94 0.1 1
155.06 0.1 1
162.84 0.1 1
166.78 0.1 1
168.76 0.1 1
170.89 0.1 1
172.76 0.1 1
176.86 0.1 1
182.78 0.1 1
184.72 0.1 1
190.74 0.1 1
194.69 0.1 1
198.52 0.1 1
202.6 0.1 1
208.57 0.1 1
214.53 0.1 1
218.36 0.1 1
224.43 0.1 1
228.35 0.1 1
238.34 0.1 1
244.2 0.1 1
246.27 0.1 1
250.14 0.1 1
258.18 0.1 1
260.08 0.1 1
262.18 0.1 1
264.09 0.1 1
266.06 0.1 1
270.1 0.1 1
274.1 0.1 1
276.01 0.1 1
279.85 0.1 1
285.87 0.1 1
289.92 0.1 1
295.81 0.1 1
297.89 0.1 1
299.87 0.1 1
301.82 0.1 1
303.82 0.1 1
305.68 0.1 1
307.81 0.1 1
309.66 0.1 1
325.5 0.1 1
327.53 0.1 1
331.57 0.1 1
333.6 0.1 1
337.42 0.1 1
341.42 0.1 1
349.31 0.1 1
355.43 0.1 1
359.36 0.1 1
361.36 0.1 1
363.31 0.1 1
365.33 0.1 1
371.22 0.1 1
375.22 0.1 1
377.2 0.1 1
385.04 0.1 1
393.06 0.1 1
394.99 0.1 1
401.03 0.1 1
402.96 0.1 1
410.93 0.1 1
412.87 0.1 1
414.93 0.1 1
424.77 0.1 1
426.67 0.1 1
438.64 0.1 1
440.62 0.1 1
442.69 0.1 1
446.66 0.1 1
448.54 0.1 1
458.45 0.1 1
462.35 0.1 1
466.38 0.1 1
468.45 0.1 1
474.39 0.1 1
480.27 0.1 1
482.26 0.1 1
484.34 0.1 1
486.31 0.1 1
492.28 0.1 1
494.21 0.1 1
496.25 0.1 1
500.03 0.1 1
504.16 0.1 1
