4.17 0.1 1
6.25 0.1 1
10.23 0.1 1
12.03 0.1 1
18.07 0.1 1
20.04 0.1 1
22.09 0.1 1
24.09 0.1 1
25.97 0.1 1
34.04 0.1 1
35.84 0.1 1
37.84 0.1 1
41.96 0.1 1
45.78 0.1 1
47.8 0.1 1
49.91 0.1 1
51.88 0.1 1
57.75 0.1 1
67.77 0.1 1
69.74 0.1 1
71.59 0.1 1
73.59 0.1 1
77.59 0.1 1
79.61 0.1 1
81.46 0.1 1
85.58 0.1 1
87.46 0.1 1
89.46 0.1 1
91.4 0.1 1
95.35 0.1 1
107.37 0.1 1
121.31 0.1 1
125.14 0.1 1
127.21 0.1 1
131.04 0.1 1
133.21 0.1 1
135.1 0.1 1
137.1 0.1 1
139.1 0.1 1
145.03 0.1 1
147 0.1 1
150.92 0.1 1
152.94 0.1 1
154.84 0.1 1
162.91 0.1 1
166.82 0.1 1
168.86 0.1 1
170.69 0.1 1
172.79 0.1 1
176.74 0.1 1
182.65 0.1 1
184.58 0.1 1
190.68 0.1 1
194.47 0.1 1
198.5 0.1 1
202.47 0.1 1
208.52 0.1 1
214.49 0.1 1
218.29 0.1 1
224.38 0.1 1
228.31 0.1 1
238.1 0.1 1
244.1 0.1 1
246.02 0.1 1
250.19 0.1 1
258.04 0.1 1
260.07 0.1 1
261.96 0.1 1
263.89 0.1 1
266.03 0.1 1
269.86 0.1 1
273.98 0.1 1
275.85 0.1 1
279.93 0.1 1
285.88 0.1 1
289.67 0.1 1
295.74 0.1 1
297.72 0.1 1
299.7 0.1 1
301.66 0.1 1
303.57 0.1 1
305.72 0.1 1
307.57 0.1 1
309.64 0.1 1
325.55 0.1 1
327.57 0.1 1
331.48 0.1 1
333.33 0.1 1
337.45 0.1 1
341.29 0.1 1
349.19 0.1 1
355.28 0.1 1
359.13 0.1 1
361.14 0.1 1
363.28 0.1 1
365.2 0.1 1
371.12 0.1 1
375.15 0.1 1
376.97 0.1 1
385.04 0.1 1
392.87 0.1 1
394.92 0.1 1
400.78 0.1 1
402.84 0.1 1
410.76 0.1 1
412.85 0.1 1
414.71 0.1 1
424.67 0.1 1
426.69 0.1 1
438.57 0.1 1
440.54 0.1 1
442.62 0.1 1
446.53 0.1 1
448.59 0.1 1
458.43 0.1 1
462.48 0.1 1
466.42 0.1 1
468.38 0.1 1
474.2 0.1 1
480.27 0.1 1
482.14 0.1 1
484.12 0.1 1
486.19 0.1 1
492.09 0.1 1
494.23 0.1 1
496.09 0.1 1
500.18 0.1 1
503.95 0.1 1
