4.17 0.1 1
6.11 0.1 1
10.24 0.1 1
12.14 0.1 1
18.11 0.1 1
20.08 0.1 1
22.13 0.1 1
24.06 0.1 1
26.01 0.1 1
33.9 0.1 1
36.03 0.1 1
38 0.1 1
41.82 0.1 1
45.85 0.1 1
47.8 0.1 1
49.89 0.1 1
51.76 0.1 1
57.73 0.1 1
67.58 0.1 1
69.58 0.1 1
71.71 0.1 1
73.73 0.1 1
77.62 0.1 1
79.5 0.1 1
81.53 0.1 1
85.49 0.1 1
87.49 0.1 1
89.52 0.1 1
91.42 0.1 1
95.39 0.1 1
107.43 0.1 1
121.2 0.1 1
125.18 0.1 1
127.22 0.1 1
131.05 0.1 1
133.09 0.1 1
135 0.1 1
137.05 0.1 1
138.97 0.1 1
145.02 0.1 1
146.96 0.1 1
150.99 0.1 1
152.93 0.1 1
154.98 0.1 1
162.78 0.1 1
166.87 0.1 1
168.87 0.1 1
170.9 0.1 1
172.83 0.1 1
176.72 0.1 1
182.64 0.1 1
184.66 0.1 1
190.72 0.1 1
194.69 0.1 1
198.63 0.1 1
202.53 0.1 1
208.55 0.1 1
214.5 0.1 1
218.38 0.1 1
224.47 0.1 1
228.4 0.1 1
238.31 0.1 1
244.11 0.1 1
246.13 0.1 1
250.11 0.1 1
258 0.1 1
260.17 0.1 1
262.12 0.1 1
264.08 0.1 1
266 0.1 1
269.99 0.1 1
274.05 0.1 1
275.94 0.1 1
279.97 0.1 1
285.96 0.1 1
289.79 0.1 1
295.89 0.1 1
297.75 0.1 1
299.76 0.1 1
301.65 0.1 1
303.8 0.1 1
305.81 0.1 1
307.63 0.1 1
309.72 0.1 1
325.57 0.1 1
327.49 0.1 1
331.51 0.1 1
333.48 0.1 1
337.43 0.1 1
341.48 0.1 1
349.38 0.1 1
355.22 0.1 1
359.2 0.1 1
361.37 0.1 1
363.15 0.1 1
365.17 0.1 1
371.14 0.1 1
375.14 0.1 1
377.21 0.1 1
385.14 0.1 1
392.95 0.1 1
395 0.1 1
400.9 0.1 1
402.93 0.1 1
410.82 0.1 1
412.9 0.1 1
414.94 0.1 1
424.86 0.1 1
426.68 0.1 1
438.71 0.1 1
440.66 0.1 1
442.51 0.1 1
446.6 0.1 1
448.58 0.1 1
458.52 0.1 1
462.42 0.1 1
466.51 0.1 1
468.37 0.1 1
474.34 0.1 1
480.36 0.1 1
482.31 0.1 1
484.28 0.1 1
486.25 0.1 1
492.21 0.1 1
494.13 0.1 1
496.1 0.1 1
500.2 0.1 1
504.04 0.1 1
