4.2 0.1 1
6.08 0.1 1
10.2 0.1 1
12.18 0.1 1
18.08 0.1 1
20.15 0.1 1
22.12 0.1 1
24.02 0.1 1
26.04 0.1 1
33.92 0.1 1
35.84 0.1 1
37.86 0.1 1
41.91 0.1 1
45.81 0.1 1
47.88 0.1 1
49.78 0.1 1
51.71 0.1 1
57.71 0.1 1
67.6 0.1 1
69.64 0.1 1
71.62 0.1 1
73.59 0.1 1
77.49 0.1 1
79.59 0.1 1
81.47 0.1 1
85.47 0.1 1
87.51 0.1 1
89.49 0.1 1
91.38 0.1 1
95.33 0.1 1
107.43 0.1 1
121.29 0.1 1
125.27 0.1 1
127.12 0.1 1
131.14 0.1 1
133.04 0.1 1
135.14 0.1 1
137.16 0.1 1
139.14 0.1 1
144.95 0.1 1
146.96 0.1 1
150.88 0.1 1
152.9 0.1 1
154.9 0.1 1
162.87 0.1 1
166.87 0.1 1
168.72 0.1 1
170.79 0.1 1
172.89 0.1 1
176.66 0.1 1
182.79 0.1 1
184.79 0.1 1
190.56 0.1 1
194.68 0.1 1
198.55 0.1 1
202.62 0.1 1
208.45 0.1 1
214.35 0.1 1
218.37 0.1 1
224.38 0.1 1
228.26 0.1 1
238.3 0.1 1
244.1 0.1 1
246.1 0.1 1
250.08 0.1 1
258.15 0.1 1
260 0.1 1
262.14 0.1 1
264.14 0.1 1
265.96 0.1 1
269.91 0.1 1
274.01 0.1 1
275.98 0.1 1
280 0.1 1
285.85 0.1 1
289.88 0.1 1
295.7 0.1 1
297.79 0.1 1
299.7 0.1 1
301.8 0.1 1
303.67 0.1 1
305.75 0.1 1
307.62 0.1 1
309.77 0.1 1
325.58 0.1 1
327.43 0.1 1
331.53 0.1 1
333.5 0.1 1
337.45 0.1 1
341.48 0.1 1
349.45 0.1 1
355.31 0.1 1
359.27 0.1 1
361.24 0.1 1
363.34 0.1 1
365.33 0.1 1
371.23 0.1 1
375.13 0.1 1
377.15 0.1 1
385.17 0.1 1
392.92 0.1 1
394.92 0.1 1
400.99 0.1 1
402.84 0.1 1
410.79 0.1 1
412.91 0.1 1
414.79 0.1 1
424.76 0.1 1
426.76 0.1 1
438.74 0.1 1
440.54 0.1 1
442.69 0.1 1
446.65 0.1 1
448.51 0.1 1
458.58 0.1 1
462.49 0.1 1
466.48 0.1 1
468.38 0.1 1
474.35 0.1 1
480.33 0.1 1
482.35 0.1 1
484.35 0.1 1
486.32 0.1 1
492.27 0.1 1
494.16 0.1 1
496.11 0.1 1
500.11 0.1 1
504.19 0.1 1
