4.27 0.1 1
6.18 0.1 1
10.14 0.1 1
12.05 0.1 1
18.04 0.1 1
20.02 0.1 1
22.02 0.1 1
24.09 0.1 1
25.94 0.1 1
33.88 0.1 1
35.83 0.1 1
37.88 0.1 1
41.81 0.1 1
45.78 0.1 1
47.9 0.1 1
49.82 0.1 1
51.8 0.1 1
57.8 0.1 1
67.67 0.1 1
69.72 0.1 1
71.54 0.1 1
73.73 0.1 1
77.54 0.1 1
79.51 0.1 1
81.53 0.1 1
85.53 0.1 1
87.46 0.1 1
89.4 0.1 1
91.38 0.1 1
95.47 0.1 1
107.25 0.1 1
121.14 0.1 1
125.08 0.1 1
127.13 0.1 1
131.18 0.1 1
133.03 0.1 1
135.15 0.1 1
137 0.1 1
139 0.1 1
145.07 0.1 1
147.02 0.1 1
150.99 0.1 1
153 0.1 1
154.87 0.1 1
162.84 0.1 1
166.84 0.1 1
168.69 0.1 1
170.68 0.1 1
172.83 0.1 1
176.71 0.1 1
182.67 0.1 1
184.73 0.1 1
190.57 0.1 1
194.52 0.1 1
198.56 0.1 1
202.41 0.1 1
208.51 0.1 1
214.51 0.1 1
218.38 0.1 1
224.3 0.1 1
228.31 0.1 1
238.24 0.1 1
244.12 0.1 1
246.19 0.1 1
250.07 0.1 1
258.14 0.1 1
260.08 0.1 1
261.99 0.1 1
263.96 0.1 1
266.08 0.1 1
270.01 0.1 1
273.83 0.1 1
275.83 0.1 1
279.97 0.1 1
285.74 0.1 1
289.84 0.1 1
295.66 0.1 1
297.81 0.1 1
299.64 0.1 1
301.66 0.1 1
303.74 0.1 1
305.71 0.1 1
307.69 0.1 1
309.64 0.1 1
325.48 0.1 1
327.4 0.1 1
331.4 0.1 1
333.42 0.1 1
337.37 0.1 1
341.36 0.1 1
349.29 0.1 1
355.23 0.1 1
359.33 0.1 1
361.16 0.1 1
363.31 0.1 1
365.21 0.1 1
371.13 0.1 1
375.04 0.1 1
377.14 0.1 1
385.11 0.1 1
393.06 0.1 1
394.88 0.1 1
400.81 0.1 1
402.95 0.1 1
410.85 0.1 1
412.73 0.1 1
414.73 0.1 1
424.79 0.1 1
426.74 0.1 1
438.51 0.1 1
440.53 0.1 1
442.59 0.1 1
446.48 0.1 1
448.55 0.1 1
458.4 0.1 1
462.4 0.1 1
466.47 0.1 1
468.42 0.1 1
474.32 0.1 1
480.21 0.1 1
482.29 0.1 1
484.12 0.1 1
486.19 0.1 1
492.26 0.1 1
494.08 0.1 1
496.18 0.1 1
500.17 0.1 1
504.12 0.1 1
