4.18 0.1 1
6.19 0.1 1
10.06 0.1 1
12.11 0.1 1
18.16 0.1 1
20.16 0.1 1
22.02 0.1 1
24.1 0.1 1
26.03 0.1 1
33.85 0.1 1
36.02 0.1 1
37.85 0.1 1
41.87 0.1 1
45.94 0.1 1
47.91 0.1 1
49.86 0.1 1
51.74 0.1 1
57.81 0.1 1
67.7 0.1 1
69.7 0.1 1
71.6 0.1 1
73.73 0.1 1
77.54 0.1 1
79.5 0.1 1
81.55 0.1 1
85.59 0.1 1
87.56 0.1 1
89.61 0.1 1
91.39 0.1 1
95.46 0.1 1
107.43 0.1 1
121.33 0.1 1
125.15 0.1 1
127.25 0.1 1
131.24 0.1 1
133.26 0.1 1
135.14 0.1 1
137.09 0.1 1
139.09 0.1 1
145.01 0.1 1
147 0.1 1
151.01 0.1 1
152.86 0.1 1
154.91 0.1 1
162.78 0.1 1
166.87 0.1 1
168.89 0.1 1
170.87 0.1 1
172.8 0.1 1
176.71 0.1 1
182.81 0.1 1
184.62 0.1 1
190.71 0.1 1
194.61 0.1 1
198.66 0.1 1
202.62 0.1 1
208.57 0.1 1
214.34 0.1 1
218.4 0.1 1
224.44 0.1 1
228.24 0.1 1
238.25 0.1 1
244.23 0.1 1
246.28 0.1 1
250.07 0.1 1
258.13 0.1 1
260.04 0.1 1
261.95 0.1 1
264.04 0.1 1
266.02 0.1 1
270.01 0.1 1
273.97 0.1 1
275.84 0.1 1
279.98 0.1 1
285.76 0.1 1
289.83 0.1 1
295.78 0.1 1
297.75 0.1 1
299.68 0.1 1
301.65 0.1 1
303.62 0.1 1
305.72 0.1 1
307.75 0.1 1
309.69 0.1 1
325.44 0.1 1
327.44 0.1 1
331.58 0.1 1
333.43 0.1 1
337.48 0.1 1
341.33 0.1 1
349.25 0.1 1
355.19 0.1 1
359.17 0.1 1
361.29 0.1 1
363.21 0.1 1
365.16 0.1 1
371.24 0.1 1
375.03 0.1 1
377.08 0.1 1
385.13 0.1 1
392.92 0.1 1
394.92 0.1 1
400.89 0.1 1
402.99 0.1 1
410.94 0.1 1
412.81 0.1 1
414.76 0.1 1
424.63 0.1 1
426.76 0.1 1
438.55 0.1 1
440.57 0.1 1
442.52 0.1 1
446.55 0.1 1
448.49 0.1 1
458.49 0.1 1
462.53 0.1 1
466.38 0.1 1
468.44 0.1 1
474.38 0.1 1
480.37 0.1 1
482.3 0.1 1
484.2 0.1 1
486.27 0.1 1
492.1 0.1 1
494.1 0.1 1
496.22 0.1 1
500.16 0.1 1
504.14 0.1 1
