4.25 0.1 1
6.23 0.1 1
10.18 0.1 1
12.08 0.1 1
18.17 0.1 1
20.09 0.1 1
22.05 0.1 1
23.92 0.1 1
26.04 0.1 1
34.02 0.1 1
36.02 0.1 1
37.96 0.1 1
41.88 0.1 1
45.86 0.1 1
47.91 0.1 1
49.76 0.1 1
51.85 0.1 1
57.75 0.1 1
67.65 0.1 1
69.65 0.1 1
71.74 0.1 1
73.66 0.1 1
77.57 0.1 1
79.56 0.1 1
81.54 0.1 1
85.53 0.1 1
87.61 0.1 1
89.46 0.1 1
91.44 0.1 1
95.35 0.1 1
107.38 0.1 1
121.34 0.1 1
125.14 0.1 1
127.24 0.1 1
131.23 0.1 1
133.21 0.1 1
135.19 0.1 1
137.08 0.1 1
139.05 0.1 1
144.97 0.1 1
146.92 0.1 1
150.88 0.1 1
152.98 0.1 1
154.85 0.1 1
162.97 0.1 1
166.89 0.1 1
168.77 0.1 1
170.86 0.1 1
172.82 0.1 1
176.78 0.1 1
182.83 0.1 1
184.81 0.1 1
190.62 0.1 1
194.53 0.1 1
198.68 0.1 1
202.62 0.1 1
208.52 0.1 1
214.37 0.1 1
218.34 0.1 1
224.49 0.1 1
228.31 0.1 1
238.33 0.1 1
244.18 0.1 1
246.17 0.1 1
250.14 0.1 1
258.07 0.1 1
260.01 0.1 1
262.12 0.1 1
263.99 0.1 1
266.03 0.1 1
270.06 0.1 1
274.01 0.1 1
275.88 0.1 1
279.86 0.1 1
285.82 0.1 1
289.9 0.1 1
295.75 0.1 1
297.7 0.1 1
299.86 0.1 1
301.7 0.1 1
303.74 0.1 1
305.81 0.1 1
307.61 0.1 1
309.66 0.1 1
325.45 0.1 1
327.5 0.1 1
331.52 0.1 1
333.57 0.1 1
337.52 0.1 1
341.32 0.1 1
349.41 0.1 1
355.34 0.1 1
359.18 0.1 1
361.34 0.1 1
363.23 0.1 1
365.3 0.1 1
371.06 0.1 1
375.13 0.1 1
377.2 0.1 1
385.07 0.1 1
392.9 0.1 1
394.94 0.1 1
401.01 0.1 1
402.88 0.1 1
410.93 0.1 1
412.81 0.1 1
414.75 0.1 1
424.7 0.1 1
426.8 0.1 1
438.57 0.1 1
440.56 0.1 1
442.54 0.1 1
446.59 0.1 1
448.48 0.1 1
458.55 0.1 1
462.36 0.1 1
466.45 0.1 1
468.43 0.1 1
474.37 0.1 1
480.37 0.1 1
482.17 0.1 1
484.19 0.1 1
486.17 0.1 1
492.19 0.1 1
494.14 0.1 1
496.11 0.1 1
500.11 0.1 1
504.13 0.1 1
