4.11 0.1 1
6.25 0.1 1
10.07 0.1 1
12.03 0.1 1
18.05 0.1 1
20.09 0.1 1
22.05 0.1 1
24.07 0.1 1
25.94 0.1 1
33.99 0.1 1
35.99 0.1 1
37.88 0.1 1
41.84 0.1 1
45.8 0.1 1
47.75 0.1 1
49.81 0.1 1
51.8 0.1 1
57.85 0.1 1
67.77 0.1 1
69.61 0.1 1
71.62 0.1 1
73.71 0.1 1
77.64 0.1 1
79.61 0.1 1
81.48 0.1 1
85.43 0.1 1
87.58 0.1 1
89.5 0.1 1
91.4 0.1 1
95.35 0.1 1
107.28 0.1 1
121.27 0.1 1
125.26 0.1 1
127.09 0.1 1
131.16 0.1 1
133.04 0.1 1
135.15 0.1 1
137 0.1 1
139 0.1 1
145 0.1 1
147.07 0.1 1
150.92 0.1 1
153.07 0.1 1
154.9 0.1 1
162.86 0.1 1
166.84 0.1 1
168.86 0.1 1
170.84 0.1 1
172.79 0.1 1
176.81 0.1 1
182.65 0.1 1
184.6 0.1 1
190.6 0.1 1
194.62 0.1 1
198.59 0.1 1
202.57 0.1 1
208.61 0.1 1
214.47 0.1 1
218.43 0.1 1
224.41 0.1 1
228.36 0.1 1
238.27 0.1 1
244.29 0.1 1
246.09 0.1 1
250.24 0.1 1
258.04 0.1 1
260.14 0.1 1
261.94 0.1 1
263.96 0.1 1
265.93 0.1 1
269.96 0.1 1
273.88 0.1 1
275.96 0.1 1
279.95 0.1 1
285.88 0.1 1
289.7 0.1 1
295.72 0.1 1
297.77 0.1 1
299.62 0.1 1
301.61 0.1 1
303.66 0.1 1
305.68 0.1 1
307.58 0.1 1
309.73 0.1 1
325.53 0.1 1
327.45 0.1 1
331.54 0.1 1
333.37 0.1 1
337.34 0.1 1
341.4 0.1 1
349.21 0.1 1
355.33 0.1 1
359.25 0.1 1
361.11 0.1 1
363.18 0.1 1
365.2 0.1 1
371.03 0.1 1
375.1 0.1 1
376.99 0.1 1
385.07 0.1 1
392.86 0.1 1
394.89 0.1 1
400.86 0.1 1
402.91 0.1 1
410.78 0.1 1
412.83 0.1 1
414.8 0.1 1
424.7 0.1 1
426.67 0.1 1
438.57 0.1 1
440.49 0.1 1
442.51 0.1 1
446.44 0.1 1
448.59 0.1 1
458.5 0.1 1
462.42 0.1 1
466.33 0.1 1
468.3 0.1 1
474.25 0.1 1
480.19 0.1 1
482.22 0.1 1
484.29 0.1 1
486.16 0.1 1
492.13 0.1 1
494.23 0.1 1
496.05 0.1 1
500.1 0.1 1
504.06 0.1 1
