4.16 0.1 1
6.26 0.1 1
10.21 0.1 1
12.21 0.1 1
18.18 0.1 1
20.06 0.1 1
22.1 0.1 1
24.1 0.1 1
26.03 0.1 1
33.92 0.1 1
35.88 0.1 1
37.89 0.1 1
41.95 0.1 1
45.76 0.1 1
47.82 0.1 1
49.77 0.1 1
51.81 0.1 1
57.68 0.1 1
67.63 0.1 1
69.71 0.1 1
71.65 0.1 1
73.63 0.1 1
77.53 0.1 1
79.48 0.1 1
81.52 0.1 1
85.57 0.1 1
87.52 0.1 1
89.41 0.1 1
91.47 0.1 1
95.41 0.1 1
107.36 0.1 1
121.22 0.1 1
125.15 0.1 1
127.15 0.1 1
131.19 0.1 1
133.15 0.1 1
135.04 0.1 1
137.17 0.1 1
139.16 0.1 1
145.07 0.1 1
147.07 0.1 1
150.93 0.1 1
153.03 0.1 1
154.91 0.1 1
162.86 0.1 1
166.95 0.1 1
168.72 0.1 1
170.88 0.1 1
172.82 0.1 1
176.67 0.1 1
182.75 0.1 1
184.69 0.1 1
190.67 0.1 1
194.71 0.1 1
198.61 0.1 1
202.5 0.1 1
208.46 0.1 1
214.45 0.1 1
218.32 0.1 1
224.29 0.1 1
228.44 0.1 1
238.32 0.1 1
244.09 0.1 1
246.09 0.1 1
250.1 0.1 1
258.12 0.1 1
260.03 0.1 1
262.02 0.1 1
263.92 0.1 1
265.99 0.1 1
269.95 0.1 1
273.84 0.1 1
275.84 0.1 1
279.94 0.1 1
285.88 0.1 1
289.71 0.1 1
295.64 0.1 1
297.65 0.1 1
299.75 0.1 1
301.66 0.1 1
303.65 0.1 1
305.72 0.1 1
307.72 0.1 1
309.62 0.1 1
325.51 0.1 1
327.37 0.1 1
331.39 0.1 1
333.48 0.1 1
337.29 0.1 1
341.28 0.1 1
349.3 0.1 1
355.33 0.1 1
359.17 0.1 1
361.3 0.1 1
363.22 0.1 1
365.25 0.1 1
371.19 0.1 1
374.99 0.1 1
377.17 0.1 1
385.04 0.1 1
392.88 0.1 1
395.03 0.1 1
400.9 0.1 1
402.82 0.1 1
410.74 0.1 1
412.69 0.1 1
414.77 0.1 1
424.66 0.1 1
426.63 0.1 1
438.61 0.1 1
440.51 0.1 1
442.6 0.1 1
446.43 0.1 1
448.52 0.1 1
458.42 0.1 1
462.45 0.1 1
466.42 0.1 1
468.26 0.1 1
474.18 0.1 1
480.14 0.1 1
482.16 0.1 1
484.23 0.1 1
486.15 0.1 1
492.22 0.1 1
494.22 0.1 1
496.13 0.1 1
500.15 0.1 1
503.94 0.1 1
