4.21 0.1 1
6.13 0.1 1
10.23 0.1 1
12.14 0.1 1
18.01 0.1 1
20.16 0.1 1
22.02 0.1 1
24.07 0.1 1
26.07 0.1 1
33.95 0.1 1
35.97 0.1 1
37.82 0.1 1
41.89 0.1 1
45.91 0.1 1
47.86 0.1 1
49.91 0.1 1
51.74 0.1 1
57.76 0.1 1
67.75 0.1 1
69.57 0.1 1
71.65 0.1 1
73.53 0.1 1
77.6 0.1 1
79.54 0.1 1
81.65 0.1 1
85.49 0.1 1
87.49 0.1 1
89.49 0.1 1
91.56 0.1 1
95.49 0.1 1
107.45 0.1 1
121.15 0.1 1
125.3 0.1 1
127.15 0.1 1
131.19 0.1 1
133.11 0.1 1
135.21 0.1 1
137.19 0.1 1
139.09 0.1 1
145.03 0.1 1
146.98 0.1 1
150.9 0.1 1
152.93 0.1 1
154.93 0.1 1
162.95 0.1 1
166.84 0.1 1
168.87 0.1 1
170.85 0.1 1
172.82 0.1 1
176.79 0.1 1
182.79 0.1 1
184.76 0.1 1
190.71 0.1 1
194.61 0.1 1
198.53 0.1 1
202.6 0.1 1
208.55 0.1 1
214.49 0.1 1
218.52 0.1 1
224.29 0.1 1
228.29 0.1 1
238.31 0.1 1
244.23 0.1 1
246.2 0.1 1
250.13 0.1 1
258.07 0.1 1
260.15 0.1 1
262.05 0.1 1
264.14 0.1 1
265.95 0.1 1
270.07 0.1 1
274.01 0.1 1
276.04 0.1 1
279.89 0.1 1
285.85 0.1 1
289.78 0.1 1
295.9 0.1 1
297.88 0.1 1
299.67 0.1 1
301.74 0.1 1
303.67 0.1 1
305.64 0.1 1
307.7 0.1 1
309.79 0.1 1
325.48 0.1 1
327.58 0.1 1
331.55 0.1 1
333.43 0.1 1
337.45 0.1 1
341.5 0.1 1
349.3 0.1 1
355.25 0.1 1
359.37 0.1 1
361.36 0.1 1
363.26 0.1 1
365.31 0.1 1
371.24 0.1 1
375.23 0.1 1
377.15 0.1 1
385.15 0.1 1
392.97 0.1 1
394.99 0.1 1
400.89 0.1 1
402.97 0.1 1
410.91 0.1 1
412.76 0.1 1
414.88 0.1 1
424.73 0.1 1
426.71 0.1 1
438.64 0.1 1
440.74 0.1 1
442.57 0.1 1
446.64 0.1 1
448.64 0.1 1
458.46 0.1 1
462.46 0.1 1
466.41 0.1 1
468.41 0.1 1
474.35 0.1 1
480.37 0.1 1
482.38 0.1 1
484.37 0.1 1
486.29 0.1 1
492.12 0.1 1
494.11 0.1 1
496.21 0.1 1
500.19 0.1 1
504.16 0.1 1
