4.22 0.1 1
6.24 0.1 1
10.16 0.1 1
12.17 0.1 1
18.18 0.1 1
19.96 0.1 1
22.08 0.1 1
23.93 0.1 1
26 0.1 1
34 0.1 1
35.87 0.1 1
37.83 0.1 1
41.97 0.1 1
45.82 0.1 1
47.75 0.1 1
49.8 0.1 1
51.91 0.1 1
57.69 0.1 1
67.78 0.1 1
69.69 0.1 1
71.6 0.1 1
73.66 0.1 1
77.58 0.1 1
79.62 0.1 1
81.6 0.1 1
85.5 0.1 1
87.57 0.1 1
89.55 0.1 1
91.52 0.1 1
95.49 0.1 1
107.43 0.1 1
121.15 0.1 1
125.32 0.1 1
127.22 0.1 1
131.24 0.1 1
133.13 0.1 1
135.19 0.1 1
137.04 0.1 1
139.14 0.1 1
145.04 0.1 1
147.07 0.1 1
150.94 0.1 1
152.94 0.1 1
154.88 0.1 1
162.91 0.1 1
166.81 0.1 1
168.83 0.1 1
170.75 0.1 1
172.72 0.1 1
176.82 0.1 1
182.75 0.1 1
184.72 0.1 1
190.57 0.1 1
194.74 0.1 1
198.71 0.1 1
202.58 0.1 1
208.55 0.1 1
214.48 0.1 1
218.48 0.1 1
224.34 0.1 1
228.4 0.1 1
238.32 0.1 1
244.29 0.1 1
246.29 0.1 1
250.29 0.1 1
258.17 0.1 1
260.15 0.1 1
262.15 0.1 1
264.15 0.1 1
266.13 0.1 1
270.04 0.1 1
274.1 0.1 1
276 0.1 1
279.87 0.1 1
285.96 0.1 1
289.86 0.1 1
295.8 0.1 1
297.81 0.1 1
299.78 0.1 1
301.75 0.1 1
303.8 0.1 1
305.7 0.1 1
307.72 0.1 1
309.67 0.1 1
325.62 0.1 1
327.49 0.1 1
331.59 0.1 1
333.58 0.1 1
337.54 0.1 1
341.43 0.1 1
349.4 0.1 1
355.43 0.1 1
359.3 0.1 1
361.24 0.1 1
363.3 0.1 1
365.17 0.1 1
371.27 0.1 1
375.27 0.1 1
377.21 0.1 1
385.03 0.1 1
393.08 0.1 1
394.98 0.1 1
400.88 0.1 1
402.92 0.1 1
410.87 0.1 1
412.87 0.1 1
414.81 0.1 1
424.79 0.1 1
426.83 0.1 1
438.6 0.1 1
440.73 0.1 1
442.58 0.1 1
446.6 0.1 1
448.54 0.1 1
458.52 0.1 1
462.49 0.1 1
466.36 0.1 1
468.32 0.1 1
474.33 0.1 1
480.43 0.1 1
482.38 0.1 1
484.23 0.1 1
486.35 0.1 1
492.25 0.1 1
494.12 0.1 1
496.1 0.1 1
500.2 0.1 1
504.15 0.1 1
