4.22 0.1 1
6.25 0.1 1
10.06 0.1 1
12.07 0.1 1
18.18 0.1 1
20.14 0.1 1
22.01 0.1 1
24.09 0.1 1
26.1 0.1 1
33.85 0.1 1
35.98 0.1 1
37.97 0.1 1
41.94 0.1 1
45.9 0.1 1
47.82 0.1 1
49.87 0.1 1
51.82 0.1 1
57.69 0.1 1
67.63 0.1 1
69.63 0.1 1
71.59 0.1 1
73.56 0.1 1
77.65 0.1 1
79.58 0.1 1
81.47 0.1 1
85.45 0.1 1
87.48 0.1 1
89.44 0.1 1
91.52 0.1 1
95.39 0.1 1
107.24 0.1 1
121.23 0.1 1
125.18 0.1 1
127.08 0.1 1
131.18 0.1 1
133.13 0.1 1
135.17 0.1 1
137.09 0.1 1
139.05 0.1 1
145.04 0.1 1
147.06 0.1 1
150.92 0.1 1
153.03 0.1 1
154.97 0.1 1
162.94 0.1 1
166.75 0.1 1
168.85 0.1 1
170.76 0.1 1
172.87 0.1 1
176.67 0.1 1
182.62 0.1 1
184.69 0.1 1
190.59 0.1 1
194.57 0.1 1
198.69 0.1 1
202.61 0.1 1
208.58 0.1 1
214.38 0.1 1
218.35 0.1 1
224.33 0.1 1
228.32 0.1 1
238.19 0.1 1
244.31 0.1 1
246.12 0.1 1
250.09 0.1 1
258.08 0.1 1
260.13 0.1 1
262.01 0.1 1
264.03 0.1 1
266 0.1 1
270.03 0.1 1
274.04 0.1 1
275.94 0.1 1
279.85 0.1 1
285.91 0.1 1
289.77 0.1 1
295.86 0.1 1
297.71 0.1 1
299.83 0.1 1
301.63 0.1 1
303.8 0.1 1
305.61 0.1 1
307.7 0.1 1
309.76 0.1 1
325.49 0.1 1
327.6 0.1 1
331.47 0.1 1
333.52 0.1 1
337.54 0.1 1
341.46 0.1 1
349.41 0.1 1
355.2 0.1 1
359.17 0.1 1
361.23 0.1 1
363.3 0.1 1
365.32 0.1 1
371.09 0.1 1
375.14 0.1 1
377.04 0.1 1
384.99 0.1 1
392.91 0.1 1
395.05 0.1 1
400.93 0.1 1
402.81 0.1 1
410.87 0.1 1
412.94 0.1 1
414.75 0.1 1
424.76 0.1 1
426.64 0.1 1
438.69 0.1 1
440.58 0.1 1
442.7 0.1 1
446.66 0.1 1
448.65 0.1 1
458.42 0.1 1
462.45 0.1 1
466.47 0.1 1
468.45 0.1 1
474.31 0.1 1
480.29 0.1 1
482.23 0.1 1
484.29 0.1 1
486.31 0.1 1
492.26 0.1 1
494.11 0.1 1
496.17 0.1 1
500.23 0.1 1
504.07 0.1 1
