4.28 0.1 1
6.2 0.1 1
10.21 0.1 1
12.16 0.1 1
18.07 0.1 1
20.03 0.1 1
22 0.1 1
23.93 0.1 1
26.09 0.1 1
33.91 0.1 1
35.87 0.1 1
37.86 0.1 1
41.96 0.1 1
45.76 0.1 1
47.83 0.1 1
49.84 0.1 1
51.84 0.1 1
57.68 0.1 1
67.62 0.1 1
69.67 0.1 1
71.55 0.1 1
73.64 0.1 1
77.52 0.1 1
79.57 0.1 1
81.66 0.1 1
85.59 0.1 1
87.49 0.1 1
89.48 0.1 1
91.49 0.1 1
95.39 0.1 1
107.27 0.1 1
121.2 0.1 1
125.25 0.1 1
127.26 0.1 1
131.17 0.1 1
133.04 0.1 1
135.13 0.1 1
137.14 0.1 1
138.99 0.1 1
144.98 0.1 1
147.01 0.1 1
150.98 0.1 1
152.9 0.1 1
154.92 0.1 1
162.82 0.1 1
166.8 0.1 1
168.77 0.1 1
170.72 0.1 1
172.74 0.1 1
176.64 0.1 1
182.71 0.1 1
184.66 0.1 1
190.6 0.1 1
194.51 0.1 1
198.55 0.1 1
202.6 0.1 1
208.49 0.1 1
214.34 0.1 1
218.44 0.1 1
224.29 0.1 1
228.26 0.1 1
238.3 0.1 1
244.15 0.1 1
246.22 0.1 1
250.05 0.1 1
258.12 0.1 1
259.95 0.1 1
262.06 0.1 1
264.02 0.1 1
266.04 0.1 1
269.88 0.1 1
273.89 0.1 1
275.81 0.1 1
279.85 0.1 1
285.78 0.1 1
289.76 0.1 1
295.73 0.1 1
297.8 0.1 1
299.62 0.1 1
301.67 0.1 1
303.65 0.1 1
305.6 0.1 1
307.65 0.1 1
309.64 0.1 1
325.53 0.1 1
327.4 0.1 1
331.5 0.1 1
333.31 0.1 1
337.32 0.1 1
341.35 0.1 1
349.39 0.1 1
355.21 0.1 1
359.17 0.1 1
361.24 0.1 1
363.24 0.1 1
365.14 0.1 1
371.14 0.1 1
375.16 0.1 1
377.15 0.1 1
384.9 0.1 1
392.94 0.1 1
394.9 0.1 1
400.94 0.1 1
402.79 0.1 1
410.81 0.1 1
412.86 0.1 1
414.81 0.1 1
424.65 0.1 1
426.7 0.1 1
438.49 0.1 1
440.47 0.1 1
442.6 0.1 1
446.39 0.1 1
448.57 0.1 1
458.44 0.1 1
462.39 0.1 1
466.41 0.1 1
468.41 0.1 1
474.17 0.1 1
480.27 0.1 1
482.13 0.1 1
484.15 0.1 1
486.27 0.1 1
492.11 0.1 1
494.11 0.1 1
496.17 0.1 1
499.96 0.1 1
504.13 0.1 1
