4.2 0.1 1
6.19 0.1 1
10.16 0.1 1
12.09 0.1 1
18.06 0.1 1
20.11 0.1 1
22.06 0.1 1
24.09 0.1 1
26.01 0.1 1
33.9 0.1 1
36.03 0.1 1
37.98 0.1 1
41.85 0.1 1
45.95 0.1 1
47.84 0.1 1
49.89 0.1 1
51.79 0.1 1
57.71 0.1 1
67.78 0.1 1
69.74 0.1 1
71.55 0.1 1
73.58 0.1 1
77.61 0.1 1
79.61 0.1 1
81.53 0.1 1
85.57 0.1 1
87.62 0.1 1
89.44 0.1 1
91.42 0.1 1
95.52 0.1 1
107.34 0.1 1
121.25 0.1 1
125.25 0.1 1
127.25 0.1 1
131.17 0.1 1
133.1 0.1 1
135.03 0.1 1
137.05 0.1 1
139.2 0.1 1
145.16 0.1 1
147.04 0.1 1
151.02 0.1 1
153.04 0.1 1
155.06 0.1 1
162.88 0.1 1
166.85 0.1 1
168.88 0.1 1
170.75 0.1 1
172.72 0.1 1
176.78 0.1 1
182.84 0.1 1
184.75 0.1 1
190.64 0.1 1
194.72 0.1 1
198.66 0.1 1
202.59 0.1 1
208.49 0.1 1
214.58 0.1 1
218.45 0.1 1
224.3 0.1 1
228.44 0.1 1
238.24 0.1 1
244.14 0.1 1
246.12 0.1 1
250.19 0.1 1
258.21 0.1 1
260.08 0.1 1
262.01 0.1 1
264.05 0.1 1
266.06 0.1 1
270.07 0.1 1
273.88 0.1 1
275.85 0.1 1
280.02 0.1 1
285.81 0.1 1
289.81 0.1 1
295.73 0.1 1
297.81 0.1 1
299.81 0.1 1
301.76 0.1 1
303.83 0.1 1
305.78 0.1 1
307.63 0.1 1
309.75 0.1 1
325.52 0.1 1
327.45 0.1 1
331.47 0.1 1
333.52 0.1 1
337.46 0.1 1
341.34 0.1 1
349.44 0.1 1
355.31 0.1 1
359.25 0.1 1
361.28 0.1 1
363.2 0.1 1
365.2 0.1 1
371.2 0.1 1
375.12 0.1 1
377.22 0.1 1
385.04 0.1 1
393.06 0.1 1
395.03 0.1 1
400.86 0.1 1
402.86 0.1 1
410.88 0.1 1
412.88 0.1 1
414.88 0.1 1
424.72 0.1 1
426.64 0.1 1
438.69 0.1 1
440.63 0.1 1
442.6 0.1 1
446.56 0.1 1
448.66 0.1 1
458.57 0.1 1
462.39 0.1 1
466.49 0.1 1
468.45 0.1 1
474.32 0.1 1
480.31 0.1 1
482.29 0.1 1
484.36 0.1 1
486.18 0.1 1
492.25 0.1 1
494.3 0.1 1
496.26 0.1 1
500.17 0.1 1
504.02 0.1 1
