4.13 0.1 1
6.23 0.1 1
10.08 0.1 1
12.08 0.1 1
18.08 0.1 1
20.12 0.1 1
22.02 0.1 1
23.94 0.1 1
26.07 0.1 1
33.91 0.1 1
36.02 0.1 1
37.84 0.1 1
41.83 0.1 1
45.83 0.1 1
47.84 0.1 1
49.88 0.1 1
51.75 0.1 1
57.7 0.1 1
67.7 0.1 1
69.64 0.1 1
71.59 0.1 1
73.65 0.1 1
77.62 0.1 1
79.56 0.1 1
81.49 0.1 1
85.51 0.1 1
87.53 0.1 1
89.49 0.1 1
91.46 0.1 1
95.43 0.1 1
107.32 0.1 1
121.32 0.1 1
125.29 0.1 1
127.22 0.1 1
131.18 0.1 1
133.24 0.1 1
135.09 0.1 1
137.14 0.1 1
139.01 0.1 1
145.03 0.1 1
147.05 0.1 1
151.03 0.1 1
153.05 0.1 1
155.07 0.1 1
162.87 0.1 1
166.95 0.1 1
168.94 0.1 1
170.86 0.1 1
172.91 0.1 1
176.84 0.1 1
182.83 0.1 1
184.71 0.1 1
190.73 0.1 1
194.75 0.1 1
198.55 0.1 1
202.63 0.1 1
208.57 0.1 1
214.4 0.1 1
218.37 0.1 1
224.49 0.1 1
228.39 0.1 1
238.21 0.1 1
244.26 0.1 1
246.18 0.1 1
250.18 0.1 1
258.22 0.1 1
260.17 0.1 1
262.17 0.1 1
264.17 0.1 1
266.04 0.1 1
270.02 0.1 1
274.01 0.1 1
275.96 0.1 1
279.84 0.1 1
285.9 0.1 1
289.85 0.1 1
295.82 0.1 1
297.77 0.1 1
299.82 0.1 1
301.83 0.1 1
303.75 0.1 1
305.8 0.1 1
307.69 0.1 1
309.74 0.1 1
325.68 0.1 1
327.53 0.1 1
331.43 0.1 1
333.43 0.1 1
337.48 0.1 1
341.4 0.1 1
349.32 0.1 1
355.25 0.1 1
359.36 0.1 1
361.26 0.1 1
363.26 0.1 1
365.21 0.1 1
371.19 0.1 1
375.26 0.1 1
377.23 0.1 1
385.17 0.1 1
393.05 0.1 1
394.97 0.1 1
400.87 0.1 1
402.99 0.1 1
410.91 0.1 1
412.79 0.1 1
414.78 0.1 1
424.76 0.1 1
426.8 0.1 1
438.55 0.1 1
440.55 0.1 1
442.65 0.1 1
446.57 0.1 1
448.57 0.1 1
458.59 0.1 1
462.56 0.1 1
466.39 0.1 1
468.51 0.1 1
474.45 0.1 1
480.38 0.1 1
482.28 0.1 1
484.27 0.1 1
486.3 0.1 1
492.17 0.1 1
494.17 0.1 1
496.29 0.1 1
500.07 0.1 1
504.12 0.1 1
