4.27 0.1 1
6.25 0.1 1
10.09 0.1 1
12.02 0.1 1
18.07 0.1 1
20.04 0.1 1
21.98 0.1 1
24.01 0.1 1
26.11 0.1 1
33.96 0.1 1
36 0.1 1
38 0.1 1
41.98 0.1 1
45.77 0.1 1
47.92 0.1 1
49.92 0.1 1
51.85 0.1 1
57.76 0.1 1
67.59 0.1 1
69.59 0.1 1
71.71 0.1 1
73.66 0.1 1
77.56 0.1 1
79.68 0.1 1
81.61 0.1 1
85.5 0.1 1
87.6 0.1 1
89.52 0.1 1
91.52 0.1 1
95.45 0.1 1
107.26 0.1 1
121.15 0.1 1
125.25 0.1 1
127.28 0.1 1
131.22 0.1 1
133.22 0.1 1
135.09 0.1 1
137.22 0.1 1
139.07 0.1 1
145.04 0.1 1
147.07 0.1 1
151.11 0.1 1
153.07 0.1 1
154.93 0.1 1
162.83 0.1 1
166.96 0.1 1
168.86 0.1 1
170.78 0.1 1
172.87 0.1 1
176.72 0.1 1
182.85 0.1 1
184.65 0.1 1
190.62 0.1 1
194.69 0.1 1
198.71 0.1 1
202.51 0.1 1
208.65 0.1 1
214.5 0.1 1
218.4 0.1 1
224.42 0.1 1
228.32 0.1 1
238.41 0.1 1
244.28 0.1 1
246.34 0.1 1
250.19 0.1 1
258.21 0.1 1
260.2 0.1 1
262.17 0.1 1
264.13 0.1 1
265.98 0.1 1
269.97 0.1 1
273.92 0.1 1
276.02 0.1 1
280.06 0.1 1
285.86 0.1 1
289.88 0.1 1
295.85 0.1 1
297.81 0.1 1
299.86 0.1 1
301.88 0.1 1
303.88 0.1 1
305.77 0.1 1
307.65 0.1 1
309.68 0.1 1
325.56 0.1 1
327.64 0.1 1
331.63 0.1 1
333.63 0.1 1
337.51 0.1 1
341.43 0.1 1
349.4 0.1 1
355.33 0.1 1
359.32 0.1 1
361.27 0.1 1
363.34 0.1 1
365.31 0.1 1
371.16 0.1 1
375.16 0.1 1
377.21 0.1 1
385.11 0.1 1
393.02 0.1 1
394.95 0.1 1
400.92 0.1 1
402.92 0.1 1
410.87 0.1 1
412.86 0.1 1
414.96 0.1 1
424.74 0.1 1
426.89 0.1 1
438.63 0.1 1
440.73 0.1 1
442.6 0.1 1
446.72 0.1 1
448.52 0.1 1
458.62 0.1 1
462.44 0.1 1
466.41 0.1 1
468.51 0.1 1
474.31 0.1 1
480.35 0.1 1
482.42 0.1 1
484.28 0.1 1
486.3 0.1 1
492.27 0.1 1
494.2 0.1 1
496.19 0.1 1
500.27 0.1 1
504.21 0.1 1
