4.17 0.1 1
6.07 0.1 1
10.17 0.1 1
12.02 0.1 1
18.04 0.1 1
20.06 0.1 1
22.11 0.1 1
23.94 0.1 1
26.04 0.1 1
33.91 0.1 1
36.01 0.1 1
37.86 0.1 1
41.91 0.1 1
45.93 0.1 1
47.92 0.1 1
49.77 0.1 1
51.85 0.1 1
57.65 0.1 1
67.67 0.1 1
69.57 0.1 1
71.74 0.1 1
73.58 0.1 1
77.53 0.1 1
79.51 0.1 1
81.63 0.1 1
85.46 0.1 1
87.46 0.1 1
89.6 0.1 1
91.55 0.1 1
95.35 0.1 1
107.44 0.1 1
121.31 0.1 1
125.16 0.1 1
127.13 0.1 1
131.16 0.1 1
133.08 0.1 1
135.01 0.1 1
137.05 0.1 1
139.13 0.1 1
145.05 0.1 1
147.09 0.1 1
150.92 0.1 1
152.99 0.1 1
154.91 0.1 1
162.97 0.1 1
166.86 0.1 1
168.88 0.1 1
170.84 0.1 1
172.78 0.1 1
176.8 0.1 1
182.66 0.1 1
184.72 0.1 1
190.6 0.1 1
194.53 0.1 1
198.49 0.1 1
202.57 0.1 1
208.51 0.1 1
214.34 0.1 1
218.46 0.1 1
224.45 0.1 1
228.38 0.1 1
238.2 0.1 1
244.24 0.1 1
246.1 0.1 1
250.19 0.1 1
258.04 0.1 1
259.96 0.1 1
261.94 0.1 1
264.04 0.1 1
266.06 0.1 1
270 0.1 1
273.91 0.1 1
276.01 0.1 1
279.82 0.1 1
285.74 0.1 1
289.82 0.1 1
295.81 0.1 1
297.71 0.1 1
299.64 0.1 1
301.71 0.1 1
303.71 0.1 1
305.71 0.1 1
307.74 0.1 1
309.68 0.1 1
325.43 0.1 1
327.43 0.1 1
331.49 0.1 1
333.4 0.1 1
337.34 0.1 1
341.4 0.1 1
349.24 0.1 1
355.16 0.1 1
359.13 0.1 1
361.11 0.1 1
363.21 0.1 1
365.15 0.1 1
371.05 0.1 1
375.13 0.1 1
377.15 0.1 1
384.94 0.1 1
392.86 0.1 1
394.94 0.1 1
400.81 0.1 1
402.96 0.1 1
410.88 0.1 1
412.9 0.1 1
414.81 0.1 1
424.7 0.1 1
426.65 0.1 1
438.69 0.1 1
440.49 0.1 1
442.66 0.1 1
446.61 0.1 1
448.43 0.1 1
458.36 0.1 1
462.3 0.1 1
466.28 0.1 1
468.3 0.1 1
474.4 0.1 1
480.31 0.1 1
482.19 0.1 1
484.21 0.1 1
486.14 0.1 1
492.21 0.1 1
494.16 0.1 1
496.09 0.1 1
500.13 0.1 1
504.11 0.1 1
