4.13 0.1 1
6.1 0.1 1
10.06 0.1 1
12.05 0.1 1
18.14 0.1 1
20.12 0.1 1
22.07 0.1 1
24.1 0.1 1
25.99 0.1 1
33.84 0.1 1
35.83 0.1 1
37.96 0.1 1
41.78 0.1 1
45.78 0.1 1
47.83 0.1 1
49.71 0.1 1
51.73 0.1 1
57.68 0.1 1
67.74 0.1 1
69.65 0.1 1
71.54 0.1 1
73.64 0.1 1
77.64 0.1 1
79.67 0.1 1
81.47 0.1 1
85.58 0.1 1
87.46 0.1 1
89.56 0.1 1
91.46 0.1 1
95.43 0.1 1
107.25 0.1 1
121.12 0.1 1
125.24 0.1 1
127.08 0.1 1
131.21 0.1 1
133.11 0.1 1
135.19 0.1 1
137.19 0.1 1
139.11 0.1 1
145.11 0.1 1
147.12 0.1 1
150.97 0.1 1
153.03 0.1 1
154.99 0.1 1
162.97 0.1 1
166.77 0.1 1
168.77 0.1 1
170.84 0.1 1
172.82 0.1 1
176.74 0.1 1
182.66 0.1 1
184.68 0.1 1
190.63 0.1 1
194.67 0.1 1
198.58 0.1 1
202.53 0.1 1
208.47 0.1 1
214.39 0.1 1
218.34 0.1 1
224.34 0.1 1
228.44 0.1 1
238.38 0.1 1
244.23 0.1 1
246.27 0.1 1
250.29 0.1 1
258.09 0.1 1
260.12 0.1 1
262.09 0.1 1
263.97 0.1 1
266.02 0.1 1
270.03 0.1 1
274.03 0.1 1
276.03 0.1 1
279.85 0.1 1
285.88 0.1 1
289.8 0.1 1
295.84 0.1 1
297.7 0.1 1
299.7 0.1 1
301.79 0.1 1
303.74 0.1 1
305.69 0.1 1
307.64 0.1 1
309.77 0.1 1
325.61 0.1 1
327.46 0.1 1
331.45 0.1 1
333.45 0.1 1
337.47 0.1 1
341.39 0.1 1
349.32 0.1 1
355.41 0.1 1
359.29 0.1 1
361.19 0.1 1
363.28 0.1 1
365.24 0.1 1
371.2 0.1 1
375.15 0.1 1
377.1 0.1 1
384.99 0.1 1
392.94 0.1 1
394.97 0.1 1
400.92 0.1 1
402.88 0.1 1
410.91 0.1 1
412.88 0.1 1
414.73 0.1 1
424.72 0.1 1
426.83 0.1 1
438.54 0.1 1
440.56 0.1 1
442.56 0.1 1
446.59 0.1 1
448.54 0.1 1
458.46 0.1 1
462.43 0.1 1
466.35 0.1 1
468.37 0.1 1
474.27 0.1 1
480.2 0.1 1
482.19 0.1 1
484.24 0.1 1
486.29 0.1 1
492.24 0.1 1
494.29 0.1 1
496.09 0.1 1
500.18 0.1 1
504.11 0.1 1
