4.16 0.1 1
6.25 0.1 1
10.23 0.1 1
12.15 0.1 1
18.07 0.1 1
20.15 0.1 1
22.09 0.1 1
24.05 0.1 1
26 0.1 1
33.87 0.1 1
35.86 0.1 1
38.01 0.1 1
41.94 0.1 1
45.79 0.1 1
47.86 0.1 1
49.78 0.1 1
51.83 0.1 1
57.81 0.1 1
67.68 0.1 1
69.58 0.1 1
71.6 0.1 1
73.7 0.1 1
77.6 0.1 1
79.5 0.1 1
81.47 0.1 1
85.49 0.1 1
87.47 0.1 1
89.51 0.1 1
91.38 0.1 1
95.53 0.1 1
107.45 0.1 1
121.25 0.1 1
125.29 0.1 1
127.27 0.1 1
131.22 0.1 1
133.16 0.1 1
135.04 0.1 1
137.04 0.1 1
139.18 0.1 1
144.96 0.1 1
147.05 0.1 1
150.93 0.1 1
153.06 0.1 1
154.87 0.1 1
162.94 0.1 1
166.8 0.1 1
168.8 0.1 1
170.84 0.1 1
172.75 0.1 1
176.81 0.1 1
182.71 0.1 1
184.69 0.1 1
190.56 0.1 1
194.53 0.1 1
198.66 0.1 1
202.5 0.1 1
208.52 0.1 1
214.54 0.1 1
218.46 0.1 1
224.46 0.1 1
228.29 0.1 1
238.21 0.1 1
244.33 0.1 1
246.25 0.1 1
250.25 0.1 1
258.2 0.1 1
260.04 0.1 1
262.19 0.1 1
264.15 0.1 1
266.04 0.1 1
269.96 0.1 1
273.91 0.1 1
275.94 0.1 1
279.84 0.1 1
285.86 0.1 1
289.88 0.1 1
295.85 0.1 1
297.87 0.1 1
299.78 0.1 1
301.7 0.1 1
303.84 0.1 1
305.82 0.1 1
307.75 0.1 1
309.7 0.1 1
325.53 0.1 1
327.53 0.1 1
331.46 0.1 1
333.53 0.1 1
337.51 0.1 1
341.52 0.1 1
349.35 0.1 1
355.24 0.1 1
359.37 0.1 1
361.29 0.1 1
363.22 0.1 1
365.27 0.1 1
371.13 0.1 1
375.19 0.1 1
377.08 0.1 1
385.2 0.1 1
392.97 0.1 1
395.1 0.1 1
400.9 0.1 1
402.9 0.1 1
410.94 0.1 1
412.88 0.1 1
414.86 0.1 1
424.71 0.1 1
426.81 0.1 1
438.57 0.1 1
440.58 0.1 1
442.6 0.1 1
446.6 0.1 1
448.54 0.1 1
458.59 0.1 1
462.38 0.1 1
466.46 0.1 1
468.36 0.1 1
474.46 0.1 1
480.37 0.1 1
482.28 0.1 1
484.33 0.1 1
486.2 0.1 1
492.3 0.1 1
494.3 0.1 1
496.2 0.1 1
500.22 0.1 1
504.17 0.1 1
