4.26 0.1 1
6.22 0.1 1
10.06 0.1 1
12.18 0.1 1
17.98 0.1 1
19.96 0.1 1
22.1 0.1 1
24.01 0.1 1
26.11 0.1 1
34.03 0.1 1
35.97 0.1 1
37.87 0.1 1
41.92 0.1 1
45.92 0.1 1
47.77 0.1 1
49.76 0.1 1
51.72 0.1 1
57.76 0.1 1
67.71 0.1 1
69.6 0.1 1
71.72 0.1 1
73.56 0.1 1
77.65 0.1 1
79.55 0.1 1
81.6 0.1 1
85.62 0.1 1
87.6 0.1 1
89.49 0.1 1
91.44 0.1 1
95.47 0.1 1
107.33 0.1 1
121.23 0.1 1
125.15 0.1 1
127.22 0.1 1
131.12 0.1 1
133.19 0.1 1
135.22 0.1 1
137.14 0.1 1
139.07 0.1 1
145.04 0.1 1
147.12 0.1 1
150.91 0.1 1
152.93 0.1 1
154.86 0.1 1
162.91 0.1 1
166.88 0.1 1
168.95 0.1 1
170.87 0.1 1
172.9 0.1 1
176.79 0.1 1
182.84 0.1 1
184.67 0.1 1
190.78 0.1 1
194.56 0.1 1
198.53 0.1 1
202.51 0.1 1
208.5 0.1 1
214.48 0.1 1
218.55 0.1 1
224.39 0.1 1
228.47 0.1 1
238.24 0.1 1
244.28 0.1 1
246.19 0.1 1
250.11 0.1 1
258.1 0.1 1
260.03 0.1 1
262.1 0.1 1
264.08 0.1 1
266.08 0.1 1
270.1 0.1 1
274.02 0.1 1
275.91 0.1 1
279.97 0.1 1
285.96 0.1 1
289.96 0.1 1
295.8 0.1 1
297.8 0.1 1
299.73 0.1 1
301.87 0.1 1
303.65 0.1 1
305.8 0.1 1
307.73 0.1 1
309.75 0.1 1
325.64 0.1 1
327.64 0.1 1
331.48 0.1 1
333.51 0.1 1
337.51 0.1 1
341.35 0.1 1
349.47 0.1 1
355.33 0.1 1
359.37 0.1 1
361.37 0.1 1
363.22 0.1 1
365.17 0.1 1
371.22 0.1 1
375.21 0.1 1
377.13 0.1 1
385.11 0.1 1
393.01 0.1 1
395.12 0.1 1
401.03 0.1 1
403 0.1 1
410.99 0.1 1
412.79 0.1 1
414.87 0.1 1
424.71 0.1 1
426.66 0.1 1
438.7 0.1 1
440.65 0.1 1
442.6 0.1 1
446.57 0.1 1
448.54 0.1 1
458.56 0.1 1
462.57 0.1 1
466.44 0.1 1
468.46 0.1 1
474.46 0.1 1
480.35 0.1 1
482.33 0.1 1
484.25 0.1 1
486.37 0.1 1
492.28 0.1 1
494.24 0.1 1
496.2 0.1 1
500.07 0.1 1
504.14 0.1 1
