4.2 0.1 1
6.17 0.1 1
10.14 0.1 1
12.02 0.1 1
18.01 0.1 1
20.07 0.1 1
22.06 0.1 1
23.94 0.1 1
26.04 0.1 1
33.88 0.1 1
35.86 0.1 1
37.88 0.1 1
41.9 0.1 1
45.87 0.1 1
47.82 0.1 1
49.72 0.1 1
51.69 0.1 1
57.74 0.1 1
67.71 0.1 1
69.58 0.1 1
71.59 0.1 1
73.71 0.1 1
77.63 0.1 1
79.5 0.1 1
81.45 0.1 1
85.42 0.1 1
87.42 0.1 1
89.48 0.1 1
91.38 0.1 1
95.42 0.1 1
107.29 0.1 1
121.21 0.1 1
125.23 0.1 1
127.11 0.1 1
131.07 0.1 1
133.15 0.1 1
135.12 0.1 1
137.1 0.1 1
139.13 0.1 1
144.97 0.1 1
146.92 0.1 1
150.89 0.1 1
153.02 0.1 1
154.92 0.1 1
162.78 0.1 1
166.94 0.1 1
168.83 0.1 1
170.76 0.1 1
172.86 0.1 1
176.85 0.1 1
182.62 0.1 1
184.62 0.1 1
190.75 0.1 1
194.52 0.1 1
198.64 0.1 1
202.53 0.1 1
208.56 0.1 1
214.36 0.1 1
218.43 0.1 1
224.35 0.1 1
228.38 0.1 1
238.34 0.1 1
244.27 0.1 1
246.21 0.1 1
250.09 0.1 1
258.03 0.1 1
260.03 0.1 1
262.05 0.1 1
264.08 0.1 1
266.08 0.1 1
270 0.1 1
273.98 0.1 1
275.97 0.1 1
279.9 0.1 1
285.86 0.1 1
289.92 0.1 1
295.81 0.1 1
297.73 0.1 1
299.66 0.1 1
301.78 0.1 1
303.68 0.1 1
305.66 0.1 1
307.75 0.1 1
309.73 0.1 1
325.54 0.1 1
327.57 0.1 1
331.54 0.1 1
333.54 0.1 1
337.47 0.1 1
341.51 0.1 1
349.35 0.1 1
355.41 0.1 1
359.2 0.1 1
361.2 0.1 1
363.25 0.1 1
365.13 0.1 1
371.15 0.1 1
375.24 0.1 1
377.14 0.1 1
385.06 0.1 1
393.08 0.1 1
394.89 0.1 1
400.9 0.1 1
403.01 0.1 1
410.78 0.1 1
412.88 0.1 1
414.77 0.1 1
424.71 0.1 1
426.81 0.1 1
438.58 0.1 1
440.68 0.1 1
442.66 0.1 1
446.61 0.1 1
448.63 0.1 1
458.42 0.1 1
462.44 0.1 1
466.39 0.1 1
468.47 0.1 1
474.32 0.1 1
480.39 0.1 1
482.36 0.1 1
484.21 0.1 1
486.36 0.1 1
492.11 0.1 1
494.2 0.1 1
496.28 0.1 1
500.22 0.1 1
504.05 0.1 1
