4.11 0.1 1
6.1 0.1 1
10.07 0.1 1
12.12 0.1 1
18.17 0.1 1
20.09 0.1 1
22.09 0.1 1
23.97 0.1 1
26.07 0.1 1
33.97 0.1 1
36.02 0.1 1
37.81 0.1 1
41.93 0.1 1
45.93 0.1 1
47.91 0.1 1
49.85 0.1 1
51.85 0.1 1
57.83 0.1 1
67.62 0.1 1
69.64 0.1 1
71.72 0.1 1
73.59 0.1 1
77.54 0.1 1
79.64 0.1 1
81.49 0.1 1
85.61 0.1 1
87.54 0.1 1
89.56 0.1 1
91.46 0.1 1
95.51 0.1 1
107.39 0.1 1
121.29 0.1 1
125.26 0.1 1
127.21 0.1 1
131.18 0.1 1
133.18 0.1 1
135.09 0.1 1
137.04 0.1 1
139.08 0.1 1
145.08 0.1 1
147.1 0.1 1
150.9 0.1 1
153.03 0.1 1
154.9 0.1 1
162.94 0.1 1
166.89 0.1 1
168.89 0.1 1
170.92 0.1 1
172.81 0.1 1
176.74 0.1 1
182.78 0.1 1
184.73 0.1 1
190.75 0.1 1
194.67 0.1 1
198.58 0.1 1
202.59 0.1 1
208.5 0.1 1
214.47 0.1 1
218.53 0.1 1
224.29 0.1 1
228.26 0.1 1
238.16 0.1 1
244.28 0.1 1
246.2 0.1 1
250.09 0.1 1
258.11 0.1 1
260.07 0.1 1
262.17 0.1 1
264.04 0.1 1
266.14 0.1 1
269.99 0.1 1
274.08 0.1 1
275.91 0.1 1
279.93 0.1 1
285.82 0.1 1
289.77 0.1 1
295.87 0.1 1
297.77 0.1 1
299.69 0.1 1
301.74 0.1 1
303.64 0.1 1
305.69 0.1 1
307.69 0.1 1
309.66 0.1 1
325.58 0.1 1
327.53 0.1 1
331.57 0.1 1
333.48 0.1 1
337.55 0.1 1
341.47 0.1 1
349.46 0.1 1
355.36 0.1 1
359.28 0.1 1
361.18 0.1 1
363.31 0.1 1
365.26 0.1 1
371.21 0.1 1
375.06 0.1 1
377.08 0.1 1
385.04 0.1 1
392.99 0.1 1
394.89 0.1 1
400.91 0.1 1
402.86 0.1 1
410.86 0.1 1
412.76 0.1 1
414.73 0.1 1
424.75 0.1 1
426.68 0.1 1
438.65 0.1 1
440.66 0.1 1
442.66 0.1 1
446.44 0.1 1
448.59 0.1 1
458.51 0.1 1
462.46 0.1 1
466.26 0.1 1
468.3 0.1 1
474.3 0.1 1
480.17 0.1 1
482.19 0.1 1
484.17 0.1 1
486.26 0.1 1
492.21 0.1 1
494.14 0.1 1
496.16 0.1 1
500.01 0.1 1
504.06 0.1 1
