4.08 0.1 1
6.2 0.1 1
10.19 0.1 1
12.17 0.1 1
17.97 0.1 1
20.12 0.1 1
22.09 0.1 1
23.93 0.1 1
26.07 0.1 1
33.98 0.1 1
35.95 0.1 1
37.9 0.1 1
41.78 0.1 1
45.75 0.1 1
47.75 0.1 1
49.73 0.1 1
51.82 0.1 1
57.72 0.1 1
67.64 0.1 1
69.59 0.1 1
71.59 0.1 1
73.66 0.1 1
77.54 0.1 1
79.48 0.1 1
81.53 0.1 1
85.56 0.1 1
87.43 0.1 1
89.4 0.1 1
91.4 0.1 1
95.47 0.1 1
107.41 0.1 1
121.14 0.1 1
125.14 0.1 1
127.16 0.1 1
131.05 0.1 1
133.15 0.1 1
135.18 0.1 1
137.13 0.1 1
139.07 0.1 1
145.12 0.1 1
146.97 0.1 1
150.92 0.1 1
153.06 0.1 1
155.04 0.1 1
162.89 0.1 1
166.88 0.1 1
168.94 0.1 1
170.76 0.1 1
172.75 0.1 1
176.71 0.1 1
182.67 0.1 1
184.75 0.1 1
190.75 0.1 1
194.72 0.1 1
198.64 0.1 1
202.57 0.1 1
208.62 0.1 1
214.41 0.1 1
218.44 0.1 1
224.36 0.1 1
228.45 0.1 1
238.32 0.1 1
244.14 0.1 1
246.22 0.1 1
250.09 0.1 1
258.01 0.1 1
260.19 0.1 1
262.11 0.1 1
264.01 0.1 1
266.01 0.1 1
269.98 0.1 1
274.03 0.1 1
276.02 0.1 1
280.03 0.1 1
285.94 0.1 1
289.94 0.1 1
295.86 0.1 1
297.89 0.1 1
299.68 0.1 1
301.86 0.1 1
303.71 0.1 1
305.74 0.1 1
307.61 0.1 1
309.75 0.1 1
325.57 0.1 1
327.58 0.1 1
331.42 0.1 1
333.44 0.1 1
337.54 0.1 1
341.47 0.1 1
349.46 0.1 1
355.38 0.1 1
359.28 0.1 1
361.33 0.1 1
363.23 0.1 1
365.23 0.1 1
371.3 0.1 1
375.19 0.1 1
377.05 0.1 1
385.01 0.1 1
393.12 0.1 1
395.03 0.1 1
400.91 0.1 1
403.01 0.1 1
410.83 0.1 1
412.92 0.1 1
414.9 0.1 1
424.84 0.1 1
426.72 0.1 1
438.69 0.1 1
440.59 0.1 1
442.59 0.1 1
446.5 0.1 1
448.58 0.1 1
458.42 0.1 1
462.52 0.1 1
466.5 0.1 1
468.37 0.1 1
474.44 0.1 1
480.32 0.1 1
482.24 0.1 1
484.26 0.1 1
486.24 0.1 1
492.3 0.1 1
494.18 0.1 1
496.26 0.1 1
500.21 0.1 1
504.03 0.1 1
