4.12 0.1 1
6.15 0.1 1
10.13 0.1 1
12.17 0.1 1
18 0.1 1
20.01 0.1 1
22.12 0.1 1
24.07 0.1 1
25.97 0.1 1
34.03 0.1 1
36.03 0.1 1
37.99 0.1 1
41.96 0.1 1
45.91 0.1 1
47.93 0.1 1
49.83 0.1 1
51.88 0.1 1
57.75 0.1 1
67.59 0.1 1
69.61 0.1 1
71.57 0.1 1
73.64 0.1 1
77.63 0.1 1
79.48 0.1 1
81.49 0.1 1
85.58 0.1 1
87.51 0.1 1
89.53 0.1 1
91.53 0.1 1
95.53 0.1 1
107.35 0.1 1
121.17 0.1 1
125.11 0.1 1
127.21 0.1 1
131.11 0.1 1
133.1 0.1 1
135.08 0.1 1
137 0.1 1
139.08 0.1 1
144.97 0.1 1
146.92 0.1 1
151.05 0.1 1
152.87 0.1 1
154.95 0.1 1
162.96 0.1 1
166.76 0.1 1
168.79 0.1 1
170.76 0.1 1
172.76 0.1 1
176.79 0.1 1
182.66 0.1 1
184.8 0.1 1
190.75 0.1 1
194.72 0.1 1
198.6 0.1 1
202.52 0.1 1
208.42 0.1 1
214.39 0.1 1
218.39 0.1 1
224.5 0.1 1
228.38 0.1 1
238.2 0.1 1
244.14 0.1 1
246.22 0.1 1
250.25 0.1 1
258.21 0.1 1
260.02 0.1 1
262.18 0.1 1
264.11 0.1 1
266.09 0.1 1
270.11 0.1 1
273.98 0.1 1
275.91 0.1 1
279.97 0.1 1
285.87 0.1 1
289.77 0.1 1
295.82 0.1 1
297.89 0.1 1
299.86 0.1 1
301.67 0.1 1
303.69 0.1 1
305.64 0.1 1
307.74 0.1 1
309.63 0.1 1
325.65 0.1 1
327.47 0.1 1
331.53 0.1 1
333.6 0.1 1
337.57 0.1 1
341.34 0.1 1
349.31 0.1 1
355.38 0.1 1
359.28 0.1 1
361.18 0.1 1
363.25 0.1 1
365.25 0.1 1
371.3 0.1 1
375.15 0.1 1
377.07 0.1 1
385.04 0.1 1
393.01 0.1 1
394.94 0.1 1
400.93 0.1 1
402.98 0.1 1
410.86 0.1 1
412.76 0.1 1
414.95 0.1 1
424.75 0.1 1
426.82 0.1 1
438.69 0.1 1
440.64 0.1 1
442.72 0.1 1
446.56 0.1 1
448.48 0.1 1
458.53 0.1 1
462.56 0.1 1
466.33 0.1 1
468.35 0.1 1
474.35 0.1 1
480.39 0.1 1
482.27 0.1 1
484.39 0.1 1
486.31 0.1 1
492.23 0.1 1
494.23 0.1 1
496.26 0.1 1
500.19 0.1 1
504.03 0.1 1
