4.2 0.1 1
6.11 0.1 1
10.21 0.1 1
12.1 0.1 1
17.97 0.1 1
20.1 0.1 1
22.04 0.1 1
24.05 0.1 1
25.94 0.1 1
33.96 0.1 1
35.89 0.1 1
37.96 0.1 1
41.93 0.1 1
45.88 0.1 1
47.88 0.1 1
49.83 0.1 1
51.88 0.1 1
57.81 0.1 1
67.65 0.1 1
69.6 0.1 1
71.69 0.1 1
73.69 0.1 1
77.64 0.1 1
79.66 0.1 1
81.66 0.1 1
85.51 0.1 1
87.59 0.1 1
89.53 0.1 1
91.58 0.1 1
95.48 0.1 1
107.33 0.1 1
121.25 0.1 1
125.22 0.1 1
127.17 0.1 1
131.14 0.1 1
133.12 0.1 1
135.06 0.1 1
137.18 0.1 1
138.99 0.1 1
145.06 0.1 1
147.06 0.1 1
150.88 0.1 1
153.05 0.1 1
154.95 0.1 1
162.79 0.1 1
166.85 0.1 1
168.91 0.1 1
170.91 0.1 1
172.71 0.1 1
176.74 0.1 1
182.74 0.1 1
184.68 0.1 1
190.66 0.1 1
194.56 0.1 1
198.55 0.1 1
202.62 0.1 1
208.44 0.1 1
214.42 0.1 1
218.46 0.1 1
224.38 0.1 1
228.36 0.1 1
238.25 0.1 1
244.33 0.1 1
246.18 0.1 1
250.13 0.1 1
258.07 0.1 1
260.15 0.1 1
262.17 0.1 1
264.14 0.1 1
266.02 0.1 1
270.12 0.1 1
273.96 0.1 1
276.04 0.1 1
280.03 0.1 1
285.88 0.1 1
289.88 0.1 1
295.72 0.1 1
297.9 0.1 1
299.87 0.1 1
301.67 0.1 1
303.7 0.1 1
305.81 0.1 1
307.72 0.1 1
309.69 0.1 1
325.63 0.1 1
327.58 0.1 1
331.61 0.1 1
333.48 0.1 1
337.52 0.1 1
341.45 0.1 1
349.42 0.1 1
355.39 0.1 1
359.41 0.1 1
361.29 0.1 1
363.31 0.1 1
365.31 0.1 1
371.31 0.1 1
375.15 0.1 1
377.2 0.1 1
385.1 0.1 1
393 0.1 1
394.99 0.1 1
400.94 0.1 1
403.04 0.1 1
410.79 0.1 1
412.98 0.1 1
414.96 0.1 1
424.83 0.1 1
426.73 0.1 1
438.59 0.1 1
440.6 0.1 1
442.62 0.1 1
446.59 0.1 1
448.51 0.1 1
458.46 0.1 1
462.58 0.1 1
466.46 0.1 1
468.33 0.1 1
474.47 0.1 1
480.38 0.1 1
482.29 0.1 1
484.27 0.1 1
486.3 0.1 1
492.29 0.1 1
494.22 0.1 1
496.22 0.1 1
500.13 0.1 1
504.16 0.1 1
