4.25 0.1 1
6.17 0.1 1
10.07 0.1 1
12.11 0.1 1
18.11 0.1 1
20.02 0.1 1
22.08 0.1 1
24.08 0.1 1
26.03 0.1 1
34 0.1 1
35.88 0.1 1
37.85 0.1 1
41.98 0.1 1
45.95 0.1 1
47.84 0.1 1
49.82 0.1 1
51.75 0.1 1
57.76 0.1 1
67.66 0.1 1
69.61 0.1 1
71.74 0.1 1
73.59 0.1 1
77.5 0.1 1
79.58 0.1 1
81.63 0.1 1
85.48 0.1 1
87.6 0.1 1
89.45 0.1 1
91.38 0.1 1
95.52 0.1 1
107.37 0.1 1
121.34 0.1 1
125.25 0.1 1
127.25 0.1 1
131.18 0.1 1
133.13 0.1 1
135.12 0.1 1
137.07 0.1 1
139.13 0.1 1
145.09 0.1 1
147.14 0.1 1
151.06 0.1 1
152.92 0.1 1
154.99 0.1 1
162.91 0.1 1
166.78 0.1 1
168.81 0.1 1
170.91 0.1 1
172.86 0.1 1
176.9 0.1 1
182.83 0.1 1
184.78 0.1 1
190.74 0.1 1
194.62 0.1 1
198.66 0.1 1
202.49 0.1 1
208.53 0.1 1
214.45 0.1 1
218.41 0.1 1
224.35 0.1 1
228.42 0.1 1
238.39 0.1 1
244.26 0.1 1
246.19 0.1 1
250.31 0.1 1
258.06 0.1 1
260.13 0.1 1
262.05 0.1 1
264.15 0.1 1
266.05 0.1 1
270.08 0.1 1
273.92 0.1 1
275.97 0.1 1
279.89 0.1 1
285.87 0.1 1
289.89 0.1 1
295.82 0.1 1
297.76 0.1 1
299.84 0.1 1
301.86 0.1 1
303.78 0.1 1
305.85 0.1 1
307.63 0.1 1
309.78 0.1 1
325.49 0.1 1
327.52 0.1 1
331.49 0.1 1
333.62 0.1 1
337.52 0.1 1
341.48 0.1 1
349.44 0.1 1
355.45 0.1 1
359.42 0.1 1
361.38 0.1 1
363.3 0.1 1
365.3 0.1 1
371.25 0.1 1
375.17 0.1 1
377.27 0.1 1
385.17 0.1 1
393.14 0.1 1
394.98 0.1 1
400.95 0.1 1
402.86 0.1 1
410.83 0.1 1
412.8 0.1 1
414.92 0.1 1
424.7 0.1 1
426.71 0.1 1
438.68 0.1 1
440.73 0.1 1
442.66 0.1 1
446.51 0.1 1
448.56 0.1 1
458.5 0.1 1
462.4 0.1 1
466.55 0.1 1
468.44 0.1 1
474.41 0.1 1
480.36 0.1 1
482.24 0.1 1
484.39 0.1 1
486.24 0.1 1
492.23 0.1 1
494.18 0.1 1
496.2 0.1 1
500.18 0.1 1
504.15 0.1 1
