4.11 0.1 1
6.12 0.1 1
10.13 0.1 1
12.09 0.1 1
17.89 0.1 1
20.03 0.1 1
21.88 0.1 1
23.83 0.1 1
25.93 0.1 1
33.86 0.1 1
35.76 0.1 1
37.81 0.1 1
41.75 0.1 1
45.7 0.1 1
47.52 0.1 1
49.67 0.1 1
51.61 0.1 1
57.55 0.1 1
67.33 0.1 1
69.38 0.1 1
71.38 0.1 1
73.3 0.1 1
77.24 0.1 1
79.27 0.1 1
81.09 0.1 1
85.24 0.1 1
87.15 0.1 1
89.15 0.1 1
91.1 0.1 1
94.92 0.1 1
107 0.1 1
120.75 0.1 1
124.7 0.1 1
126.62 0.1 1
130.71 0.1 1
132.56 0.1 1
134.59 0.1 1
136.46 0.1 1
138.56 0.1 1
144.55 0.1 1
146.5 0.1 1
150.34 0.1 1
152.31 0.1 1
154.35 0.1 1
162.24 0.1 1
166.14 0.1 1
168.18 0.1 1
170.13 0.1 1
172.15 0.1 1
176.07 0.1 1
181.92 0.1 1
183.98 0.1 1
190.01 0.1 1
193.8 0.1 1
197.84 0.1 1
201.78 0.1 1
207.68 0.1 1
213.64 0.1 1
217.59 0.1 1
223.53 0.1 1
227.6 0.1 1
237.38 0.1 1
243.4 0.1 1
245.25 0.1 1
249.21 0.1 1
257.22 0.1 1
259.07 0.1 1
261.2 0.1 1
263.09 0.1 1
265.04 0.1 1
269.13 0.1 1
272.9 0.1 1
274.88 0.1 1
278.85 0.1 1
284.89 0.1 1
288.86 0.1 1
294.69 0.1 1
296.61 0.1 1
298.71 0.1 1
300.71 0.1 1
302.53 0.1 1
304.63 0.1 1
306.55 0.1 1
308.48 0.1 1
324.35 0.1 1
326.42 0.1 1
330.31 0.1 1
332.29 0.1 1
336.19 0.1 1
340.08 0.1 1
348.21 0.1 1
354.15 0.1 1
358.1 0.1 1
359.88 0.1 1
361.99 0.1 1
363.89 0.1 1
369.85 0.1 1
373.9 0.1 1
375.68 0.1 1
383.79 0.1 1
391.57 0.1 1
393.67 0.1 1
399.54 0.1 1
401.56 0.1 1
409.42 0.1 1
411.3 0.1 1
413.36 0.1 1
423.23 0.1 1
425.2 0.1 1
437.18 0.1 1
439.08 0.1 1
441.1 0.1 1
445.09 0.1 1
447.06 0.1 1
456.9 0.1 1
460.92 0.1 1
464.71 0.1 1
466.74 0.1 1
472.7 0.1 1
478.67 0.1 1
480.69 0.1 1
482.59 0.1 1
484.59 0.1 1
490.45 0.1 1
492.42 0.1 1
494.54 0.1 1
498.42 0.1 1
502.33 0.1 1
