4.11 0.1 1
6.08 0.1 1
10.09 0.1 1
12.14 0.1 1
18.11 0.1 1
20.1 0.1 1
22.15 0.1 1
23.98 0.1 1
26.08 0.1 1
33.9 0.1 1
35.89 0.1 1
37.95 0.1 1
41.92 0.1 1
45.81 0.1 1
47.88 0.1 1
49.84 0.1 1
51.71 0.1 1
57.65 0.1 1
67.6 0.1 1
69.67 0.1 1
71.57 0.1 1
73.7 0.1 1
77.55 0.1 1
79.49 0.1 1
81.45 0.1 1
85.42 0.1 1
87.47 0.1 1
89.52 0.1 1
91.49 0.1 1
95.43 0.1 1
107.36 0.1 1
121.15 0.1 1
125.24 0.1 1
127.19 0.1 1
131.22 0.1 1
133.21 0.1 1
134.99 0.1 1
137.12 0.1 1
139.06 0.1 1
144.94 0.1 1
146.96 0.1 1
150.9 0.1 1
153 0.1 1
155.03 0.1 1
162.77 0.1 1
166.77 0.1 1
168.84 0.1 1
170.75 0.1 1
172.74 0.1 1
176.84 0.1 1
182.69 0.1 1
184.71 0.1 1
190.63 0.1 1
194.61 0.1 1
198.66 0.1 1
202.58 0.1 1
208.38 0.1 1
214.4 0.1 1
218.34 0.1 1
224.44 0.1 1
228.43 0.1 1
238.28 0.1 1
244.22 0.1 1
246.12 0.1 1
250.22 0.1 1
258.17 0.1 1
260.05 0.1 1
262.14 0.1 1
264.06 0.1 1
266.04 0.1 1
269.89 0.1 1
274.06 0.1 1
276.03 0.1 1
279.98 0.1 1
285.76 0.1 1
289.8 0.1 1
295.73 0.1 1
297.75 0.1 1
299.7 0.1 1
301.74 0.1 1
303.62 0.1 1
305.74 0.1 1
307.79 0.1 1
309.66 0.1 1
325.46 0.1 1
327.45 0.1 1
331.43 0.1 1
333.48 0.1 1
337.38 0.1 1
341.47 0.1 1
349.32 0.1 1
355.39 0.1 1
359.26 0.1 1
361.36 0.1 1
363.29 0.1 1
365.13 0.1 1
371.23 0.1 1
375.21 0.1 1
377.2 0.1 1
385.05 0.1 1
393.09 0.1 1
394.99 0.1 1
400.96 0.1 1
402.87 0.1 1
410.89 0.1 1
412.91 0.1 1
414.91 0.1 1
424.8 0.1 1
426.68 0.1 1
438.55 0.1 1
440.52 0.1 1
442.57 0.1 1
446.57 0.1 1
448.49 0.1 1
458.48 0.1 1
462.36 0.1 1
466.51 0.1 1
468.42 0.1 1
474.43 0.1 1
480.25 0.1 1
482.37 0.1 1
484.22 0.1 1
486.2 0.1 1
492.26 0.1 1
494.27 0.1 1
496.23 0.1 1
500.04 0.1 1
504.21 0.1 1
