4.26 0.1 1
6.06 0.1 1
10.17 0.1 1
12.04 0.1 1
18.03 0.1 1
19.91 0.1 1
21.83 0.1 1
23.96 0.1 1
25.8 0.1 1
33.81 0.1 1
35.78 0.1 1
37.68 0.1 1
41.75 0.1 1
45.7 0.1 1
47.67 0.1 1
49.67 0.1 1
51.53 0.1 1
57.4 0.1 1
67.49 0.1 1
69.41 0.1 1
71.41 0.1 1
73.28 0.1 1
77.29 0.1 1
79.22 0.1 1
81.12 0.1 1
85.09 0.1 1
87.1 0.1 1
89.11 0.1 1
90.95 0.1 1
95.07 0.1 1
106.82 0.1 1
120.75 0.1 1
124.73 0.1 1
126.7 0.1 1
130.72 0.1 1
132.57 0.1 1
134.49 0.1 1
136.58 0.1 1
138.58 0.1 1
144.4 0.1 1
146.36 0.1 1
150.29 0.1 1
152.31 0.1 1
154.31 0.1 1
162.29 0.1 1
166.28 0.1 1
168.08 0.1 1
170.16 0.1 1
172.05 0.1 1
176.09 0.1 1
181.94 0.1 1
183.93 0.1 1
189.95 0.1 1
193.95 0.1 1
197.82 0.1 1
201.75 0.1 1
207.67 0.1 1
213.62 0.1 1
217.54 0.1 1
223.53 0.1 1
227.44 0.1 1
237.45 0.1 1
243.4 0.1 1
245.24 0.1 1
249.21 0.1 1
257.15 0.1 1
259.1 0.1 1
261.24 0.1 1
263.06 0.1 1
265.07 0.1 1
269.06 0.1 1
272.98 0.1 1
274.92 0.1 1
278.86 0.1 1
284.89 0.1 1
288.87 0.1 1
294.64 0.1 1
296.72 0.1 1
298.68 0.1 1
300.71 0.1 1
302.53 0.1 1
304.53 0.1 1
306.47 0.1 1
308.42 0.1 1
324.33 0.1 1
326.42 0.1 1
330.34 0.1 1
332.23 0.1 1
336.26 0.1 1
340.13 0.1 1
348.13 0.1 1
354.1 0.1 1
357.9 0.1 1
359.92 0.1 1
362.01 0.1 1
364.01 0.1 1
369.91 0.1 1
373.82 0.1 1
375.67 0.1 1
383.66 0.1 1
391.64 0.1 1
393.57 0.1 1
399.44 0.1 1
401.41 0.1 1
409.44 0.1 1
411.42 0.1 1
413.34 0.1 1
423.22 0.1 1
425.17 0.1 1
437.07 0.1 1
439 0.1 1
440.97 0.1 1
444.99 0.1 1
447.08 0.1 1
456.89 0.1 1
460.96 0.1 1
464.91 0.1 1
466.86 0.1 1
472.69 0.1 1
478.57 0.1 1
480.66 0.1 1
482.58 0.1 1
484.55 0.1 1
490.52 0.1 1
492.45 0.1 1
494.34 0.1 1
498.36 0.1 1
502.28 0.1 1
