4.09 0.1 1
6.11 0.1 1
10.18 0.1 1
12.2 0.1 1
18.07 0.1 1
20.1 0.1 1
22.05 0.1 1
23.92 0.1 1
25.94 0.1 1
33.92 0.1 1
35.82 0.1 1
37.92 0.1 1
41.94 0.1 1
45.76 0.1 1
47.91 0.1 1
49.91 0.1 1
51.88 0.1 1
57.72 0.1 1
67.65 0.1 1
69.54 0.1 1
71.65 0.1 1
73.62 0.1 1
77.61 0.1 1
79.51 0.1 1
81.54 0.1 1
85.58 0.1 1
87.48 0.1 1
89.46 0.1 1
91.38 0.1 1
95.33 0.1 1
107.2 0.1 1
121.14 0.1 1
125.19 0.1 1
127.22 0.1 1
131.04 0.1 1
133.09 0.1 1
135.14 0.1 1
137.01 0.1 1
138.96 0.1 1
144.95 0.1 1
146.97 0.1 1
150.9 0.1 1
152.92 0.1 1
155 0.1 1
162.8 0.1 1
166.91 0.1 1
168.87 0.1 1
170.72 0.1 1
172.84 0.1 1
176.83 0.1 1
182.74 0.1 1
184.66 0.1 1
190.6 0.1 1
194.53 0.1 1
198.55 0.1 1
202.62 0.1 1
208.49 0.1 1
214.41 0.1 1
218.34 0.1 1
224.31 0.1 1
228.4 0.1 1
238.26 0.1 1
244.27 0.1 1
246.12 0.1 1
250.17 0.1 1
257.94 0.1 1
259.92 0.1 1
261.94 0.1 1
263.96 0.1 1
265.99 0.1 1
269.88 0.1 1
273.91 0.1 1
275.89 0.1 1
279.91 0.1 1
285.73 0.1 1
289.83 0.1 1
295.64 0.1 1
297.77 0.1 1
299.57 0.1 1
301.74 0.1 1
303.64 0.1 1
305.62 0.1 1
307.69 0.1 1
309.54 0.1 1
325.36 0.1 1
327.41 0.1 1
331.4 0.1 1
333.32 0.1 1
337.37 0.1 1
341.25 0.1 1
349.31 0.1 1
355.19 0.1 1
359.19 0.1 1
361.14 0.1 1
363.19 0.1 1
365.21 0.1 1
371.06 0.1 1
375.15 0.1 1
377.08 0.1 1
385.04 0.1 1
392.99 0.1 1
394.89 0.1 1
400.77 0.1 1
402.89 0.1 1
410.8 0.1 1
412.66 0.1 1
414.85 0.1 1
424.68 0.1 1
426.68 0.1 1
438.62 0.1 1
440.57 0.1 1
442.46 0.1 1
446.52 0.1 1
448.53 0.1 1
458.33 0.1 1
462.33 0.1 1
466.26 0.1 1
468.42 0.1 1
474.33 0.1 1
480.14 0.1 1
482.22 0.1 1
484.15 0.1 1
486.19 0.1 1
492.06 0.1 1
494.11 0.1 1
496.01 0.1 1
499.96 0.1 1
503.95 0.1 1
