4.16 0.1 1
6.26 0.1 1
10.06 0.1 1
12.03 0.1 1
18.07 0.1 1
20.1 0.1 1
22.1 0.1 1
23.92 0.1 1
26.1 0.1 1
33.94 0.1 1
35.84 0.1 1
37.84 0.1 1
41.86 0.1 1
45.94 0.1 1
47.73 0.1 1
49.79 0.1 1
51.89 0.1 1
57.85 0.1 1
67.62 0.1 1
69.67 0.1 1
71.53 0.1 1
73.7 0.1 1
77.64 0.1 1
79.57 0.1 1
81.49 0.1 1
85.47 0.1 1
87.61 0.1 1
89.49 0.1 1
91.56 0.1 1
95.51 0.1 1
107.36 0.1 1
121.24 0.1 1
125.25 0.1 1
127.12 0.1 1
131.09 0.1 1
133.04 0.1 1
135.12 0.1 1
137.13 0.1 1
139.08 0.1 1
144.98 0.1 1
147.01 0.1 1
150.96 0.1 1
153 0.1 1
155.03 0.1 1
162.95 0.1 1
166.85 0.1 1
168.84 0.1 1
170.89 0.1 1
172.86 0.1 1
176.81 0.1 1
182.81 0.1 1
184.63 0.1 1
190.56 0.1 1
194.65 0.1 1
198.53 0.1 1
202.47 0.1 1
208.5 0.1 1
214.45 0.1 1
218.39 0.1 1
224.36 0.1 1
228.34 0.1 1
238.33 0.1 1
244.3 0.1 1
246.15 0.1 1
250.23 0.1 1
258.09 0.1 1
260.15 0.1 1
262.11 0.1 1
263.97 0.1 1
266.12 0.1 1
269.98 0.1 1
274.01 0.1 1
275.93 0.1 1
279.98 0.1 1
285.98 0.1 1
289.95 0.1 1
295.88 0.1 1
297.69 0.1 1
299.7 0.1 1
301.79 0.1 1
303.77 0.1 1
305.7 0.1 1
307.64 0.1 1
309.77 0.1 1
325.53 0.1 1
327.46 0.1 1
331.6 0.1 1
333.43 0.1 1
337.43 0.1 1
341.45 0.1 1
349.25 0.1 1
355.36 0.1 1
359.29 0.1 1
361.23 0.1 1
363.13 0.1 1
365.21 0.1 1
371.18 0.1 1
375.16 0.1 1
377.03 0.1 1
385.07 0.1 1
393.05 0.1 1
394.89 0.1 1
400.81 0.1 1
402.87 0.1 1
410.74 0.1 1
412.84 0.1 1
414.75 0.1 1
424.65 0.1 1
426.7 0.1 1
438.69 0.1 1
440.69 0.1 1
442.67 0.1 1
446.62 0.1 1
448.52 0.1 1
458.46 0.1 1
462.45 0.1 1
466.3 0.1 1
468.41 0.1 1
474.42 0.1 1
480.32 0.1 1
482.35 0.1 1
484.14 0.1 1
486.3 0.1 1
492.27 0.1 1
494.17 0.1 1
496.16 0.1 1
500.01 0.1 1
504.06 0.1 1
