4.24 0.1 1
6.16 0.1 1
10.25 0.1 1
12.2 0.1 1
18.05 0.1 1
20 0.1 1
22.13 0.1 1
23.98 0.1 1
26.04 0.1 1
33.91 0.1 1
35.91 0.1 1
37.84 0.1 1
41.94 0.1 1
45.78 0.1 1
47.86 0.1 1
49.76 0.1 1
51.9 0.1 1
57.68 0.1 1
67.7 0.1 1
69.58 0.1 1
71.72 0.1 1
73.54 0.1 1
77.59 0.1 1
79.49 0.1 1
81.64 0.1 1
85.49 0.1 1
87.57 0.1 1
89.46 0.1 1
91.46 0.1 1
95.56 0.1 1
107.42 0.1 1
121.2 0.1 1
125.24 0.1 1
127.21 0.1 1
131.09 0.1 1
133.14 0.1 1
135.18 0.1 1
137.18 0.1 1
139.03 0.1 1
145.15 0.1 1
147 0.1 1
151.03 0.1 1
152.91 0.1 1
154.98 0.1 1
162.87 0.1 1
166.92 0.1 1
168.79 0.1 1
170.85 0.1 1
172.71 0.1 1
176.76 0.1 1
182.73 0.1 1
184.71 0.1 1
190.75 0.1 1
194.65 0.1 1
198.62 0.1 1
202.58 0.1 1
208.47 0.1 1
214.39 0.1 1
218.34 0.1 1
224.29 0.1 1
228.44 0.1 1
238.35 0.1 1
244.15 0.1 1
246.27 0.1 1
250.18 0.1 1
258.12 0.1 1
260.17 0.1 1
262.12 0.1 1
264.06 0.1 1
266.06 0.1 1
269.96 0.1 1
273.89 0.1 1
276.01 0.1 1
279.89 0.1 1
285.91 0.1 1
289.76 0.1 1
295.73 0.1 1
297.77 0.1 1
299.79 0.1 1
301.65 0.1 1
303.67 0.1 1
305.69 0.1 1
307.57 0.1 1
309.74 0.1 1
325.58 0.1 1
327.55 0.1 1
331.55 0.1 1
333.4 0.1 1
337.33 0.1 1
341.5 0.1 1
349.4 0.1 1
355.32 0.1 1
359.32 0.1 1
361.18 0.1 1
363.14 0.1 1
365.11 0.1 1
371.16 0.1 1
375.06 0.1 1
377.06 0.1 1
385.15 0.1 1
393.02 0.1 1
394.95 0.1 1
400.87 0.1 1
402.94 0.1 1
410.89 0.1 1
412.74 0.1 1
414.8 0.1 1
424.73 0.1 1
426.67 0.1 1
438.62 0.1 1
440.67 0.1 1
442.5 0.1 1
446.56 0.1 1
448.46 0.1 1
458.54 0.1 1
462.36 0.1 1
466.48 0.1 1
468.33 0.1 1
474.25 0.1 1
480.24 0.1 1
482.32 0.1 1
484.34 0.1 1
486.32 0.1 1
492.22 0.1 1
494.06 0.1 1
496.16 0.1 1
500.19 0.1 1
504.18 0.1 1
