4.14 0.1 1
6.23 0.1 1
10.21 0.1 1
12.11 0.1 1
18.08 0.1 1
20.15 0.1 1
22.05 0.1 1
24.02 0.1 1
26 0.1 1
33.95 0.1 1
36.04 0.1 1
37.82 0.1 1
41.79 0.1 1
45.77 0.1 1
47.88 0.1 1
49.81 0.1 1
51.79 0.1 1
57.7 0.1 1
67.62 0.1 1
69.68 0.1 1
71.69 0.1 1
73.59 0.1 1
77.69 0.1 1
79.57 0.1 1
81.61 0.1 1
85.52 0.1 1
87.54 0.1 1
89.51 0.1 1
91.39 0.1 1
95.34 0.1 1
107.28 0.1 1
121.32 0.1 1
125.29 0.1 1
127.27 0.1 1
131.12 0.1 1
133.06 0.1 1
135.09 0.1 1
137.04 0.1 1
139.06 0.1 1
145.04 0.1 1
147.11 0.1 1
150.88 0.1 1
152.91 0.1 1
155 0.1 1
162.88 0.1 1
166.84 0.1 1
168.77 0.1 1
170.85 0.1 1
172.72 0.1 1
176.67 0.1 1
182.69 0.1 1
184.73 0.1 1
190.63 0.1 1
194.61 0.1 1
198.5 0.1 1
202.53 0.1 1
208.59 0.1 1
214.4 0.1 1
218.5 0.1 1
224.29 0.1 1
228.28 0.1 1
238.19 0.1 1
244.23 0.1 1
246.22 0.1 1
250.17 0.1 1
258 0.1 1
260.07 0.1 1
262 0.1 1
263.99 0.1 1
266.01 0.1 1
269.94 0.1 1
273.96 0.1 1
275.93 0.1 1
279.91 0.1 1
285.9 0.1 1
289.88 0.1 1
295.82 0.1 1
297.83 0.1 1
299.68 0.1 1
301.85 0.1 1
303.67 0.1 1
305.72 0.1 1
307.75 0.1 1
309.59 0.1 1
325.51 0.1 1
327.46 0.1 1
331.56 0.1 1
333.56 0.1 1
337.55 0.1 1
341.43 0.1 1
349.42 0.1 1
355.37 0.1 1
359.36 0.1 1
361.34 0.1 1
363.21 0.1 1
365.19 0.1 1
371.11 0.1 1
375.26 0.1 1
377.16 0.1 1
385.17 0.1 1
393.07 0.1 1
394.94 0.1 1
400.97 0.1 1
403 0.1 1
410.93 0.1 1
412.86 0.1 1
414.79 0.1 1
424.76 0.1 1
426.66 0.1 1
438.67 0.1 1
440.57 0.1 1
442.64 0.1 1
446.59 0.1 1
448.65 0.1 1
458.46 0.1 1
462.44 0.1 1
466.33 0.1 1
468.41 0.1 1
474.35 0.1 1
480.27 0.1 1
482.32 0.1 1
484.37 0.1 1
486.19 0.1 1
492.22 0.1 1
494.31 0.1 1
496.29 0.1 1
500.09 0.1 1
504.16 0.1 1
