4.16 0.1 1
6.19 0.1 1
10.16 0.1 1
12.11 0.1 1
18.16 0.1 1
20.07 0.1 1
22.13 0.1 1
24.02 0.1 1
25.97 0.1 1
33.99 0.1 1
36.02 0.1 1
38.01 0.1 1
41.94 0.1 1
45.81 0.1 1
47.81 0.1 1
49.78 0.1 1
51.78 0.1 1
57.71 0.1 1
67.78 0.1 1
69.7 0.1 1
71.57 0.1 1
73.7 0.1 1
77.54 0.1 1
79.6 0.1 1
81.5 0.1 1
85.62 0.1 1
87.47 0.1 1
89.51 0.1 1
91.57 0.1 1
95.46 0.1 1
107.46 0.1 1
121.32 0.1 1
125.12 0.1 1
127.27 0.1 1
131.25 0.1 1
133.11 0.1 1
135.19 0.1 1
137.14 0.1 1
139.14 0.1 1
144.98 0.1 1
147.13 0.1 1
151.05 0.1 1
152.88 0.1 1
154.86 0.1 1
162.83 0.1 1
166.92 0.1 1
168.79 0.1 1
170.79 0.1 1
172.75 0.1 1
176.71 0.1 1
182.67 0.1 1
184.78 0.1 1
190.73 0.1 1
194.68 0.1 1
198.68 0.1 1
202.65 0.1 1
208.57 0.1 1
214.45 0.1 1
218.47 0.1 1
224.31 0.1 1
228.44 0.1 1
238.26 0.1 1
244.3 0.1 1
246.23 0.1 1
250.16 0.1 1
258.08 0.1 1
260.1 0.1 1
261.97 0.1 1
264.12 0.1 1
266.12 0.1 1
269.92 0.1 1
273.89 0.1 1
276.04 0.1 1
279.96 0.1 1
285.76 0.1 1
289.76 0.1 1
295.8 0.1 1
297.78 0.1 1
299.83 0.1 1
301.63 0.1 1
303.62 0.1 1
305.7 0.1 1
307.69 0.1 1
309.75 0.1 1
325.46 0.1 1
327.54 0.1 1
331.41 0.1 1
333.39 0.1 1
337.43 0.1 1
341.35 0.1 1
349.43 0.1 1
355.25 0.1 1
359.17 0.1 1
361.24 0.1 1
363.17 0.1 1
365.26 0.1 1
371.24 0.1 1
375.09 0.1 1
377.04 0.1 1
385.03 0.1 1
393 0.1 1
395.03 0.1 1
400.9 0.1 1
402.92 0.1 1
410.76 0.1 1
412.79 0.1 1
414.79 0.1 1
424.73 0.1 1
426.66 0.1 1
438.65 0.1 1
440.62 0.1 1
442.63 0.1 1
446.54 0.1 1
448.47 0.1 1
458.51 0.1 1
462.46 0.1 1
466.44 0.1 1
468.29 0.1 1
474.35 0.1 1
480.3 0.1 1
482.26 0.1 1
484.18 0.1 1
486.15 0.1 1
492.2 0.1 1
494.2 0.1 1
496.07 0.1 1
500.17 0.1 1
504.01 0.1 1
