4.27 0.1 1
6.22 0.1 1
10.05 0.1 1
12.07 0.1 1
18.12 0.1 1
20.01 0.1 1
22.07 0.1 1
23.94 0.1 1
25.91 0.1 1
33.93 0.1 1
35.95 0.1 1
37.81 0.1 1
41.78 0.1 1
45.9 0.1 1
47.82 0.1 1
49.8 0.1 1
51.87 0.1 1
57.69 0.1 1
67.69 0.1 1
69.62 0.1 1
71.54 0.1 1
73.63 0.1 1
77.55 0.1 1
79.68 0.1 1
81.58 0.1 1
85.53 0.1 1
87.42 0.1 1
89.5 0.1 1
91.5 0.1 1
95.48 0.1 1
107.34 0.1 1
121.29 0.1 1
125.13 0.1 1
127.15 0.1 1
131.18 0.1 1
133.05 0.1 1
135.1 0.1 1
137.05 0.1 1
139.07 0.1 1
145.02 0.1 1
146.94 0.1 1
151 0.1 1
152.87 0.1 1
154.99 0.1 1
162.84 0.1 1
166.86 0.1 1
168.88 0.1 1
170.84 0.1 1
172.78 0.1 1
176.8 0.1 1
182.78 0.1 1
184.62 0.1 1
190.59 0.1 1
194.7 0.1 1
198.59 0.1 1
202.51 0.1 1
208.41 0.1 1
214.56 0.1 1
218.44 0.1 1
224.48 0.1 1
228.4 0.1 1
238.27 0.1 1
244.21 0.1 1
246.31 0.1 1
250.19 0.1 1
258.04 0.1 1
260.01 0.1 1
262.13 0.1 1
264.01 0.1 1
266.06 0.1 1
270.11 0.1 1
273.88 0.1 1
276.07 0.1 1
279.98 0.1 1
285.89 0.1 1
289.8 0.1 1
295.89 0.1 1
297.86 0.1 1
299.69 0.1 1
301.73 0.1 1
303.69 0.1 1
305.69 0.1 1
307.74 0.1 1
309.6 0.1 1
325.53 0.1 1
327.62 0.1 1
331.52 0.1 1
333.5 0.1 1
337.49 0.1 1
341.54 0.1 1
349.41 0.1 1
355.29 0.1 1
359.23 0.1 1
361.36 0.1 1
363.26 0.1 1
365.21 0.1 1
371.3 0.1 1
375.17 0.1 1
377.05 0.1 1
385.06 0.1 1
392.91 0.1 1
395.09 0.1 1
400.91 0.1 1
402.89 0.1 1
410.8 0.1 1
412.95 0.1 1
414.8 0.1 1
424.75 0.1 1
426.74 0.1 1
438.56 0.1 1
440.52 0.1 1
442.53 0.1 1
446.68 0.1 1
448.5 0.1 1
458.53 0.1 1
462.53 0.1 1
466.42 0.1 1
468.33 0.1 1
474.3 0.1 1
480.39 0.1 1
482.34 0.1 1
484.31 0.1 1
486.18 0.1 1
492.26 0.1 1
494.14 0.1 1
496.13 0.1 1
500.1 0.1 1
504.13 0.1 1
