4.09 0.1 1
6.23 0.1 1
10.05 0.1 1
12.05 0.1 1
18.03 0.1 1
20.15 0.1 1
22.09 0.1 1
24.02 0.1 1
26.02 0.1 1
33.87 0.1 1
36.02 0.1 1
37.96 0.1 1
41.81 0.1 1
45.93 0.1 1
47.84 0.1 1
49.91 0.1 1
51.78 0.1 1
57.65 0.1 1
67.72 0.1 1
69.73 0.1 1
71.54 0.1 1
73.62 0.1 1
77.5 0.1 1
79.66 0.1 1
81.47 0.1 1
85.42 0.1 1
87.59 0.1 1
89.59 0.1 1
91.43 0.1 1
95.46 0.1 1
107.31 0.1 1
121.22 0.1 1
125.19 0.1 1
127.16 0.1 1
131.17 0.1 1
133.07 0.1 1
135.11 0.1 1
137.08 0.1 1
139.08 0.1 1
145.01 0.1 1
146.93 0.1 1
151.06 0.1 1
153.06 0.1 1
154.85 0.1 1
162.78 0.1 1
166.79 0.1 1
168.92 0.1 1
170.72 0.1 1
172.84 0.1 1
176.84 0.1 1
182.74 0.1 1
184.81 0.1 1
190.69 0.1 1
194.61 0.1 1
198.53 0.1 1
202.6 0.1 1
208.6 0.1 1
214.39 0.1 1
218.5 0.1 1
224.41 0.1 1
228.38 0.1 1
238.21 0.1 1
244.18 0.1 1
246.26 0.1 1
250.2 0.1 1
258.05 0.1 1
260.09 0.1 1
262 0.1 1
264.12 0.1 1
265.97 0.1 1
270.02 0.1 1
274.01 0.1 1
275.99 0.1 1
279.83 0.1 1
285.98 0.1 1
289.78 0.1 1
295.77 0.1 1
297.88 0.1 1
299.73 0.1 1
301.7 0.1 1
303.7 0.1 1
305.74 0.1 1
307.64 0.1 1
309.65 0.1 1
325.64 0.1 1
327.44 0.1 1
331.51 0.1 1
333.56 0.1 1
337.33 0.1 1
341.43 0.1 1
349.25 0.1 1
355.2 0.1 1
359.15 0.1 1
361.27 0.1 1
363.29 0.1 1
365.12 0.1 1
371.11 0.1 1
375.16 0.1 1
377.18 0.1 1
385.05 0.1 1
392.93 0.1 1
394.88 0.1 1
400.8 0.1 1
402.95 0.1 1
410.91 0.1 1
412.89 0.1 1
414.69 0.1 1
424.71 0.1 1
426.65 0.1 1
438.5 0.1 1
440.68 0.1 1
442.6 0.1 1
446.49 0.1 1
448.49 0.1 1
458.37 0.1 1
462.41 0.1 1
466.44 0.1 1
468.29 0.1 1
474.21 0.1 1
480.25 0.1 1
482.3 0.1 1
484.33 0.1 1
486.12 0.1 1
492.12 0.1 1
494.17 0.1 1
496.04 0.1 1
500.09 0.1 1
504.02 0.1 1
