4.2 0.1 1
6.16 0.1 1
10.16 0.1 1
12.08 0.1 1
18.15 0.1 1
20.02 0.1 1
22.1 0.1 1
24.12 0.1 1
26.05 0.1 1
33.92 0.1 1
35.84 0.1 1
37.89 0.1 1
41.84 0.1 1
45.93 0.1 1
47.93 0.1 1
49.71 0.1 1
51.7 0.1 1
57.8 0.1 1
67.72 0.1 1
69.74 0.1 1
71.62 0.1 1
73.54 0.1 1
77.54 0.1 1
79.49 0.1 1
81.53 0.1 1
85.53 0.1 1
87.61 0.1 1
89.51 0.1 1
91.51 0.1 1
95.38 0.1 1
107.32 0.1 1
121.31 0.1 1
125.21 0.1 1
127.12 0.1 1
131.08 0.1 1
133.19 0.1 1
135.08 0.1 1
137 0.1 1
139.01 0.1 1
145.02 0.1 1
147.07 0.1 1
150.97 0.1 1
152.99 0.1 1
155.02 0.1 1
162.79 0.1 1
166.91 0.1 1
168.78 0.1 1
170.88 0.1 1
172.89 0.1 1
176.76 0.1 1
182.83 0.1 1
184.71 0.1 1
190.75 0.1 1
194.59 0.1 1
198.64 0.1 1
202.59 0.1 1
208.54 0.1 1
214.54 0.1 1
218.44 0.1 1
224.41 0.1 1
228.41 0.1 1
238.22 0.1 1
244.32 0.1 1
246.17 0.1 1
250.16 0.1 1
258.06 0.1 1
260.18 0.1 1
262.16 0.1 1
263.96 0.1 1
266.01 0.1 1
270.06 0.1 1
273.95 0.1 1
276 0.1 1
279.93 0.1 1
285.84 0.1 1
289.84 0.1 1
295.81 0.1 1
297.74 0.1 1
299.86 0.1 1
301.81 0.1 1
303.74 0.1 1
305.73 0.1 1
307.64 0.1 1
309.78 0.1 1
325.63 0.1 1
327.58 0.1 1
331.44 0.1 1
333.49 0.1 1
337.37 0.1 1
341.34 0.1 1
349.44 0.1 1
355.26 0.1 1
359.23 0.1 1
361.21 0.1 1
363.32 0.1 1
365.3 0.1 1
371.15 0.1 1
375.09 0.1 1
377.2 0.1 1
385.14 0.1 1
392.93 0.1 1
394.96 0.1 1
401.05 0.1 1
402.93 0.1 1
410.9 0.1 1
412.8 0.1 1
414.83 0.1 1
424.69 0.1 1
426.72 0.1 1
438.68 0.1 1
440.6 0.1 1
442.63 0.1 1
446.63 0.1 1
448.68 0.1 1
458.4 0.1 1
462.37 0.1 1
466.42 0.1 1
468.42 0.1 1
474.32 0.1 1
480.36 0.1 1
482.34 0.1 1
484.21 0.1 1
486.35 0.1 1
492.3 0.1 1
494.23 0.1 1
496.18 0.1 1
500.23 0.1 1
504.2 0.1 1
