4.2 0.1 1
6.21 0.1 1
10.05 0.1 1
12.08 0.1 1
18.12 0.1 1
20.07 0.1 1
22.05 0.1 1
24.05 0.1 1
26.01 0.1 1
33.92 0.1 1
35.99 0.1 1
37.88 0.1 1
41.95 0.1 1
45.88 0.1 1
47.85 0.1 1
49.83 0.1 1
51.7 0.1 1
57.7 0.1 1
67.57 0.1 1
69.67 0.1 1
71.57 0.1 1
73.72 0.1 1
77.56 0.1 1
79.66 0.1 1
81.47 0.1 1
85.61 0.1 1
87.54 0.1 1
89.39 0.1 1
91.53 0.1 1
95.45 0.1 1
107.28 0.1 1
121.19 0.1 1
125.07 0.1 1
127.06 0.1 1
131.11 0.1 1
133.13 0.1 1
135.08 0.1 1
137.16 0.1 1
138.98 0.1 1
145.12 0.1 1
146.95 0.1 1
151.03 0.1 1
152.88 0.1 1
155.02 0.1 1
162.77 0.1 1
166.92 0.1 1
168.84 0.1 1
170.86 0.1 1
172.81 0.1 1
176.73 0.1 1
182.66 0.1 1
184.61 0.1 1
190.6 0.1 1
194.58 0.1 1
198.62 0.1 1
202.63 0.1 1
208.52 0.1 1
214.51 0.1 1
218.51 0.1 1
224.41 0.1 1
228.41 0.1 1
238.16 0.1 1
244.27 0.1 1
246.1 0.1 1
250.14 0.1 1
258.06 0.1 1
259.99 0.1 1
262.09 0.1 1
264.01 0.1 1
266.02 0.1 1
269.96 0.1 1
273.96 0.1 1
275.89 0.1 1
279.98 0.1 1
285.8 0.1 1
289.88 0.1 1
295.79 0.1 1
297.72 0.1 1
299.8 0.1 1
301.75 0.1 1
303.67 0.1 1
305.67 0.1 1
307.71 0.1 1
309.66 0.1 1
325.65 0.1 1
327.63 0.1 1
331.56 0.1 1
333.53 0.1 1
337.52 0.1 1
341.45 0.1 1
349.32 0.1 1
355.36 0.1 1
359.32 0.1 1
361.16 0.1 1
363.19 0.1 1
365.16 0.1 1
371.25 0.1 1
375.18 0.1 1
377.21 0.1 1
385.1 0.1 1
392.9 0.1 1
394.95 0.1 1
401.01 0.1 1
402.91 0.1 1
410.83 0.1 1
412.84 0.1 1
414.76 0.1 1
424.73 0.1 1
426.8 0.1 1
438.69 0.1 1
440.62 0.1 1
442.57 0.1 1
446.47 0.1 1
448.52 0.1 1
458.48 0.1 1
462.36 0.1 1
466.31 0.1 1
468.46 0.1 1
474.45 0.1 1
480.3 0.1 1
482.2 0.1 1
484.25 0.1 1
486.3 0.1 1
492.31 0.1 1
494.22 0.1 1
496.22 0.1 1
500.06 0.1 1
504.03 0.1 1
