4.27 0.1 1
6.15 0.1 1
10.17 0.1 1
12.04 0.1 1
18.07 0.1 1
20.12 0.1 1
21.96 0.1 1
24.09 0.1 1
25.94 0.1 1
33.86 0.1 1
35.99 0.1 1
37.83 0.1 1
41.9 0.1 1
45.9 0.1 1
47.87 0.1 1
49.77 0.1 1
51.7 0.1 1
57.7 0.1 1
67.66 0.1 1
69.67 0.1 1
71.61 0.1 1
73.69 0.1 1
77.58 0.1 1
79.61 0.1 1
81.58 0.1 1
85.51 0.1 1
87.45 0.1 1
89.48 0.1 1
91.53 0.1 1
95.4 0.1 1
107.44 0.1 1
121.26 0.1 1
125.14 0.1 1
127.23 0.1 1
131.13 0.1 1
133.18 0.1 1
135.06 0.1 1
137.17 0.1 1
139.03 0.1 1
144.97 0.1 1
147.1 0.1 1
150.92 0.1 1
152.89 0.1 1
154.96 0.1 1
162.81 0.1 1
166.93 0.1 1
168.83 0.1 1
170.73 0.1 1
172.78 0.1 1
176.75 0.1 1
182.75 0.1 1
184.77 0.1 1
190.65 0.1 1
194.67 0.1 1
198.69 0.1 1
202.64 0.1 1
208.59 0.1 1
214.51 0.1 1
218.51 0.1 1
224.35 0.1 1
228.32 0.1 1
238.24 0.1 1
244.21 0.1 1
246.24 0.1 1
250.17 0.1 1
258.04 0.1 1
260.04 0.1 1
262 0.1 1
264.11 0.1 1
266.08 0.1 1
269.95 0.1 1
273.95 0.1 1
276.08 0.1 1
279.97 0.1 1
285.89 0.1 1
289.9 0.1 1
295.74 0.1 1
297.91 0.1 1
299.83 0.1 1
301.79 0.1 1
303.76 0.1 1
305.81 0.1 1
307.73 0.1 1
309.73 0.1 1
325.5 0.1 1
327.59 0.1 1
331.47 0.1 1
333.61 0.1 1
337.54 0.1 1
341.39 0.1 1
349.36 0.1 1
355.35 0.1 1
359.25 0.1 1
361.2 0.1 1
363.27 0.1 1
365.33 0.1 1
371.19 0.1 1
375.15 0.1 1
377.25 0.1 1
385.16 0.1 1
393.04 0.1 1
395.01 0.1 1
401 0.1 1
402.98 0.1 1
410.98 0.1 1
412.97 0.1 1
414.8 0.1 1
424.79 0.1 1
426.84 0.1 1
438.78 0.1 1
440.58 0.1 1
442.64 0.1 1
446.71 0.1 1
448.58 0.1 1
458.47 0.1 1
462.57 0.1 1
466.39 0.1 1
468.37 0.1 1
474.42 0.1 1
480.38 0.1 1
482.41 0.1 1
484.28 0.1 1
486.21 0.1 1
492.23 0.1 1
494.16 0.1 1
496.2 0.1 1
500.23 0.1 1
504.08 0.1 1
