4.09 0.1 1
6.09 0.1 1
10.06 0.1 1
12.03 0.1 1
18.06 0.1 1
20.03 0.1 1
22.15 0.1 1
24.08 0.1 1
25.98 0.1 1
33.9 0.1 1
35.84 0.1 1
38.02 0.1 1
41.87 0.1 1
45.92 0.1 1
47.74 0.1 1
49.93 0.1 1
51.79 0.1 1
57.76 0.1 1
67.62 0.1 1
69.62 0.1 1
71.67 0.1 1
73.65 0.1 1
77.52 0.1 1
79.5 0.1 1
81.54 0.1 1
85.57 0.1 1
87.44 0.1 1
89.49 0.1 1
91.49 0.1 1
95.44 0.1 1
107.33 0.1 1
121.32 0.1 1
125.29 0.1 1
127.22 0.1 1
131.16 0.1 1
133.14 0.1 1
135.12 0.1 1
137.12 0.1 1
139.11 0.1 1
145.03 0.1 1
146.94 0.1 1
150.96 0.1 1
152.98 0.1 1
154.95 0.1 1
162.92 0.1 1
166.79 0.1 1
168.79 0.1 1
170.92 0.1 1
172.72 0.1 1
176.81 0.1 1
182.64 0.1 1
184.69 0.1 1
190.65 0.1 1
194.6 0.1 1
198.58 0.1 1
202.65 0.1 1
208.43 0.1 1
214.44 0.1 1
218.46 0.1 1
224.27 0.1 1
228.38 0.1 1
238.16 0.1 1
244.13 0.1 1
246.08 0.1 1
250.18 0.1 1
258.07 0.1 1
260.07 0.1 1
262.05 0.1 1
263.97 0.1 1
265.92 0.1 1
269.89 0.1 1
274.02 0.1 1
275.94 0.1 1
279.81 0.1 1
285.86 0.1 1
289.75 0.1 1
295.82 0.1 1
297.83 0.1 1
299.82 0.1 1
301.82 0.1 1
303.77 0.1 1
305.62 0.1 1
307.59 0.1 1
309.67 0.1 1
325.54 0.1 1
327.55 0.1 1
331.4 0.1 1
333.38 0.1 1
337.45 0.1 1
341.42 0.1 1
349.27 0.1 1
355.24 0.1 1
359.31 0.1 1
361.27 0.1 1
363.23 0.1 1
365.19 0.1 1
371.23 0.1 1
375.23 0.1 1
377.2 0.1 1
384.98 0.1 1
392.92 0.1 1
395.02 0.1 1
400.84 0.1 1
402.91 0.1 1
410.83 0.1 1
412.88 0.1 1
414.73 0.1 1
424.66 0.1 1
426.75 0.1 1
438.7 0.1 1
440.57 0.1 1
442.69 0.1 1
446.59 0.1 1
448.51 0.1 1
458.54 0.1 1
462.41 0.1 1
466.43 0.1 1
468.45 0.1 1
474.38 0.1 1
480.37 0.1 1
482.25 0.1 1
484.29 0.1 1
486.15 0.1 1
492.31 0.1 1
494.16 0.1 1
496.17 0.1 1
500.23 0.1 1
504.19 0.1 1
