4.14 0.1 1
6.18 0.1 1
10.08 0.1 1
12.1 0.1 1
18.05 0.1 1
20.07 0.1 1
22.07 0.1 1
24.07 0.1 1
25.94 0.1 1
33.92 0.1 1
35.86 0.1 1
37.82 0.1 1
41.94 0.1 1
45.83 0.1 1
47.78 0.1 1
49.78 0.1 1
51.76 0.1 1
57.76 0.1 1
67.73 0.1 1
69.64 0.1 1
71.69 0.1 1
73.69 0.1 1
77.47 0.1 1
79.51 0.1 1
81.49 0.1 1
85.44 0.1 1
87.39 0.1 1
89.36 0.1 1
91.46 0.1 1
95.39 0.1 1
107.33 0.1 1
121.24 0.1 1
125.22 0.1 1
127.09 0.1 1
131.21 0.1 1
133.14 0.1 1
135.09 0.1 1
137.08 0.1 1
139.09 0.1 1
144.98 0.1 1
147.01 0.1 1
150.93 0.1 1
152.85 0.1 1
154.97 0.1 1
162.89 0.1 1
166.74 0.1 1
168.74 0.1 1
170.82 0.1 1
172.69 0.1 1
176.78 0.1 1
182.75 0.1 1
184.68 0.1 1
190.73 0.1 1
194.62 0.1 1
198.62 0.1 1
202.64 0.1 1
208.54 0.1 1
214.39 0.1 1
218.34 0.1 1
224.43 0.1 1
228.41 0.1 1
238.22 0.1 1
244.29 0.1 1
246.07 0.1 1
250.05 0.1 1
258.01 0.1 1
259.98 0.1 1
261.99 0.1 1
264.09 0.1 1
265.93 0.1 1
269.88 0.1 1
273.93 0.1 1
275.81 0.1 1
279.85 0.1 1
285.83 0.1 1
289.77 0.1 1
295.84 0.1 1
297.64 0.1 1
299.77 0.1 1
301.61 0.1 1
303.69 0.1 1
305.68 0.1 1
307.61 0.1 1
309.64 0.1 1
325.47 0.1 1
327.5 0.1 1
331.52 0.1 1
333.52 0.1 1
337.4 0.1 1
341.44 0.1 1
349.23 0.1 1
355.25 0.1 1
359.3 0.1 1
361.21 0.1 1
363.18 0.1 1
365.21 0.1 1
371.18 0.1 1
375.02 0.1 1
377.15 0.1 1
384.97 0.1 1
392.89 0.1 1
394.98 0.1 1
400.85 0.1 1
402.83 0.1 1
410.85 0.1 1
412.7 0.1 1
414.7 0.1 1
424.74 0.1 1
426.59 0.1 1
438.58 0.1 1
440.58 0.1 1
442.61 0.1 1
446.45 0.1 1
448.58 0.1 1
458.52 0.1 1
462.37 0.1 1
466.3 0.1 1
468.25 0.1 1
474.24 0.1 1
480.26 0.1 1
482.33 0.1 1
484.26 0.1 1
486.11 0.1 1
492.23 0.1 1
494.18 0.1 1
496.03 0.1 1
500 0.1 1
504.13 0.1 1
