4.24 0.1 1
6.11 0.1 1
10.12 0.1 1
12.23 0.1 1
18.06 0.1 1
20.09 0.1 1
21.96 0.1 1
23.98 0.1 1
26.1 0.1 1
34.05 0.1 1
35.85 0.1 1
37.92 0.1 1
41.89 0.1 1
45.91 0.1 1
47.92 0.1 1
49.89 0.1 1
51.89 0.1 1
57.83 0.1 1
67.68 0.1 1
69.63 0.1 1
71.6 0.1 1
73.55 0.1 1
77.52 0.1 1
79.53 0.1 1
81.45 0.1 1
85.42 0.1 1
87.6 0.1 1
89.44 0.1 1
91.57 0.1 1
95.52 0.1 1
107.29 0.1 1
121.32 0.1 1
125.13 0.1 1
127.28 0.1 1
131.24 0.1 1
133.12 0.1 1
135.15 0.1 1
137.1 0.1 1
139.02 0.1 1
145.04 0.1 1
147.09 0.1 1
151.03 0.1 1
153.01 0.1 1
154.96 0.1 1
162.86 0.1 1
166.85 0.1 1
168.88 0.1 1
170.73 0.1 1
172.85 0.1 1
176.72 0.1 1
182.66 0.1 1
184.76 0.1 1
190.69 0.1 1
194.63 0.1 1
198.59 0.1 1
202.6 0.1 1
208.48 0.1 1
214.5 0.1 1
218.28 0.1 1
224.24 0.1 1
228.24 0.1 1
238.26 0.1 1
244.09 0.1 1
246.09 0.1 1
250.05 0.1 1
258.03 0.1 1
260.07 0.1 1
262.05 0.1 1
264.12 0.1 1
265.97 0.1 1
269.92 0.1 1
273.99 0.1 1
275.89 0.1 1
279.81 0.1 1
285.74 0.1 1
289.78 0.1 1
295.8 0.1 1
297.75 0.1 1
299.75 0.1 1
301.68 0.1 1
303.63 0.1 1
305.7 0.1 1
307.57 0.1 1
309.7 0.1 1
325.47 0.1 1
327.59 0.1 1
331.38 0.1 1
333.49 0.1 1
337.38 0.1 1
341.3 0.1 1
349.25 0.1 1
355.33 0.1 1
359.12 0.1 1
361.24 0.1 1
363.11 0.1 1
365.17 0.1 1
371.19 0.1 1
375.14 0.1 1
376.98 0.1 1
385.08 0.1 1
393.02 0.1 1
394.95 0.1 1
400.82 0.1 1
402.77 0.1 1
410.74 0.1 1
412.69 0.1 1
414.72 0.1 1
424.69 0.1 1
426.63 0.1 1
438.65 0.1 1
440.52 0.1 1
442.48 0.1 1
446.42 0.1 1
448.45 0.1 1
458.34 0.1 1
462.42 0.1 1
466.44 0.1 1
468.41 0.1 1
474.28 0.1 1
480.3 0.1 1
482.31 0.1 1
484.27 0.1 1
486.25 0.1 1
492.08 0.1 1
494.14 0.1 1
496.1 0.1 1
500.06 0.1 1
504.06 0.1 1
