4.11 0.1 1
6.09 0.1 1
10.21 0.1 1
12.11 0.1 1
18.16 0.1 1
20.16 0.1 1
22 0.1 1
24.03 0.1 1
25.93 0.1 1
33.98 0.1 1
35.88 0.1 1
37.83 0.1 1
41.97 0.1 1
45.8 0.1 1
47.85 0.1 1
49.74 0.1 1
51.76 0.1 1
57.77 0.1 1
67.69 0.1 1
69.68 0.1 1
71.56 0.1 1
73.71 0.1 1
77.52 0.1 1
79.65 0.1 1
81.53 0.1 1
85.47 0.1 1
87.52 0.1 1
89.5 0.1 1
91.39 0.1 1
95.5 0.1 1
107.38 0.1 1
121.25 0.1 1
125.3 0.1 1
127.28 0.1 1
131.27 0.1 1
133.05 0.1 1
135.12 0.1 1
137.02 0.1 1
139.07 0.1 1
145.14 0.1 1
147.12 0.1 1
150.97 0.1 1
152.98 0.1 1
154.99 0.1 1
162.95 0.1 1
166.81 0.1 1
168.88 0.1 1
170.87 0.1 1
172.88 0.1 1
176.85 0.1 1
182.65 0.1 1
184.72 0.1 1
190.71 0.1 1
194.69 0.1 1
198.53 0.1 1
202.51 0.1 1
208.46 0.1 1
214.45 0.1 1
218.38 0.1 1
224.32 0.1 1
228.27 0.1 1
238.26 0.1 1
244.16 0.1 1
246.31 0.1 1
250.09 0.1 1
258.21 0.1 1
260.08 0.1 1
262.02 0.1 1
264.07 0.1 1
266.05 0.1 1
270.1 0.1 1
273.95 0.1 1
275.92 0.1 1
279.94 0.1 1
285.82 0.1 1
289.86 0.1 1
295.83 0.1 1
297.73 0.1 1
299.76 0.1 1
301.73 0.1 1
303.76 0.1 1
305.78 0.1 1
307.77 0.1 1
309.72 0.1 1
325.64 0.1 1
327.59 0.1 1
331.61 0.1 1
333.44 0.1 1
337.56 0.1 1
341.44 0.1 1
349.35 0.1 1
355.38 0.1 1
359.37 0.1 1
361.3 0.1 1
363.25 0.1 1
365.3 0.1 1
371.12 0.1 1
375.14 0.1 1
377.24 0.1 1
385.01 0.1 1
393 0.1 1
394.98 0.1 1
400.93 0.1 1
403.03 0.1 1
410.89 0.1 1
412.77 0.1 1
414.87 0.1 1
424.81 0.1 1
426.66 0.1 1
438.55 0.1 1
440.68 0.1 1
442.51 0.1 1
446.5 0.1 1
448.5 0.1 1
458.59 0.1 1
462.42 0.1 1
466.52 0.1 1
468.41 0.1 1
474.38 0.1 1
480.31 0.1 1
482.36 0.1 1
484.2 0.1 1
486.25 0.1 1
492.15 0.1 1
494.2 0.1 1
496.23 0.1 1
500.2 0.1 1
504.12 0.1 1
