4.17 0.1 1
6.07 0.1 1
10.21 0.1 1
12.06 0.1 1
18.06 0.1 1
20.04 0.1 1
21.99 0.1 1
23.94 0.1 1
25.96 0.1 1
33.86 0.1 1
36.02 0.1 1
37.85 0.1 1
41.93 0.1 1
45.8 0.1 1
47.74 0.1 1
49.85 0.1 1
51.8 0.1 1
57.72 0.1 1
67.58 0.1 1
69.74 0.1 1
71.75 0.1 1
73.7 0.1 1
77.7 0.1 1
79.68 0.1 1
81.56 0.1 1
85.52 0.1 1
87.58 0.1 1
89.4 0.1 1
91.52 0.1 1
95.47 0.1 1
107.31 0.1 1
121.23 0.1 1
125.15 0.1 1
127.22 0.1 1
131.13 0.1 1
133.22 0.1 1
135.15 0.1 1
137.15 0.1 1
139 0.1 1
145.07 0.1 1
147.14 0.1 1
150.99 0.1 1
152.89 0.1 1
154.97 0.1 1
162.91 0.1 1
166.81 0.1 1
168.83 0.1 1
170.83 0.1 1
172.73 0.1 1
176.83 0.1 1
182.75 0.1 1
184.82 0.1 1
190.62 0.1 1
194.76 0.1 1
198.72 0.1 1
202.64 0.1 1
208.65 0.1 1
214.6 0.1 1
218.37 0.1 1
224.35 0.1 1
228.39 0.1 1
238.37 0.1 1
244.18 0.1 1
246.16 0.1 1
250.14 0.1 1
258.1 0.1 1
260.05 0.1 1
262.03 0.1 1
264.12 0.1 1
266.17 0.1 1
270.12 0.1 1
274 0.1 1
275.9 0.1 1
280.06 0.1 1
285.97 0.1 1
289.93 0.1 1
295.74 0.1 1
297.89 0.1 1
299.81 0.1 1
301.78 0.1 1
303.83 0.1 1
305.68 0.1 1
307.7 0.1 1
309.72 0.1 1
325.5 0.1 1
327.47 0.1 1
331.54 0.1 1
333.52 0.1 1
337.54 0.1 1
341.48 0.1 1
349.41 0.1 1
355.3 0.1 1
359.35 0.1 1
361.25 0.1 1
363.22 0.1 1
365.3 0.1 1
371.29 0.1 1
375.26 0.1 1
377.19 0.1 1
385.04 0.1 1
393.1 0.1 1
394.95 0.1 1
400.97 0.1 1
402.93 0.1 1
410.82 0.1 1
412.85 0.1 1
414.79 0.1 1
424.84 0.1 1
426.81 0.1 1
438.66 0.1 1
440.71 0.1 1
442.6 0.1 1
446.72 0.1 1
448.57 0.1 1
458.47 0.1 1
462.61 0.1 1
466.37 0.1 1
468.52 0.1 1
474.31 0.1 1
480.3 0.1 1
482.3 0.1 1
484.33 0.1 1
486.4 0.1 1
492.18 0.1 1
494.18 0.1 1
496.18 0.1 1
500.29 0.1 1
504.2 0.1 1
