4.2 0.1 1
6.26 0.1 1
10.1 0.1 1
12.15 0.1 1
18.1 0.1 1
20.03 0.1 1
22.02 0.1 1
24.07 0.1 1
25.97 0.1 1
33.89 0.1 1
35.92 0.1 1
37.99 0.1 1
41.88 0.1 1
45.93 0.1 1
47.78 0.1 1
49.91 0.1 1
51.73 0.1 1
57.85 0.1 1
67.6 0.1 1
69.7 0.1 1
71.7 0.1 1
73.55 0.1 1
77.67 0.1 1
79.62 0.1 1
81.64 0.1 1
85.44 0.1 1
87.54 0.1 1
89.53 0.1 1
91.58 0.1 1
95.5 0.1 1
107.38 0.1 1
121.29 0.1 1
125.16 0.1 1
127.12 0.1 1
131.09 0.1 1
133.08 0.1 1
135.11 0.1 1
137.18 0.1 1
139.16 0.1 1
145.06 0.1 1
147.08 0.1 1
150.95 0.1 1
153.02 0.1 1
155.05 0.1 1
162.85 0.1 1
166.85 0.1 1
168.86 0.1 1
170.92 0.1 1
172.79 0.1 1
176.79 0.1 1
182.78 0.1 1
184.73 0.1 1
190.58 0.1 1
194.51 0.1 1
198.67 0.1 1
202.63 0.1 1
208.5 0.1 1
214.44 0.1 1
218.32 0.1 1
224.31 0.1 1
228.36 0.1 1
238.28 0.1 1
244.18 0.1 1
246.27 0.1 1
250.1 0.1 1
258.07 0.1 1
260.11 0.1 1
262.06 0.1 1
264.04 0.1 1
266.09 0.1 1
269.98 0.1 1
274.03 0.1 1
276.03 0.1 1
279.91 0.1 1
285.88 0.1 1
289.77 0.1 1
295.87 0.1 1
297.72 0.1 1
299.85 0.1 1
301.64 0.1 1
303.72 0.1 1
305.66 0.1 1
307.62 0.1 1
309.76 0.1 1
325.56 0.1 1
327.61 0.1 1
331.55 0.1 1
333.53 0.1 1
337.37 0.1 1
341.34 0.1 1
349.29 0.1 1
355.22 0.1 1
359.31 0.1 1
361.23 0.1 1
363.16 0.1 1
365.3 0.1 1
371.21 0.1 1
375.12 0.1 1
377.13 0.1 1
385.07 0.1 1
392.94 0.1 1
395.01 0.1 1
400.87 0.1 1
402.99 0.1 1
410.94 0.1 1
412.9 0.1 1
414.85 0.1 1
424.82 0.1 1
426.67 0.1 1
438.54 0.1 1
440.57 0.1 1
442.64 0.1 1
446.57 0.1 1
448.62 0.1 1
458.46 0.1 1
462.45 0.1 1
466.46 0.1 1
468.3 0.1 1
474.37 0.1 1
480.2 0.1 1
482.29 0.1 1
484.22 0.1 1
486.17 0.1 1
492.24 0.1 1
494.29 0.1 1
496.16 0.1 1
500.09 0.1 1
504.16 0.1 1
