4.11 0.1 1
6.13 0.1 1
10.08 0.1 1
12.18 0.1 1
18.13 0.1 1
20.13 0.1 1
21.93 0.1 1
24.09 0.1 1
25.99 0.1 1
33.95 0.1 1
35.87 0.1 1
37.92 0.1 1
41.77 0.1 1
45.88 0.1 1
47.76 0.1 1
49.88 0.1 1
51.8 0.1 1
57.85 0.1 1
67.72 0.1 1
69.67 0.1 1
71.7 0.1 1
73.59 0.1 1
77.54 0.1 1
79.62 0.1 1
81.61 0.1 1
85.42 0.1 1
87.49 0.1 1
89.39 0.1 1
91.58 0.1 1
95.48 0.1 1
107.42 0.1 1
121.15 0.1 1
125.19 0.1 1
127.21 0.1 1
131.17 0.1 1
133.03 0.1 1
135.01 0.1 1
137.01 0.1 1
139.09 0.1 1
145.03 0.1 1
146.98 0.1 1
150.98 0.1 1
153.02 0.1 1
154.97 0.1 1
162.94 0.1 1
166.92 0.1 1
168.72 0.1 1
170.76 0.1 1
172.72 0.1 1
176.81 0.1 1
182.76 0.1 1
184.71 0.1 1
190.55 0.1 1
194.55 0.1 1
198.58 0.1 1
202.62 0.1 1
208.59 0.1 1
214.49 0.1 1
218.32 0.1 1
224.36 0.1 1
228.31 0.1 1
238.21 0.1 1
244.2 0.1 1
246.1 0.1 1
250.15 0.1 1
258.09 0.1 1
260 0.1 1
262.09 0.1 1
264.11 0.1 1
265.96 0.1 1
270.04 0.1 1
273.89 0.1 1
275.83 0.1 1
279.88 0.1 1
285.83 0.1 1
289.77 0.1 1
295.77 0.1 1
297.65 0.1 1
299.65 0.1 1
301.74 0.1 1
303.59 0.1 1
305.72 0.1 1
307.59 0.1 1
309.72 0.1 1
325.41 0.1 1
327.45 0.1 1
331.55 0.1 1
333.48 0.1 1
337.5 0.1 1
341.44 0.1 1
349.31 0.1 1
355.29 0.1 1
359.16 0.1 1
361.14 0.1 1
363.16 0.1 1
365.23 0.1 1
371.23 0.1 1
375.16 0.1 1
377.05 0.1 1
385.07 0.1 1
392.9 0.1 1
395.06 0.1 1
400.96 0.1 1
402.92 0.1 1
410.81 0.1 1
412.91 0.1 1
414.76 0.1 1
424.72 0.1 1
426.78 0.1 1
438.67 0.1 1
440.65 0.1 1
442.54 0.1 1
446.44 0.1 1
448.62 0.1 1
458.35 0.1 1
462.4 0.1 1
466.33 0.1 1
468.31 0.1 1
474.25 0.1 1
480.37 0.1 1
482.34 0.1 1
484.25 0.1 1
486.15 0.1 1
492.17 0.1 1
494.12 0.1 1
496.16 0.1 1
500.16 0.1 1
503.98 0.1 1
