4.27 0.1 1
6.07 0.1 1
10.21 0.1 1
12.14 0.1 1
18.16 0.1 1
20.04 0.1 1
21.96 0.1 1
24.13 0.1 1
25.95 0.1 1
34.05 0.1 1
35.9 0.1 1
37.88 0.1 1
41.82 0.1 1
45.84 0.1 1
47.84 0.1 1
49.75 0.1 1
51.84 0.1 1
57.77 0.1 1
67.71 0.1 1
69.68 0.1 1
71.68 0.1 1
73.68 0.1 1
77.65 0.1 1
79.67 0.1 1
81.55 0.1 1
85.6 0.1 1
87.53 0.1 1
89.4 0.1 1
91.54 0.1 1
95.39 0.1 1
107.31 0.1 1
121.21 0.1 1
125.28 0.1 1
127.23 0.1 1
131.13 0.1 1
133.12 0.1 1
135.19 0.1 1
137.14 0.1 1
138.99 0.1 1
144.97 0.1 1
146.96 0.1 1
150.92 0.1 1
153.07 0.1 1
155.01 0.1 1
162.88 0.1 1
166.91 0.1 1
168.75 0.1 1
170.76 0.1 1
172.72 0.1 1
176.68 0.1 1
182.77 0.1 1
184.7 0.1 1
190.74 0.1 1
194.61 0.1 1
198.68 0.1 1
202.54 0.1 1
208.61 0.1 1
214.43 0.1 1
218.41 0.1 1
224.28 0.1 1
228.45 0.1 1
238.22 0.1 1
244.21 0.1 1
246.31 0.1 1
250.13 0.1 1
258.15 0.1 1
260.08 0.1 1
262.05 0.1 1
264.15 0.1 1
266.08 0.1 1
270 0.1 1
274 0.1 1
275.95 0.1 1
279.85 0.1 1
285.91 0.1 1
289.86 0.1 1
295.68 0.1 1
297.68 0.1 1
299.76 0.1 1
301.65 0.1 1
303.7 0.1 1
305.78 0.1 1
307.7 0.1 1
309.68 0.1 1
325.6 0.1 1
327.57 0.1 1
331.52 0.1 1
333.44 0.1 1
337.36 0.1 1
341.31 0.1 1
349.43 0.1 1
355.4 0.1 1
359.35 0.1 1
361.28 0.1 1
363.3 0.1 1
365.29 0.1 1
371.07 0.1 1
375.11 0.1 1
377.16 0.1 1
385.01 0.1 1
392.95 0.1 1
394.9 0.1 1
401.01 0.1 1
402.92 0.1 1
410.79 0.1 1
412.85 0.1 1
414.79 0.1 1
424.77 0.1 1
426.76 0.1 1
438.73 0.1 1
440.71 0.1 1
442.68 0.1 1
446.62 0.1 1
448.63 0.1 1
458.54 0.1 1
462.49 0.1 1
466.39 0.1 1
468.41 0.1 1
474.41 0.1 1
480.28 0.1 1
482.28 0.1 1
484.3 0.1 1
486.31 0.1 1
492.1 0.1 1
494.28 0.1 1
496.13 0.1 1
500.05 0.1 1
504.17 0.1 1
