4.24 0.1 1
6.13 0.1 1
10.03 0.1 1
12.13 0.1 1
18.1 0.1 1
20.12 0.1 1
22.07 0.1 1
24.09 0.1 1
26.04 0.1 1
33.97 0.1 1
35.92 0.1 1
37.89 0.1 1
41.96 0.1 1
45.84 0.1 1
47.86 0.1 1
49.84 0.1 1
51.88 0.1 1
57.85 0.1 1
67.6 0.1 1
69.64 0.1 1
71.74 0.1 1
73.57 0.1 1
77.54 0.1 1
79.49 0.1 1
81.46 0.1 1
85.57 0.1 1
87.54 0.1 1
89.51 0.1 1
91.39 0.1 1
95.46 0.1 1
107.42 0.1 1
121.14 0.1 1
125.16 0.1 1
127.12 0.1 1
131.22 0.1 1
133.03 0.1 1
135.11 0.1 1
137.18 0.1 1
138.98 0.1 1
145.08 0.1 1
146.96 0.1 1
150.88 0.1 1
153.03 0.1 1
155 0.1 1
162.79 0.1 1
166.79 0.1 1
168.81 0.1 1
170.74 0.1 1
172.79 0.1 1
176.81 0.1 1
182.66 0.1 1
184.71 0.1 1
190.65 0.1 1
194.68 0.1 1
198.62 0.1 1
202.52 0.1 1
208.57 0.1 1
214.44 0.1 1
218.37 0.1 1
224.41 0.1 1
228.38 0.1 1
238.23 0.1 1
244.23 0.1 1
246.07 0.1 1
250.1 0.1 1
258.04 0.1 1
260.15 0.1 1
262.01 0.1 1
263.97 0.1 1
265.91 0.1 1
269.88 0.1 1
273.86 0.1 1
275.98 0.1 1
279.98 0.1 1
285.8 0.1 1
289.7 0.1 1
295.8 0.1 1
297.72 0.1 1
299.65 0.1 1
301.72 0.1 1
303.79 0.1 1
305.67 0.1 1
307.72 0.1 1
309.57 0.1 1
325.6 0.1 1
327.5 0.1 1
331.37 0.1 1
333.38 0.1 1
337.43 0.1 1
341.4 0.1 1
349.22 0.1 1
355.17 0.1 1
359.23 0.1 1
361.24 0.1 1
363.29 0.1 1
365.24 0.1 1
371.06 0.1 1
375.18 0.1 1
377.01 0.1 1
385.02 0.1 1
393 0.1 1
395 0.1 1
400.92 0.1 1
402.94 0.1 1
410.76 0.1 1
412.76 0.1 1
414.69 0.1 1
424.7 0.1 1
426.63 0.1 1
438.59 0.1 1
440.65 0.1 1
442.52 0.1 1
446.64 0.1 1
448.42 0.1 1
458.46 0.1 1
462.35 0.1 1
466.28 0.1 1
468.28 0.1 1
474.38 0.1 1
480.22 0.1 1
482.19 0.1 1
484.29 0.1 1
486.19 0.1 1
492.07 0.1 1
494.09 0.1 1
496.07 0.1 1
500.03 0.1 1
504.13 0.1 1
