4.17 0.1 1
6.27 0.1 1
10.09 0.1 1
12.02 0.1 1
18.11 0.1 1
19.96 0.1 1
21.96 0.1 1
23.95 0.1 1
26.05 0.1 1
34.02 0.1 1
35.98 0.1 1
38.02 0.1 1
41.93 0.1 1
45.79 0.1 1
47.77 0.1 1
49.8 0.1 1
51.89 0.1 1
57.76 0.1 1
67.61 0.1 1
69.68 0.1 1
71.56 0.1 1
73.55 0.1 1
77.55 0.1 1
79.56 0.1 1
81.53 0.1 1
85.48 0.1 1
87.58 0.1 1
89.4 0.1 1
91.48 0.1 1
95.52 0.1 1
107.44 0.1 1
121.31 0.1 1
125.23 0.1 1
127.27 0.1 1
131.08 0.1 1
133.18 0.1 1
135.05 0.1 1
137.07 0.1 1
138.99 0.1 1
145.07 0.1 1
146.92 0.1 1
151.02 0.1 1
152.92 0.1 1
154.91 0.1 1
162.98 0.1 1
166.88 0.1 1
168.8 0.1 1
170.83 0.1 1
172.71 0.1 1
176.85 0.1 1
182.75 0.1 1
184.8 0.1 1
190.57 0.1 1
194.54 0.1 1
198.59 0.1 1
202.47 0.1 1
208.53 0.1 1
214.46 0.1 1
218.55 0.1 1
224.47 0.1 1
228.37 0.1 1
238.22 0.1 1
244.24 0.1 1
246.32 0.1 1
250.09 0.1 1
258.09 0.1 1
260.1 0.1 1
262.2 0.1 1
264.01 0.1 1
266.13 0.1 1
270 0.1 1
273.98 0.1 1
276.07 0.1 1
279.95 0.1 1
285.85 0.1 1
289.87 0.1 1
295.87 0.1 1
297.89 0.1 1
299.78 0.1 1
301.74 0.1 1
303.84 0.1 1
305.84 0.1 1
307.76 0.1 1
309.73 0.1 1
325.63 0.1 1
327.6 0.1 1
331.47 0.1 1
333.59 0.1 1
337.44 0.1 1
341.52 0.1 1
349.34 0.1 1
355.31 0.1 1
359.3 0.1 1
361.26 0.1 1
363.23 0.1 1
365.23 0.1 1
371.13 0.1 1
375.27 0.1 1
377.09 0.1 1
385.06 0.1 1
393.06 0.1 1
395.08 0.1 1
400.91 0.1 1
403.06 0.1 1
410.8 0.1 1
412.95 0.1 1
414.85 0.1 1
424.82 0.1 1
426.69 0.1 1
438.74 0.1 1
440.74 0.1 1
442.69 0.1 1
446.58 0.1 1
448.6 0.1 1
458.43 0.1 1
462.4 0.1 1
466.49 0.1 1
468.49 0.1 1
474.42 0.1 1
480.24 0.1 1
482.29 0.1 1
484.37 0.1 1
486.29 0.1 1
492.21 0.1 1
494.31 0.1 1
496.3 0.1 1
500.23 0.1 1
504.23 0.1 1
