4.26 0.1 1
6.24 0.1 1
10.16 0.1 1
12.19 0.1 1
18.08 0.1 1
20 0.1 1
21.96 0.1 1
24.08 0.1 1
25.98 0.1 1
34.02 0.1 1
36.04 0.1 1
37.95 0.1 1
41.85 0.1 1
45.94 0.1 1
47.77 0.1 1
49.79 0.1 1
51.86 0.1 1
57.71 0.1 1
67.7 0.1 1
69.65 0.1 1
71.68 0.1 1
73.73 0.1 1
77.67 0.1 1
79.53 0.1 1
81.57 0.1 1
85.62 0.1 1
87.62 0.1 1
89.41 0.1 1
91.44 0.1 1
95.42 0.1 1
107.38 0.1 1
121.18 0.1 1
125.19 0.1 1
127.25 0.1 1
131.19 0.1 1
133.19 0.1 1
135.09 0.1 1
137.02 0.1 1
139.14 0.1 1
145.16 0.1 1
146.99 0.1 1
150.94 0.1 1
153 0.1 1
154.93 0.1 1
162.83 0.1 1
166.88 0.1 1
168.78 0.1 1
170.75 0.1 1
172.92 0.1 1
176.79 0.1 1
182.84 0.1 1
184.77 0.1 1
190.73 0.1 1
194.76 0.1 1
198.63 0.1 1
202.66 0.1 1
208.62 0.1 1
214.5 0.1 1
218.57 0.1 1
224.5 0.1 1
228.37 0.1 1
238.23 0.1 1
244.36 0.1 1
246.3 0.1 1
250.3 0.1 1
258.07 0.1 1
260.12 0.1 1
262.12 0.1 1
264.04 0.1 1
266.15 0.1 1
270.15 0.1 1
273.94 0.1 1
275.91 0.1 1
279.93 0.1 1
285.86 0.1 1
289.85 0.1 1
295.81 0.1 1
297.76 0.1 1
299.87 0.1 1
301.82 0.1 1
303.7 0.1 1
305.73 0.1 1
307.79 0.1 1
309.7 0.1 1
325.59 0.1 1
327.53 0.1 1
331.48 0.1 1
333.64 0.1 1
337.48 0.1 1
341.46 0.1 1
349.43 0.1 1
355.27 0.1 1
359.44 0.1 1
361.24 0.1 1
363.25 0.1 1
365.27 0.1 1
371.31 0.1 1
375.24 0.1 1
377.24 0.1 1
385.08 0.1 1
392.98 0.1 1
395.03 0.1 1
400.92 0.1 1
403.07 0.1 1
410.89 0.1 1
412.91 0.1 1
414.81 0.1 1
424.81 0.1 1
426.75 0.1 1
438.67 0.1 1
440.67 0.1 1
442.75 0.1 1
446.57 0.1 1
448.54 0.1 1
458.64 0.1 1
462.52 0.1 1
466.56 0.1 1
468.46 0.1 1
474.38 0.1 1
480.46 0.1 1
482.26 0.1 1
484.4 0.1 1
486.28 0.1 1
492.17 0.1 1
494.27 0.1 1
496.34 0.1 1
500.15 0.1 1
504.24 0.1 1
