4.15 0.1 1
6.1 0.1 1
10.17 0.1 1
12.04 0.1 1
18.06 0.1 1
20.16 0.1 1
21.96 0.1 1
23.99 0.1 1
26.06 0.1 1
33.91 0.1 1
35.9 0.1 1
37.96 0.1 1
41.97 0.1 1
45.75 0.1 1
47.75 0.1 1
49.72 0.1 1
51.89 0.1 1
57.7 0.1 1
67.67 0.1 1
69.64 0.1 1
71.54 0.1 1
73.73 0.1 1
77.58 0.1 1
79.68 0.1 1
81.51 0.1 1
85.56 0.1 1
87.62 0.1 1
89.42 0.1 1
91.5 0.1 1
95.35 0.1 1
107.29 0.1 1
121.19 0.1 1
125.3 0.1 1
127.1 0.1 1
131.12 0.1 1
133.1 0.1 1
135.22 0.1 1
137.13 0.1 1
139.05 0.1 1
145.1 0.1 1
147 0.1 1
150.94 0.1 1
153.02 0.1 1
154.92 0.1 1
162.83 0.1 1
166.91 0.1 1
168.76 0.1 1
170.78 0.1 1
172.91 0.1 1
176.76 0.1 1
182.83 0.1 1
184.84 0.1 1
190.65 0.1 1
194.59 0.1 1
198.66 0.1 1
202.59 0.1 1
208.49 0.1 1
214.43 0.1 1
218.56 0.1 1
224.47 0.1 1
228.28 0.1 1
238.29 0.1 1
244.32 0.1 1
246.34 0.1 1
250.14 0.1 1
258.21 0.1 1
260.11 0.1 1
262.21 0.1 1
264.05 0.1 1
266.16 0.1 1
270.15 0.1 1
274 0.1 1
276.03 0.1 1
280.07 0.1 1
285.97 0.1 1
289.89 0.1 1
295.94 0.1 1
297.76 0.1 1
299.78 0.1 1
301.79 0.1 1
303.71 0.1 1
305.86 0.1 1
307.7 0.1 1
309.81 0.1 1
325.7 0.1 1
327.54 0.1 1
331.52 0.1 1
333.59 0.1 1
337.41 0.1 1
341.48 0.1 1
349.5 0.1 1
355.35 0.1 1
359.42 0.1 1
361.25 0.1 1
363.38 0.1 1
365.33 0.1 1
371.29 0.1 1
375.19 0.1 1
377.29 0.1 1
385.07 0.1 1
393.14 0.1 1
395.08 0.1 1
400.96 0.1 1
402.91 0.1 1
410.85 0.1 1
412.87 0.1 1
414.83 0.1 1
424.89 0.1 1
426.89 0.1 1
438.61 0.1 1
440.66 0.1 1
442.75 0.1 1
446.65 0.1 1
448.7 0.1 1
458.57 0.1 1
462.5 0.1 1
466.54 0.1 1
468.45 0.1 1
474.39 0.1 1
480.39 0.1 1
482.38 0.1 1
484.33 0.1 1
486.39 0.1 1
492.2 0.1 1
494.15 0.1 1
496.28 0.1 1
500.17 0.1 1
504.13 0.1 1
