4.23 0.1 1
6.07 0.1 1
10.05 0.1 1
12.1 0.1 1
18.17 0.1 1
20.09 0.1 1
21.95 0.1 1
24.04 0.1 1
25.92 0.1 1
33.96 0.1 1
35.89 0.1 1
37.86 0.1 1
41.8 0.1 1
45.78 0.1 1
47.93 0.1 1
49.8 0.1 1
51.78 0.1 1
57.75 0.1 1
67.72 0.1 1
69.64 0.1 1
71.74 0.1 1
73.56 0.1 1
77.69 0.1 1
79.66 0.1 1
81.63 0.1 1
85.51 0.1 1
87.43 0.1 1
89.55 0.1 1
91.51 0.1 1
95.36 0.1 1
107.35 0.1 1
121.21 0.1 1
125.24 0.1 1
127.24 0.1 1
131.23 0.1 1
133.09 0.1 1
135.03 0.1 1
137.18 0.1 1
139.05 0.1 1
144.95 0.1 1
147.07 0.1 1
150.97 0.1 1
152.9 0.1 1
154.92 0.1 1
162.96 0.1 1
166.81 0.1 1
168.81 0.1 1
170.74 0.1 1
172.89 0.1 1
176.84 0.1 1
182.63 0.1 1
184.63 0.1 1
190.62 0.1 1
194.6 0.1 1
198.57 0.1 1
202.6 0.1 1
208.6 0.1 1
214.54 0.1 1
218.49 0.1 1
224.39 0.1 1
228.26 0.1 1
238.15 0.1 1
244.2 0.1 1
246.24 0.1 1
250.24 0.1 1
258.12 0.1 1
260.16 0.1 1
262.04 0.1 1
264.09 0.1 1
266.09 0.1 1
269.89 0.1 1
273.96 0.1 1
275.91 0.1 1
279.81 0.1 1
285.78 0.1 1
289.73 0.1 1
295.84 0.1 1
297.72 0.1 1
299.84 0.1 1
301.82 0.1 1
303.82 0.1 1
305.77 0.1 1
307.76 0.1 1
309.59 0.1 1
325.46 0.1 1
327.48 0.1 1
331.55 0.1 1
333.38 0.1 1
337.44 0.1 1
341.44 0.1 1
349.29 0.1 1
355.23 0.1 1
359.31 0.1 1
361.29 0.1 1
363.14 0.1 1
365.26 0.1 1
371.23 0.1 1
375.23 0.1 1
377.15 0.1 1
385.17 0.1 1
392.99 0.1 1
394.94 0.1 1
400.89 0.1 1
402.82 0.1 1
410.8 0.1 1
412.83 0.1 1
414.73 0.1 1
424.85 0.1 1
426.77 0.1 1
438.59 0.1 1
440.56 0.1 1
442.61 0.1 1
446.64 0.1 1
448.59 0.1 1
458.56 0.1 1
462.4 0.1 1
466.48 0.1 1
468.43 0.1 1
474.3 0.1 1
480.2 0.1 1
482.24 0.1 1
484.37 0.1 1
486.34 0.1 1
492.14 0.1 1
494.19 0.1 1
496.26 0.1 1
500.11 0.1 1
504.03 0.1 1
