4.15 0.1 1
6.1 0.1 1
10.2 0.1 1
12.02 0.1 1
18.09 0.1 1
20.02 0.1 1
22.09 0.1 1
24.12 0.1 1
25.97 0.1 1
34.01 0.1 1
35.99 0.1 1
37.94 0.1 1
41.96 0.1 1
45.9 0.1 1
47.78 0.1 1
49.78 0.1 1
51.77 0.1 1
57.73 0.1 1
67.66 0.1 1
69.75 0.1 1
71.71 0.1 1
73.61 0.1 1
77.61 0.1 1
79.61 0.1 1
81.54 0.1 1
85.59 0.1 1
87.53 0.1 1
89.5 0.1 1
91.5 0.1 1
95.45 0.1 1
107.4 0.1 1
121.24 0.1 1
125.26 0.1 1
127.19 0.1 1
131.23 0.1 1
133.04 0.1 1
135.13 0.1 1
137.21 0.1 1
139.03 0.1 1
145.07 0.1 1
146.98 0.1 1
150.99 0.1 1
152.95 0.1 1
155.04 0.1 1
162.92 0.1 1
166.89 0.1 1
168.84 0.1 1
170.81 0.1 1
172.93 0.1 1
176.86 0.1 1
182.66 0.1 1
184.81 0.1 1
190.78 0.1 1
194.7 0.1 1
198.6 0.1 1
202.57 0.1 1
208.61 0.1 1
214.56 0.1 1
218.56 0.1 1
224.31 0.1 1
228.46 0.1 1
238.22 0.1 1
244.22 0.1 1
246.14 0.1 1
250.17 0.1 1
258.19 0.1 1
260.18 0.1 1
262.07 0.1 1
263.99 0.1 1
266.04 0.1 1
270 0.1 1
274.01 0.1 1
276.03 0.1 1
279.92 0.1 1
285.9 0.1 1
289.79 0.1 1
295.82 0.1 1
297.74 0.1 1
299.82 0.1 1
301.71 0.1 1
303.81 0.1 1
305.84 0.1 1
307.82 0.1 1
309.66 0.1 1
325.63 0.1 1
327.68 0.1 1
331.52 0.1 1
333.49 0.1 1
337.59 0.1 1
341.44 0.1 1
349.36 0.1 1
355.44 0.1 1
359.34 0.1 1
361.36 0.1 1
363.33 0.1 1
365.23 0.1 1
371.23 0.1 1
375.13 0.1 1
377.2 0.1 1
385.1 0.1 1
393.02 0.1 1
395.02 0.1 1
401.01 0.1 1
403.04 0.1 1
410.9 0.1 1
412.88 0.1 1
414.81 0.1 1
424.87 0.1 1
426.82 0.1 1
438.77 0.1 1
440.72 0.1 1
442.71 0.1 1
446.58 0.1 1
448.71 0.1 1
458.6 0.1 1
462.55 0.1 1
466.52 0.1 1
468.48 0.1 1
474.3 0.1 1
480.44 0.1 1
482.42 0.1 1
484.32 0.1 1
486.39 0.1 1
492.28 0.1 1
494.28 0.1 1
496.31 0.1 1
500.3 0.1 1
504.06 0.1 1
