4.09 0.1 1
6.21 0.1 1
10.07 0.1 1
12.04 0.1 1
18.08 0.1 1
20.08 0.1 1
22.06 0.1 1
24 0.1 1
25.95 0.1 1
33.9 0.1 1
35.93 0.1 1
37.97 0.1 1
41.8 0.1 1
45.9 0.1 1
47.84 0.1 1
49.85 0.1 1
51.82 0.1 1
57.69 0.1 1
67.74 0.1 1
69.63 0.1 1
71.58 0.1 1
73.73 0.1 1
77.53 0.1 1
79.5 0.1 1
81.47 0.1 1
85.63 0.1 1
87.52 0.1 1
89.4 0.1 1
91.54 0.1 1
95.42 0.1 1
107.38 0.1 1
121.15 0.1 1
125.22 0.1 1
127.2 0.1 1
131.07 0.1 1
133.22 0.1 1
135.03 0.1 1
137.09 0.1 1
139.07 0.1 1
144.99 0.1 1
147.06 0.1 1
151.06 0.1 1
152.91 0.1 1
154.84 0.1 1
162.9 0.1 1
166.85 0.1 1
168.81 0.1 1
170.81 0.1 1
172.7 0.1 1
176.82 0.1 1
182.65 0.1 1
184.62 0.1 1
190.54 0.1 1
194.62 0.1 1
198.51 0.1 1
202.43 0.1 1
208.38 0.1 1
214.53 0.1 1
218.5 0.1 1
224.28 0.1 1
228.3 0.1 1
238.27 0.1 1
244.22 0.1 1
246.22 0.1 1
250.21 0.1 1
258.1 0.1 1
260.16 0.1 1
262.01 0.1 1
264.01 0.1 1
266.02 0.1 1
270 0.1 1
274.05 0.1 1
275.95 0.1 1
279.84 0.1 1
285.81 0.1 1
289.92 0.1 1
295.86 0.1 1
297.79 0.1 1
299.78 0.1 1
301.68 0.1 1
303.71 0.1 1
305.73 0.1 1
307.6 0.1 1
309.73 0.1 1
325.52 0.1 1
327.5 0.1 1
331.54 0.1 1
333.37 0.1 1
337.44 0.1 1
341.48 0.1 1
349.26 0.1 1
355.33 0.1 1
359.23 0.1 1
361.22 0.1 1
363.17 0.1 1
365.19 0.1 1
371.27 0.1 1
375.22 0.1 1
377.12 0.1 1
385.07 0.1 1
393 0.1 1
395.05 0.1 1
400.83 0.1 1
403 0.1 1
410.85 0.1 1
412.82 0.1 1
414.9 0.1 1
424.67 0.1 1
426.79 0.1 1
438.73 0.1 1
440.64 0.1 1
442.56 0.1 1
446.66 0.1 1
448.53 0.1 1
458.44 0.1 1
462.35 0.1 1
466.39 0.1 1
468.29 0.1 1
474.26 0.1 1
480.28 0.1 1
482.29 0.1 1
484.33 0.1 1
486.35 0.1 1
492.15 0.1 1
494.2 0.1 1
496.23 0.1 1
500.03 0.1 1
504.07 0.1 1
