4.21 0.1 1
6.13 0.1 1
10.08 0.1 1
12.03 0.1 1
18.05 0.1 1
20.15 0.1 1
22.02 0.1 1
23.95 0.1 1
25.98 0.1 1
33.89 0.1 1
36.01 0.1 1
37.96 0.1 1
41.92 0.1 1
45.94 0.1 1
47.91 0.1 1
49.79 0.1 1
51.73 0.1 1
57.71 0.1 1
67.73 0.1 1
69.55 0.1 1
71.67 0.1 1
73.69 0.1 1
77.55 0.1 1
79.59 0.1 1
81.5 0.1 1
85.52 0.1 1
87.47 0.1 1
89.56 0.1 1
91.54 0.1 1
95.44 0.1 1
107.42 0.1 1
121.22 0.1 1
125.1 0.1 1
127.09 0.1 1
131.12 0.1 1
133.19 0.1 1
135.09 0.1 1
137.03 0.1 1
139.13 0.1 1
145.11 0.1 1
147.05 0.1 1
150.9 0.1 1
152.95 0.1 1
154.9 0.1 1
162.94 0.1 1
166.75 0.1 1
168.72 0.1 1
170.7 0.1 1
172.85 0.1 1
176.82 0.1 1
182.69 0.1 1
184.59 0.1 1
190.66 0.1 1
194.66 0.1 1
198.68 0.1 1
202.48 0.1 1
208.55 0.1 1
214.55 0.1 1
218.47 0.1 1
224.31 0.1 1
228.36 0.1 1
238.18 0.1 1
244.25 0.1 1
246.1 0.1 1
250.08 0.1 1
258.12 0.1 1
260.04 0.1 1
262.17 0.1 1
264.12 0.1 1
266 0.1 1
269.91 0.1 1
274.02 0.1 1
276.02 0.1 1
279.93 0.1 1
285.93 0.1 1
289.81 0.1 1
295.85 0.1 1
297.85 0.1 1
299.72 0.1 1
301.83 0.1 1
303.79 0.1 1
305.67 0.1 1
307.7 0.1 1
309.59 0.1 1
325.59 0.1 1
327.59 0.1 1
331.48 0.1 1
333.6 0.1 1
337.38 0.1 1
341.42 0.1 1
349.47 0.1 1
355.34 0.1 1
359.37 0.1 1
361.31 0.1 1
363.34 0.1 1
365.31 0.1 1
371.11 0.1 1
375.18 0.1 1
377.14 0.1 1
385.1 0.1 1
392.95 0.1 1
394.97 0.1 1
401.02 0.1 1
402.99 0.1 1
410.81 0.1 1
412.94 0.1 1
414.86 0.1 1
424.68 0.1 1
426.63 0.1 1
438.73 0.1 1
440.65 0.1 1
442.6 0.1 1
446.47 0.1 1
448.59 0.1 1
458.41 0.1 1
462.36 0.1 1
466.39 0.1 1
468.33 0.1 1
474.41 0.1 1
480.32 0.1 1
482.38 0.1 1
484.17 0.1 1
486.18 0.1 1
492.15 0.1 1
494.19 0.1 1
496.14 0.1 1
500.09 0.1 1
504.19 0.1 1
