4.11 0.1 1
6.14 0.1 1
10.18 0.1 1
12.09 0.1 1
18.18 0.1 1
20.05 0.1 1
21.96 0.1 1
24.03 0.1 1
25.97 0.1 1
33.97 0.1 1
35.89 0.1 1
37.94 0.1 1
41.91 0.1 1
45.89 0.1 1
47.89 0.1 1
49.77 0.1 1
51.76 0.1 1
57.76 0.1 1
67.7 0.1 1
69.72 0.1 1
71.6 0.1 1
73.62 0.1 1
77.58 0.1 1
79.58 0.1 1
81.49 0.1 1
85.47 0.1 1
87.54 0.1 1
89.56 0.1 1
91.41 0.1 1
95.47 0.1 1
107.31 0.1 1
121.28 0.1 1
125.2 0.1 1
127.15 0.1 1
131.2 0.1 1
133.19 0.1 1
135.04 0.1 1
137.07 0.1 1
139.16 0.1 1
145.07 0.1 1
146.91 0.1 1
150.93 0.1 1
153 0.1 1
155.03 0.1 1
162.88 0.1 1
166.9 0.1 1
168.9 0.1 1
170.72 0.1 1
172.9 0.1 1
176.84 0.1 1
182.75 0.1 1
184.64 0.1 1
190.56 0.1 1
194.54 0.1 1
198.61 0.1 1
202.5 0.1 1
208.47 0.1 1
214.45 0.1 1
218.44 0.1 1
224.29 0.1 1
228.42 0.1 1
238.28 0.1 1
244.21 0.1 1
246.08 0.1 1
250.16 0.1 1
258.17 0.1 1
260.17 0.1 1
262.13 0.1 1
264.04 0.1 1
266.07 0.1 1
269.9 0.1 1
273.86 0.1 1
275.96 0.1 1
279.87 0.1 1
285.96 0.1 1
289.88 0.1 1
295.68 0.1 1
297.76 0.1 1
299.76 0.1 1
301.65 0.1 1
303.67 0.1 1
305.73 0.1 1
307.75 0.1 1
309.7 0.1 1
325.61 0.1 1
327.49 0.1 1
331.44 0.1 1
333.51 0.1 1
337.53 0.1 1
341.45 0.1 1
349.33 0.1 1
355.25 0.1 1
359.29 0.1 1
361.32 0.1 1
363.22 0.1 1
365.15 0.1 1
371.24 0.1 1
375.11 0.1 1
377.06 0.1 1
385.06 0.1 1
392.96 0.1 1
395.08 0.1 1
400.93 0.1 1
402.92 0.1 1
410.94 0.1 1
412.9 0.1 1
414.81 0.1 1
424.78 0.1 1
426.73 0.1 1
438.7 0.1 1
440.65 0.1 1
442.67 0.1 1
446.55 0.1 1
448.58 0.1 1
458.54 0.1 1
462.49 0.1 1
466.51 0.1 1
468.36 0.1 1
474.29 0.1 1
480.28 0.1 1
482.28 0.1 1
484.23 0.1 1
486.18 0.1 1
492.2 0.1 1
494.22 0.1 1
496.07 0.1 1
500.07 0.1 1
504.15 0.1 1
