4.14 0.1 1
6.26 0.1 1
10.18 0.1 1
12.08 0.1 1
18.14 0.1 1
20.05 0.1 1
22.03 0.1 1
24.1 0.1 1
26 0.1 1
34.05 0.1 1
35.88 0.1 1
38 0.1 1
41.9 0.1 1
45.8 0.1 1
47.86 0.1 1
49.74 0.1 1
51.86 0.1 1
57.73 0.1 1
67.68 0.1 1
69.56 0.1 1
71.63 0.1 1
73.7 0.1 1
77.53 0.1 1
79.48 0.1 1
81.47 0.1 1
85.64 0.1 1
87.45 0.1 1
89.42 0.1 1
91.57 0.1 1
95.49 0.1 1
107.38 0.1 1
121.15 0.1 1
125.3 0.1 1
127.3 0.1 1
131.17 0.1 1
133.19 0.1 1
135.04 0.1 1
137.04 0.1 1
139.14 0.1 1
145.14 0.1 1
147.14 0.1 1
151.06 0.1 1
153.01 0.1 1
155 0.1 1
163.01 0.1 1
166.8 0.1 1
168.77 0.1 1
170.88 0.1 1
172.84 0.1 1
176.84 0.1 1
182.85 0.1 1
184.81 0.1 1
190.69 0.1 1
194.68 0.1 1
198.58 0.1 1
202.66 0.1 1
208.62 0.1 1
214.48 0.1 1
218.35 0.1 1
224.44 0.1 1
228.29 0.1 1
238.19 0.1 1
244.26 0.1 1
246.31 0.1 1
250.3 0.1 1
258.15 0.1 1
260.07 0.1 1
262.12 0.1 1
264.13 0.1 1
266.12 0.1 1
270.1 0.1 1
274.09 0.1 1
276.09 0.1 1
279.89 0.1 1
285.89 0.1 1
289.96 0.1 1
295.85 0.1 1
297.71 0.1 1
299.8 0.1 1
301.8 0.1 1
303.85 0.1 1
305.65 0.1 1
307.72 0.1 1
309.74 0.1 1
325.51 0.1 1
327.51 0.1 1
331.63 0.1 1
333.61 0.1 1
337.43 0.1 1
341.43 0.1 1
349.38 0.1 1
355.45 0.1 1
359.4 0.1 1
361.37 0.1 1
363.29 0.1 1
365.17 0.1 1
371.17 0.1 1
375.18 0.1 1
377.19 0.1 1
385.13 0.1 1
393.13 0.1 1
395.12 0.1 1
401.05 0.1 1
402.87 0.1 1
410.82 0.1 1
412.86 0.1 1
414.97 0.1 1
424.76 0.1 1
426.81 0.1 1
438.76 0.1 1
440.67 0.1 1
442.55 0.1 1
446.62 0.1 1
448.6 0.1 1
458.44 0.1 1
462.47 0.1 1
466.52 0.1 1
468.43 0.1 1
474.31 0.1 1
480.28 0.1 1
482.23 0.1 1
484.38 0.1 1
486.28 0.1 1
492.32 0.1 1
494.17 0.1 1
496.15 0.1 1
500.2 0.1 1
504.21 0.1 1
