4.2 0.1 1
6.08 0.1 1
10.08 0.1 1
12.12 0.1 1
18.17 0.1 1
20.09 0.1 1
22.04 0.1 1
23.97 0.1 1
25.99 0.1 1
33.91 0.1 1
35.92 0.1 1
37.79 0.1 1
41.84 0.1 1
45.76 0.1 1
47.88 0.1 1
49.73 0.1 1
51.86 0.1 1
57.63 0.1 1
67.72 0.1 1
69.57 0.1 1
71.6 0.1 1
73.62 0.1 1
77.62 0.1 1
79.47 0.1 1
81.56 0.1 1
85.54 0.1 1
87.53 0.1 1
89.39 0.1 1
91.5 0.1 1
95.51 0.1 1
107.23 0.1 1
121.12 0.1 1
125.16 0.1 1
127.17 0.1 1
131.13 0.1 1
133.01 0.1 1
135.06 0.1 1
137.04 0.1 1
138.93 0.1 1
145.03 0.1 1
146.91 0.1 1
150.83 0.1 1
152.97 0.1 1
154.87 0.1 1
162.89 0.1 1
166.77 0.1 1
168.72 0.1 1
170.67 0.1 1
172.64 0.1 1
176.79 0.1 1
182.59 0.1 1
184.59 0.1 1
190.68 0.1 1
194.5 0.1 1
198.57 0.1 1
202.53 0.1 1
208.47 0.1 1
214.34 0.1 1
218.42 0.1 1
224.29 0.1 1
228.21 0.1 1
238.22 0.1 1
244.15 0.1 1
246.08 0.1 1
250.15 0.1 1
258.07 0.1 1
260.07 0.1 1
261.91 0.1 1
263.94 0.1 1
265.98 0.1 1
269.99 0.1 1
273.81 0.1 1
275.93 0.1 1
279.85 0.1 1
285.8 0.1 1
289.82 0.1 1
295.8 0.1 1
297.79 0.1 1
299.69 0.1 1
301.77 0.1 1
303.72 0.1 1
305.74 0.1 1
307.54 0.1 1
309.69 0.1 1
325.51 0.1 1
327.53 0.1 1
331.43 0.1 1
333.43 0.1 1
337.3 0.1 1
341.42 0.1 1
349.34 0.1 1
355.26 0.1 1
359.16 0.1 1
361.31 0.1 1
363.28 0.1 1
365.08 0.1 1
371.16 0.1 1
375.03 0.1 1
377.18 0.1 1
385.1 0.1 1
392.99 0.1 1
394.87 0.1 1
400.99 0.1 1
402.98 0.1 1
410.79 0.1 1
412.73 0.1 1
414.68 0.1 1
424.77 0.1 1
426.58 0.1 1
438.57 0.1 1
440.47 0.1 1
442.56 0.1 1
446.46 0.1 1
448.52 0.1 1
458.43 0.1 1
462.35 0.1 1
466.4 0.1 1
468.25 0.1 1
474.33 0.1 1
480.35 0.1 1
482.22 0.1 1
484.14 0.1 1
486.11 0.1 1
492.06 0.1 1
494.19 0.1 1
496.14 0.1 1
500.18 0.1 1
503.94 0.1 1
