4.08 0.1 1
6.2 0.1 1
10.18 0.1 1
12.05 0.1 1
18.02 0.1 1
19.95 0.1 1
21.94 0.1 1
23.97 0.1 1
25.91 0.1 1
33.99 0.1 1
36.01 0.1 1
37.96 0.1 1
41.81 0.1 1
45.88 0.1 1
47.78 0.1 1
49.75 0.1 1
51.72 0.1 1
57.65 0.1 1
67.64 0.1 1
69.75 0.1 1
71.74 0.1 1
73.56 0.1 1
77.64 0.1 1
79.67 0.1 1
81.56 0.1 1
85.58 0.1 1
87.51 0.1 1
89.55 0.1 1
91.43 0.1 1
95.55 0.1 1
107.28 0.1 1
121.22 0.1 1
125.29 0.1 1
127.29 0.1 1
131.08 0.1 1
133.11 0.1 1
135.03 0.1 1
137.1 0.1 1
139.2 0.1 1
145.01 0.1 1
147.03 0.1 1
150.92 0.1 1
153.02 0.1 1
155.04 0.1 1
162.89 0.1 1
166.91 0.1 1
168.96 0.1 1
170.74 0.1 1
172.91 0.1 1
176.81 0.1 1
182.75 0.1 1
184.78 0.1 1
190.7 0.1 1
194.75 0.1 1
198.72 0.1 1
202.55 0.1 1
208.49 0.1 1
214.59 0.1 1
218.56 0.1 1
224.48 0.1 1
228.29 0.1 1
238.23 0.1 1
244.27 0.1 1
246.28 0.1 1
250.24 0.1 1
258.14 0.1 1
260.21 0.1 1
262.12 0.1 1
264.16 0.1 1
265.96 0.1 1
269.93 0.1 1
273.98 0.1 1
275.96 0.1 1
279.91 0.1 1
285.83 0.1 1
289.77 0.1 1
295.9 0.1 1
297.77 0.1 1
299.7 0.1 1
301.79 0.1 1
303.71 0.1 1
305.82 0.1 1
307.76 0.1 1
309.77 0.1 1
325.63 0.1 1
327.56 0.1 1
331.55 0.1 1
333.53 0.1 1
337.5 0.1 1
341.5 0.1 1
349.29 0.1 1
355.44 0.1 1
359.41 0.1 1
361.33 0.1 1
363.34 0.1 1
365.16 0.1 1
371.11 0.1 1
375.25 0.1 1
377.13 0.1 1
385.05 0.1 1
393.02 0.1 1
394.95 0.1 1
400.87 0.1 1
402.93 0.1 1
410.79 0.1 1
412.88 0.1 1
414.88 0.1 1
424.7 0.1 1
426.78 0.1 1
438.62 0.1 1
440.7 0.1 1
442.69 0.1 1
446.71 0.1 1
448.52 0.1 1
458.58 0.1 1
462.43 0.1 1
466.53 0.1 1
468.48 0.1 1
474.48 0.1 1
480.3 0.1 1
482.42 0.1 1
484.22 0.1 1
486.39 0.1 1
492.17 0.1 1
494.19 0.1 1
496.27 0.1 1
500.24 0.1 1
504.24 0.1 1
