4.28 0.1 1
6.16 0.1 1
10.21 0.1 1
12.21 0.1 1
18.16 0.1 1
20.05 0.1 1
21.96 0.1 1
24.03 0.1 1
25.95 0.1 1
33.85 0.1 1
35.9 0.1 1
37.99 0.1 1
41.82 0.1 1
45.92 0.1 1
47.74 0.1 1
49.77 0.1 1
51.76 0.1 1
57.69 0.1 1
67.56 0.1 1
69.65 0.1 1
71.73 0.1 1
73.62 0.1 1
77.6 0.1 1
79.55 0.1 1
81.6 0.1 1
85.62 0.1 1
87.57 0.1 1
89.54 0.1 1
91.57 0.1 1
95.34 0.1 1
107.3 0.1 1
121.3 0.1 1
125.2 0.1 1
127.19 0.1 1
131.05 0.1 1
133.12 0.1 1
135.17 0.1 1
137.14 0.1 1
139.14 0.1 1
145.11 0.1 1
147.03 0.1 1
151 0.1 1
152.85 0.1 1
154.98 0.1 1
162.78 0.1 1
166.93 0.1 1
168.88 0.1 1
170.79 0.1 1
172.8 0.1 1
176.81 0.1 1
182.67 0.1 1
184.67 0.1 1
190.63 0.1 1
194.66 0.1 1
198.55 0.1 1
202.46 0.1 1
208.6 0.1 1
214.47 0.1 1
218.42 0.1 1
224.42 0.1 1
228.27 0.1 1
238.36 0.1 1
244.15 0.1 1
246.16 0.1 1
250.18 0.1 1
258.02 0.1 1
260.02 0.1 1
262.1 0.1 1
264.15 0.1 1
266.14 0.1 1
270.02 0.1 1
273.97 0.1 1
275.86 0.1 1
279.98 0.1 1
285.89 0.1 1
289.91 0.1 1
295.87 0.1 1
297.88 0.1 1
299.82 0.1 1
301.82 0.1 1
303.67 0.1 1
305.63 0.1 1
307.59 0.1 1
309.72 0.1 1
325.61 0.1 1
327.63 0.1 1
331.56 0.1 1
333.39 0.1 1
337.46 0.1 1
341.5 0.1 1
349.42 0.1 1
355.3 0.1 1
359.32 0.1 1
361.19 0.1 1
363.26 0.1 1
365.27 0.1 1
371.18 0.1 1
375.06 0.1 1
377.16 0.1 1
384.98 0.1 1
393.08 0.1 1
395.02 0.1 1
401 0.1 1
403 0.1 1
410.92 0.1 1
412.81 0.1 1
414.77 0.1 1
424.64 0.1 1
426.68 0.1 1
438.73 0.1 1
440.69 0.1 1
442.55 0.1 1
446.64 0.1 1
448.55 0.1 1
458.41 0.1 1
462.46 0.1 1
466.44 0.1 1
468.39 0.1 1
474.41 0.1 1
480.35 0.1 1
482.3 0.1 1
484.22 0.1 1
486.15 0.1 1
492.17 0.1 1
494.25 0.1 1
496.22 0.1 1
500.04 0.1 1
504.06 0.1 1
