4.15 0.1 1
6.18 0.1 1
10 0.1 1
12.1 0.1 1
17.98 0.1 1
20 0.1 1
22.01 0.1 1
23.87 0.1 1
25.87 0.1 1
33.74 0.1 1
35.84 0.1 1
37.68 0.1 1
41.63 0.1 1
45.69 0.1 1
47.67 0.1 1
49.61 0.1 1
51.46 0.1 1
57.45 0.1 1
67.49 0.1 1
69.39 0.1 1
71.43 0.1 1
73.38 0.1 1
77.22 0.1 1
79.29 0.1 1
81.24 0.1 1
85.13 0.1 1
87.21 0.1 1
89.15 0.1 1
91.13 0.1 1
95.04 0.1 1
106.97 0.1 1
120.73 0.1 1
124.72 0.1 1
126.6 0.1 1
130.59 0.1 1
132.53 0.1 1
134.58 0.1 1
136.6 0.1 1
138.46 0.1 1
144.55 0.1 1
146.5 0.1 1
150.49 0.1 1
152.29 0.1 1
154.28 0.1 1
162.35 0.1 1
166.28 0.1 1
168.19 0.1 1
170.05 0.1 1
172.01 0.1 1
175.99 0.1 1
181.99 0.1 1
184.01 0.1 1
189.92 0.1 1
193.94 0.1 1
197.82 0.1 1
201.84 0.1 1
207.77 0.1 1
213.72 0.1 1
217.51 0.1 1
223.58 0.1 1
227.52 0.1 1
237.45 0.1 1
243.39 0.1 1
245.34 0.1 1
249.34 0.1 1
257.13 0.1 1
259.27 0.1 1
261.04 0.1 1
263.09 0.1 1
265.01 0.1 1
269.06 0.1 1
273.02 0.1 1
274.85 0.1 1
279 0.1 1
284.84 0.1 1
288.88 0.1 1
294.79 0.1 1
296.66 0.1 1
298.73 0.1 1
300.66 0.1 1
302.61 0.1 1
304.53 0.1 1
306.52 0.1 1
308.55 0.1 1
324.32 0.1 1
326.45 0.1 1
330.24 0.1 1
332.34 0.1 1
336.28 0.1 1
340.25 0.1 1
348.09 0.1 1
354.08 0.1 1
357.9 0.1 1
359.99 0.1 1
362 0.1 1
363.84 0.1 1
369.81 0.1 1
373.77 0.1 1
375.69 0.1 1
383.63 0.1 1
391.53 0.1 1
393.54 0.1 1
399.56 0.1 1
401.44 0.1 1
409.39 0.1 1
411.37 0.1 1
413.31 0.1 1
423.18 0.1 1
425.24 0.1 1
437.15 0.1 1
439.13 0.1 1
440.98 0.1 1
445.07 0.1 1
447.07 0.1 1
456.88 0.1 1
460.84 0.1 1
464.79 0.1 1
466.83 0.1 1
472.63 0.1 1
478.74 0.1 1
480.69 0.1 1
482.68 0.1 1
484.59 0.1 1
490.6 0.1 1
492.45 0.1 1
494.44 0.1 1
498.36 0.1 1
502.3 0.1 1
