4.26 0.1 1
6.1 0.1 1
10.15 0.1 1
12.02 0.1 1
18 0.1 1
20.07 0.1 1
21.94 0.1 1
24.04 0.1 1
26.02 0.1 1
33.87 0.1 1
35.86 0.1 1
37.98 0.1 1
41.79 0.1 1
45.81 0.1 1
47.91 0.1 1
49.81 0.1 1
51.76 0.1 1
57.72 0.1 1
67.74 0.1 1
69.72 0.1 1
71.65 0.1 1
73.57 0.1 1
77.69 0.1 1
79.66 0.1 1
81.66 0.1 1
85.49 0.1 1
87.44 0.1 1
89.43 0.1 1
91.55 0.1 1
95.46 0.1 1
107.42 0.1 1
121.16 0.1 1
125.31 0.1 1
127.24 0.1 1
131.24 0.1 1
133.08 0.1 1
135.21 0.1 1
137.15 0.1 1
139.15 0.1 1
145.1 0.1 1
147.05 0.1 1
150.95 0.1 1
152.95 0.1 1
154.9 0.1 1
162.82 0.1 1
166.81 0.1 1
168.94 0.1 1
170.91 0.1 1
172.89 0.1 1
176.88 0.1 1
182.76 0.1 1
184.75 0.1 1
190.61 0.1 1
194.55 0.1 1
198.55 0.1 1
202.57 0.1 1
208.55 0.1 1
214.54 0.1 1
218.36 0.1 1
224.31 0.1 1
228.43 0.1 1
238.16 0.1 1
244.32 0.1 1
246.15 0.1 1
250.22 0.1 1
258.16 0.1 1
260.06 0.1 1
261.99 0.1 1
264.07 0.1 1
266.07 0.1 1
270.03 0.1 1
274.05 0.1 1
276.03 0.1 1
279.98 0.1 1
285.97 0.1 1
289.95 0.1 1
295.89 0.1 1
297.72 0.1 1
299.72 0.1 1
301.74 0.1 1
303.82 0.1 1
305.79 0.1 1
307.81 0.1 1
309.66 0.1 1
325.5 0.1 1
327.51 0.1 1
331.48 0.1 1
333.5 0.1 1
337.57 0.1 1
341.54 0.1 1
349.42 0.1 1
355.26 0.1 1
359.23 0.1 1
361.33 0.1 1
363.29 0.1 1
365.23 0.1 1
371.1 0.1 1
375.18 0.1 1
377.22 0.1 1
385.05 0.1 1
392.92 0.1 1
394.96 0.1 1
400.94 0.1 1
402.99 0.1 1
410.91 0.1 1
412.81 0.1 1
414.75 0.1 1
424.83 0.1 1
426.68 0.1 1
438.7 0.1 1
440.67 0.1 1
442.54 0.1 1
446.54 0.1 1
448.46 0.1 1
458.58 0.1 1
462.45 0.1 1
466.42 0.1 1
468.35 0.1 1
474.44 0.1 1
480.34 0.1 1
482.2 0.1 1
484.36 0.1 1
486.24 0.1 1
492.12 0.1 1
494.16 0.1 1
496.19 0.1 1
500.14 0.1 1
504.16 0.1 1
