4.24 0.1 1
6.19 0.1 1
10.06 0.1 1
12.14 0.1 1
18.09 0.1 1
19.99 0.1 1
21.96 0.1 1
24.05 0.1 1
26 0.1 1
33.97 0.1 1
35.93 0.1 1
37.85 0.1 1
41.85 0.1 1
45.9 0.1 1
47.87 0.1 1
49.7 0.1 1
51.82 0.1 1
57.81 0.1 1
67.73 0.1 1
69.56 0.1 1
71.51 0.1 1
73.63 0.1 1
77.56 0.1 1
79.63 0.1 1
81.53 0.1 1
85.4 0.1 1
87.47 0.1 1
89.44 0.1 1
91.35 0.1 1
95.4 0.1 1
107.36 0.1 1
121.2 0.1 1
125.15 0.1 1
127.12 0.1 1
131.05 0.1 1
133.18 0.1 1
135.19 0.1 1
137.1 0.1 1
139.1 0.1 1
145.04 0.1 1
147.01 0.1 1
150.87 0.1 1
153.04 0.1 1
154.99 0.1 1
162.93 0.1 1
166.9 0.1 1
168.7 0.1 1
170.75 0.1 1
172.85 0.1 1
176.82 0.1 1
182.74 0.1 1
184.65 0.1 1
190.5 0.1 1
194.46 0.1 1
198.61 0.1 1
202.51 0.1 1
208.38 0.1 1
214.35 0.1 1
218.41 0.1 1
224.42 0.1 1
228.22 0.1 1
238.24 0.1 1
244.21 0.1 1
246.23 0.1 1
250.06 0.1 1
258.01 0.1 1
260 0.1 1
261.96 0.1 1
264.03 0.1 1
265.95 0.1 1
269.88 0.1 1
273.87 0.1 1
276 0.1 1
279.8 0.1 1
285.91 0.1 1
289.89 0.1 1
295.69 0.1 1
297.64 0.1 1
299.81 0.1 1
301.61 0.1 1
303.75 0.1 1
305.61 0.1 1
307.65 0.1 1
309.68 0.1 1
325.42 0.1 1
327.5 0.1 1
331.39 0.1 1
333.37 0.1 1
337.29 0.1 1
341.36 0.1 1
349.3 0.1 1
355.21 0.1 1
359.15 0.1 1
361.27 0.1 1
363.17 0.1 1
365.25 0.1 1
371.04 0.1 1
375.02 0.1 1
377.02 0.1 1
384.94 0.1 1
393.01 0.1 1
395.01 0.1 1
400.78 0.1 1
402.83 0.1 1
410.82 0.1 1
412.74 0.1 1
414.7 0.1 1
424.62 0.1 1
426.68 0.1 1
438.53 0.1 1
440.58 0.1 1
442.55 0.1 1
446.5 0.1 1
448.55 0.1 1
458.4 0.1 1
462.4 0.1 1
466.37 0.1 1
468.42 0.1 1
474.23 0.1 1
480.14 0.1 1
482.23 0.1 1
484.31 0.1 1
486.23 0.1 1
492.18 0.1 1
494.1 0.1 1
496.02 0.1 1
500.13 0.1 1
504.14 0.1 1
