4.29 0.1 1
6.21 0.1 1
10.18 0.1 1
12.06 0.1 1
18.16 0.1 1
20.15 0.1 1
22.13 0.1 1
24.07 0.1 1
26.1 0.1 1
33.9 0.1 1
35.84 0.1 1
38 0.1 1
41.94 0.1 1
45.82 0.1 1
47.74 0.1 1
49.89 0.1 1
51.73 0.1 1
57.7 0.1 1
67.73 0.1 1
69.77 0.1 1
71.73 0.1 1
73.73 0.1 1
77.58 0.1 1
79.54 0.1 1
81.65 0.1 1
85.56 0.1 1
87.56 0.1 1
89.52 0.1 1
91.39 0.1 1
95.44 0.1 1
107.4 0.1 1
121.2 0.1 1
125.29 0.1 1
127.1 0.1 1
131.22 0.1 1
133.11 0.1 1
135.09 0.1 1
137.16 0.1 1
139.02 0.1 1
145.14 0.1 1
147.01 0.1 1
151.1 0.1 1
152.93 0.1 1
154.9 0.1 1
162.9 0.1 1
166.78 0.1 1
168.95 0.1 1
170.94 0.1 1
172.74 0.1 1
176.69 0.1 1
182.77 0.1 1
184.74 0.1 1
190.73 0.1 1
194.73 0.1 1
198.68 0.1 1
202.5 0.1 1
208.57 0.1 1
214.49 0.1 1
218.55 0.1 1
224.42 0.1 1
228.34 0.1 1
238.36 0.1 1
244.31 0.1 1
246.28 0.1 1
250.16 0.1 1
258.08 0.1 1
260.1 0.1 1
262.15 0.1 1
264.15 0.1 1
266.14 0.1 1
270.14 0.1 1
274.04 0.1 1
275.98 0.1 1
279.94 0.1 1
286 0.1 1
289.95 0.1 1
295.87 0.1 1
297.73 0.1 1
299.75 0.1 1
301.83 0.1 1
303.69 0.1 1
305.69 0.1 1
307.82 0.1 1
309.77 0.1 1
325.54 0.1 1
327.68 0.1 1
331.46 0.1 1
333.46 0.1 1
337.58 0.1 1
341.53 0.1 1
349.42 0.1 1
355.32 0.1 1
359.39 0.1 1
361.36 0.1 1
363.34 0.1 1
365.27 0.1 1
371.24 0.1 1
375.19 0.1 1
377.16 0.1 1
385.2 0.1 1
392.97 0.1 1
395.04 0.1 1
400.87 0.1 1
402.87 0.1 1
410.92 0.1 1
412.96 0.1 1
414.89 0.1 1
424.73 0.1 1
426.8 0.1 1
438.62 0.1 1
440.62 0.1 1
442.57 0.1 1
446.62 0.1 1
448.49 0.1 1
458.52 0.1 1
462.46 0.1 1
466.5 0.1 1
468.43 0.1 1
474.36 0.1 1
480.32 0.1 1
482.3 0.1 1
484.23 0.1 1
486.35 0.1 1
492.29 0.1 1
494.29 0.1 1
496.11 0.1 1
500.26 0.1 1
504.02 0.1 1
