4.11 0.1 1
6.12 0.1 1
10.04 0.1 1
12.13 0.1 1
17.98 0.1 1
20 0.1 1
22.01 0.1 1
23.96 0.1 1
25.93 0.1 1
33.94 0.1 1
36.02 0.1 1
37.9 0.1 1
41.87 0.1 1
45.84 0.1 1
47.86 0.1 1
49.76 0.1 1
51.82 0.1 1
57.71 0.1 1
67.78 0.1 1
69.7 0.1 1
71.55 0.1 1
73.55 0.1 1
77.67 0.1 1
79.48 0.1 1
81.62 0.1 1
85.62 0.1 1
87.59 0.1 1
89.5 0.1 1
91.56 0.1 1
95.46 0.1 1
107.46 0.1 1
121.33 0.1 1
125.23 0.1 1
127.14 0.1 1
131.14 0.1 1
133.17 0.1 1
135.17 0.1 1
137.1 0.1 1
139.11 0.1 1
145.09 0.1 1
147.11 0.1 1
151.01 0.1 1
153.03 0.1 1
155.06 0.1 1
162.83 0.1 1
166.78 0.1 1
168.97 0.1 1
170.85 0.1 1
172.85 0.1 1
176.87 0.1 1
182.71 0.1 1
184.66 0.1 1
190.59 0.1 1
194.64 0.1 1
198.73 0.1 1
202.68 0.1 1
208.45 0.1 1
214.4 0.1 1
218.45 0.1 1
224.42 0.1 1
228.46 0.1 1
238.32 0.1 1
244.33 0.1 1
246.18 0.1 1
250.28 0.1 1
258.1 0.1 1
260.05 0.1 1
262.12 0.1 1
264.18 0.1 1
266 0.1 1
270.14 0.1 1
274.04 0.1 1
276.09 0.1 1
280.01 0.1 1
286.01 0.1 1
289.93 0.1 1
295.93 0.1 1
297.93 0.1 1
299.9 0.1 1
301.75 0.1 1
303.88 0.1 1
305.87 0.1 1
307.78 0.1 1
309.75 0.1 1
325.64 0.1 1
327.64 0.1 1
331.54 0.1 1
333.59 0.1 1
337.59 0.1 1
341.56 0.1 1
349.35 0.1 1
355.3 0.1 1
359.24 0.1 1
361.25 0.1 1
363.35 0.1 1
365.37 0.1 1
371.34 0.1 1
375.14 0.1 1
377.23 0.1 1
385.11 0.1 1
393 0.1 1
395.11 0.1 1
401.08 0.1 1
402.9 0.1 1
410.82 0.1 1
412.99 0.1 1
414.92 0.1 1
424.86 0.1 1
426.71 0.1 1
438.66 0.1 1
440.75 0.1 1
442.75 0.1 1
446.7 0.1 1
448.53 0.1 1
458.64 0.1 1
462.4 0.1 1
466.37 0.1 1
468.44 0.1 1
474.49 0.1 1
480.33 0.1 1
482.28 0.1 1
484.33 0.1 1
486.36 0.1 1
492.28 0.1 1
494.2 0.1 1
496.23 0.1 1
500.3 0.1 1
504.17 0.1 1
