4.21 0.1 1
6.22 0.1 1
10.18 0.1 1
12.04 0.1 1
18.01 0.1 1
20.05 0.1 1
22.13 0.1 1
24.05 0.1 1
26.08 0.1 1
33.85 0.1 1
35.97 0.1 1
37.92 0.1 1
41.79 0.1 1
45.91 0.1 1
47.82 0.1 1
49.84 0.1 1
51.86 0.1 1
57.76 0.1 1
67.7 0.1 1
69.7 0.1 1
71.58 0.1 1
73.62 0.1 1
77.62 0.1 1
79.52 0.1 1
81.62 0.1 1
85.55 0.1 1
87.49 0.1 1
89.56 0.1 1
91.52 0.1 1
95.39 0.1 1
107.33 0.1 1
121.2 0.1 1
125.32 0.1 1
127.24 0.1 1
131.17 0.1 1
133.07 0.1 1
135.21 0.1 1
137.16 0.1 1
139.14 0.1 1
145.14 0.1 1
147.04 0.1 1
151.06 0.1 1
153.06 0.1 1
154.93 0.1 1
162.93 0.1 1
166.78 0.1 1
168.78 0.1 1
170.92 0.1 1
172.84 0.1 1
176.81 0.1 1
182.67 0.1 1
184.79 0.1 1
190.78 0.1 1
194.75 0.1 1
198.61 0.1 1
202.68 0.1 1
208.63 0.1 1
214.45 0.1 1
218.57 0.1 1
224.46 0.1 1
228.29 0.1 1
238.29 0.1 1
244.33 0.1 1
246.22 0.1 1
250.25 0.1 1
258.12 0.1 1
260.12 0.1 1
262.05 0.1 1
264.04 0.1 1
266.07 0.1 1
270.16 0.1 1
274.07 0.1 1
276.04 0.1 1
280.01 0.1 1
285.85 0.1 1
289.81 0.1 1
295.75 0.1 1
297.9 0.1 1
299.85 0.1 1
301.85 0.1 1
303.89 0.1 1
305.67 0.1 1
307.82 0.1 1
309.84 0.1 1
325.66 0.1 1
327.64 0.1 1
331.51 0.1 1
333.51 0.1 1
337.47 0.1 1
341.52 0.1 1
349.52 0.1 1
355.37 0.1 1
359.42 0.1 1
361.36 0.1 1
363.38 0.1 1
365.39 0.1 1
371.16 0.1 1
375.13 0.1 1
377.15 0.1 1
385.15 0.1 1
393.09 0.1 1
394.99 0.1 1
400.94 0.1 1
402.99 0.1 1
410.98 0.1 1
412.84 0.1 1
414.83 0.1 1
424.87 0.1 1
426.8 0.1 1
438.72 0.1 1
440.7 0.1 1
442.64 0.1 1
446.72 0.1 1
448.71 0.1 1
458.56 0.1 1
462.55 0.1 1
466.41 0.1 1
468.56 0.1 1
474.33 0.1 1
480.44 0.1 1
482.42 0.1 1
484.44 0.1 1
486.31 0.1 1
492.31 0.1 1
494.23 0.1 1
496.16 0.1 1
500.19 0.1 1
504.1 0.1 1
