4.2 0.1 1
6.23 0.1 1
10.09 0.1 1
12.07 0.1 1
18.07 0.1 1
20.01 0.1 1
22.11 0.1 1
23.94 0.1 1
26.02 0.1 1
33.86 0.1 1
35.93 0.1 1
37.83 0.1 1
41.83 0.1 1
45.93 0.1 1
47.83 0.1 1
49.75 0.1 1
51.7 0.1 1
57.75 0.1 1
67.71 0.1 1
69.76 0.1 1
71.71 0.1 1
73.66 0.1 1
77.58 0.1 1
79.53 0.1 1
81.64 0.1 1
85.55 0.1 1
87.43 0.1 1
89.55 0.1 1
91.53 0.1 1
95.5 0.1 1
107.42 0.1 1
121.21 0.1 1
125.11 0.1 1
127.28 0.1 1
131.08 0.1 1
133.18 0.1 1
135.22 0.1 1
137.08 0.1 1
139.13 0.1 1
145.09 0.1 1
147.12 0.1 1
150.97 0.1 1
152.97 0.1 1
155.07 0.1 1
162.99 0.1 1
166.83 0.1 1
168.93 0.1 1
170.93 0.1 1
172.84 0.1 1
176.86 0.1 1
182.68 0.1 1
184.8 0.1 1
190.72 0.1 1
194.67 0.1 1
198.65 0.1 1
202.59 0.1 1
208.61 0.1 1
214.53 0.1 1
218.48 0.1 1
224.35 0.1 1
228.4 0.1 1
238.35 0.1 1
244.17 0.1 1
246.27 0.1 1
250.11 0.1 1
258.11 0.1 1
260.21 0.1 1
262.09 0.1 1
264.08 0.1 1
266.01 0.1 1
270.01 0.1 1
274.03 0.1 1
275.97 0.1 1
279.92 0.1 1
285.97 0.1 1
289.97 0.1 1
295.79 0.1 1
297.82 0.1 1
299.89 0.1 1
301.89 0.1 1
303.81 0.1 1
305.84 0.1 1
307.69 0.1 1
309.69 0.1 1
325.62 0.1 1
327.65 0.1 1
331.45 0.1 1
333.49 0.1 1
337.45 0.1 1
341.54 0.1 1
349.36 0.1 1
355.41 0.1 1
359.3 0.1 1
361.23 0.1 1
363.38 0.1 1
365.21 0.1 1
371.32 0.1 1
375.27 0.1 1
377.22 0.1 1
385.16 0.1 1
393.07 0.1 1
394.98 0.1 1
401.01 0.1 1
403.08 0.1 1
410.96 0.1 1
412.95 0.1 1
414.8 0.1 1
424.79 0.1 1
426.82 0.1 1
438.64 0.1 1
440.78 0.1 1
442.74 0.1 1
446.71 0.1 1
448.53 0.1 1
458.62 0.1 1
462.57 0.1 1
466.52 0.1 1
468.42 0.1 1
474.31 0.1 1
480.44 0.1 1
482.42 0.1 1
484.29 0.1 1
486.31 0.1 1
492.21 0.1 1
494.21 0.1 1
496.28 0.1 1
500.2 0.1 1
504.23 0.1 1
