4.2 0.1 1
6.17 0.1 1
10.13 0.1 1
12.17 0.1 1
18.09 0.1 1
19.99 0.1 1
22 0.1 1
23.96 0.1 1
25.97 0.1 1
34.04 0.1 1
35.91 0.1 1
37.94 0.1 1
41.96 0.1 1
45.78 0.1 1
47.88 0.1 1
49.91 0.1 1
51.8 0.1 1
57.7 0.1 1
67.61 0.1 1
69.64 0.1 1
71.69 0.1 1
73.71 0.1 1
77.59 0.1 1
79.53 0.1 1
81.49 0.1 1
85.58 0.1 1
87.53 0.1 1
89.55 0.1 1
91.55 0.1 1
95.38 0.1 1
107.37 0.1 1
121.31 0.1 1
125.24 0.1 1
127.26 0.1 1
131.19 0.1 1
133.11 0.1 1
135.15 0.1 1
137.03 0.1 1
139 0.1 1
145.13 0.1 1
147.1 0.1 1
151.02 0.1 1
152.95 0.1 1
154.87 0.1 1
162.92 0.1 1
166.79 0.1 1
168.92 0.1 1
170.81 0.1 1
172.79 0.1 1
176.71 0.1 1
182.68 0.1 1
184.6 0.1 1
190.73 0.1 1
194.6 0.1 1
198.5 0.1 1
202.47 0.1 1
208.56 0.1 1
214.54 0.1 1
218.32 0.1 1
224.41 0.1 1
228.31 0.1 1
238.33 0.1 1
244.13 0.1 1
246.25 0.1 1
250.1 0.1 1
258.01 0.1 1
260.14 0.1 1
262.16 0.1 1
264.04 0.1 1
266.02 0.1 1
270.09 0.1 1
273.88 0.1 1
276.03 0.1 1
279.98 0.1 1
285.88 0.1 1
289.88 0.1 1
295.77 0.1 1
297.89 0.1 1
299.82 0.1 1
301.84 0.1 1
303.84 0.1 1
305.69 0.1 1
307.69 0.1 1
309.69 0.1 1
325.63 0.1 1
327.56 0.1 1
331.45 0.1 1
333.58 0.1 1
337.48 0.1 1
341.39 0.1 1
349.32 0.1 1
355.36 0.1 1
359.38 0.1 1
361.23 0.1 1
363.28 0.1 1
365.24 0.1 1
371.15 0.1 1
375.1 0.1 1
377.08 0.1 1
384.97 0.1 1
393.07 0.1 1
395 0.1 1
400.92 0.1 1
402.92 0.1 1
410.79 0.1 1
412.76 0.1 1
414.76 0.1 1
424.85 0.1 1
426.63 0.1 1
438.59 0.1 1
440.72 0.1 1
442.57 0.1 1
446.64 0.1 1
448.51 0.1 1
458.43 0.1 1
462.46 0.1 1
466.38 0.1 1
468.3 0.1 1
474.45 0.1 1
480.2 0.1 1
482.34 0.1 1
484.35 0.1 1
486.15 0.1 1
492.19 0.1 1
494.17 0.1 1
496.17 0.1 1
500.21 0.1 1
504.11 0.1 1
