4.26 0.1 1
6.26 0.1 1
10.16 0.1 1
12.2 0.1 1
18.07 0.1 1
20.12 0.1 1
22.13 0.1 1
24.02 0.1 1
25.93 0.1 1
33.95 0.1 1
35.96 0.1 1
37.94 0.1 1
41.87 0.1 1
45.89 0.1 1
47.76 0.1 1
49.81 0.1 1
51.7 0.1 1
57.85 0.1 1
67.57 0.1 1
69.75 0.1 1
71.69 0.1 1
73.67 0.1 1
77.65 0.1 1
79.54 0.1 1
81.54 0.1 1
85.46 0.1 1
87.42 0.1 1
89.59 0.1 1
91.58 0.1 1
95.48 0.1 1
107.45 0.1 1
121.15 0.1 1
125.25 0.1 1
127.16 0.1 1
131.22 0.1 1
133.06 0.1 1
135.11 0.1 1
137.18 0.1 1
139.03 0.1 1
145 0.1 1
146.95 0.1 1
151.01 0.1 1
152.93 0.1 1
155.01 0.1 1
162.87 0.1 1
166.94 0.1 1
168.8 0.1 1
170.8 0.1 1
172.71 0.1 1
176.76 0.1 1
182.81 0.1 1
184.76 0.1 1
190.69 0.1 1
194.51 0.1 1
198.58 0.1 1
202.6 0.1 1
208.42 0.1 1
214.35 0.1 1
218.32 0.1 1
224.37 0.1 1
228.39 0.1 1
238.25 0.1 1
244.15 0.1 1
246.25 0.1 1
250.08 0.1 1
258.07 0.1 1
259.97 0.1 1
261.99 0.1 1
263.92 0.1 1
266.09 0.1 1
270.04 0.1 1
273.88 0.1 1
275.88 0.1 1
279.94 0.1 1
285.86 0.1 1
289.75 0.1 1
295.77 0.1 1
297.82 0.1 1
299.65 0.1 1
301.79 0.1 1
303.72 0.1 1
305.74 0.1 1
307.69 0.1 1
309.62 0.1 1
325.53 0.1 1
327.39 0.1 1
331.38 0.1 1
333.35 0.1 1
337.38 0.1 1
341.47 0.1 1
349.27 0.1 1
355.34 0.1 1
359.24 0.1 1
361.14 0.1 1
363.26 0.1 1
365.17 0.1 1
371.06 0.1 1
375.13 0.1 1
377 0.1 1
384.95 0.1 1
392.9 0.1 1
394.94 0.1 1
400.85 0.1 1
402.89 0.1 1
410.81 0.1 1
412.74 0.1 1
414.86 0.1 1
424.68 0.1 1
426.58 0.1 1
438.65 0.1 1
440.62 0.1 1
442.45 0.1 1
446.44 0.1 1
448.6 0.1 1
458.36 0.1 1
462.46 0.1 1
466.28 0.1 1
468.43 0.1 1
474.3 0.1 1
480.18 0.1 1
482.2 0.1 1
484.13 0.1 1
486.17 0.1 1
492.12 0.1 1
494.12 0.1 1
496.11 0.1 1
500.11 0.1 1
504.07 0.1 1
