4.22 0.1 1
6.09 0.1 1
10.16 0.1 1
12.16 0.1 1
18.18 0.1 1
20.14 0.1 1
22.13 0.1 1
24.01 0.1 1
26.08 0.1 1
34 0.1 1
36 0.1 1
37.85 0.1 1
41.8 0.1 1
45.89 0.1 1
47.87 0.1 1
49.81 0.1 1
51.84 0.1 1
57.86 0.1 1
67.6 0.1 1
69.65 0.1 1
71.7 0.1 1
73.53 0.1 1
77.7 0.1 1
79.62 0.1 1
81.47 0.1 1
85.47 0.1 1
87.42 0.1 1
89.4 0.1 1
91.59 0.1 1
95.36 0.1 1
107.39 0.1 1
121.35 0.1 1
125.28 0.1 1
127.28 0.1 1
131.19 0.1 1
133.17 0.1 1
135.04 0.1 1
137.02 0.1 1
139.17 0.1 1
145.07 0.1 1
147.07 0.1 1
151.06 0.1 1
152.99 0.1 1
154.91 0.1 1
162.8 0.1 1
166.93 0.1 1
168.83 0.1 1
170.93 0.1 1
172.78 0.1 1
176.82 0.1 1
182.67 0.1 1
184.71 0.1 1
190.61 0.1 1
194.74 0.1 1
198.66 0.1 1
202.61 0.1 1
208.6 0.1 1
214.5 0.1 1
218.43 0.1 1
224.32 0.1 1
228.32 0.1 1
238.24 0.1 1
244.23 0.1 1
246.28 0.1 1
250.21 0.1 1
258.1 0.1 1
260.08 0.1 1
262.15 0.1 1
264 0.1 1
266.04 0.1 1
269.95 0.1 1
273.94 0.1 1
276.09 0.1 1
279.96 0.1 1
285.93 0.1 1
289.86 0.1 1
295.85 0.1 1
297.86 0.1 1
299.73 0.1 1
301.81 0.1 1
303.83 0.1 1
305.7 0.1 1
307.77 0.1 1
309.77 0.1 1
325.66 0.1 1
327.57 0.1 1
331.49 0.1 1
333.46 0.1 1
337.6 0.1 1
341.55 0.1 1
349.33 0.1 1
355.33 0.1 1
359.24 0.1 1
361.24 0.1 1
363.32 0.1 1
365.2 0.1 1
371.26 0.1 1
375.24 0.1 1
377.18 0.1 1
385.05 0.1 1
393.05 0.1 1
395.1 0.1 1
400.9 0.1 1
403 0.1 1
410.87 0.1 1
412.99 0.1 1
414.86 0.1 1
424.78 0.1 1
426.78 0.1 1
438.67 0.1 1
440.67 0.1 1
442.65 0.1 1
446.7 0.1 1
448.52 0.1 1
458.51 0.1 1
462.42 0.1 1
466.56 0.1 1
468.54 0.1 1
474.36 0.1 1
480.33 0.1 1
482.33 0.1 1
484.26 0.1 1
486.35 0.1 1
492.22 0.1 1
494.15 0.1 1
496.25 0.1 1
500.15 0.1 1
504.12 0.1 1
