4.15 0.1 1
6.15 0.1 1
10.08 0.1 1
12.02 0.1 1
17.97 0.1 1
20.09 0.1 1
22.04 0.1 1
24.12 0.1 1
26.02 0.1 1
34.03 0.1 1
35.89 0.1 1
37.91 0.1 1
41.85 0.1 1
45.91 0.1 1
47.88 0.1 1
49.85 0.1 1
51.85 0.1 1
57.72 0.1 1
67.56 0.1 1
69.61 0.1 1
71.52 0.1 1
73.64 0.1 1
77.67 0.1 1
79.49 0.1 1
81.48 0.1 1
85.44 0.1 1
87.56 0.1 1
89.56 0.1 1
91.46 0.1 1
95.53 0.1 1
107.37 0.1 1
121.29 0.1 1
125.09 0.1 1
127.14 0.1 1
131.19 0.1 1
133.08 0.1 1
135.1 0.1 1
137.16 0.1 1
139.12 0.1 1
144.98 0.1 1
146.92 0.1 1
150.94 0.1 1
153.05 0.1 1
154.97 0.1 1
162.79 0.1 1
166.78 0.1 1
168.83 0.1 1
170.88 0.1 1
172.83 0.1 1
176.73 0.1 1
182.61 0.1 1
184.63 0.1 1
190.65 0.1 1
194.53 0.1 1
198.65 0.1 1
202.47 0.1 1
208.47 0.1 1
214.36 0.1 1
218.41 0.1 1
224.31 0.1 1
228.21 0.1 1
238.32 0.1 1
244.19 0.1 1
246.24 0.1 1
250.09 0.1 1
258.11 0.1 1
260.03 0.1 1
262.03 0.1 1
264.01 0.1 1
266.06 0.1 1
269.9 0.1 1
273.9 0.1 1
276.03 0.1 1
279.98 0.1 1
285.95 0.1 1
289.72 0.1 1
295.87 0.1 1
297.84 0.1 1
299.77 0.1 1
301.76 0.1 1
303.68 0.1 1
305.68 0.1 1
307.59 0.1 1
309.69 0.1 1
325.5 0.1 1
327.5 0.1 1
331.54 0.1 1
333.37 0.1 1
337.47 0.1 1
341.36 0.1 1
349.32 0.1 1
355.33 0.1 1
359.33 0.1 1
361.18 0.1 1
363.18 0.1 1
365.31 0.1 1
371.1 0.1 1
375.08 0.1 1
377.02 0.1 1
384.95 0.1 1
392.99 0.1 1
395.06 0.1 1
401.01 0.1 1
402.98 0.1 1
410.85 0.1 1
412.85 0.1 1
414.8 0.1 1
424.82 0.1 1
426.62 0.1 1
438.57 0.1 1
440.57 0.1 1
442.49 0.1 1
446.49 0.1 1
448.5 0.1 1
458.38 0.1 1
462.38 0.1 1
466.33 0.1 1
468.4 0.1 1
474.27 0.1 1
480.29 0.1 1
482.21 0.1 1
484.24 0.1 1
486.18 0.1 1
492.28 0.1 1
494.23 0.1 1
496.11 0.1 1
500.23 0.1 1
504.13 0.1 1
