4.12 0.1 1
6.09 0.1 1
10.11 0.1 1
12.19 0.1 1
18.06 0.1 1
20.03 0.1 1
22.15 0.1 1
24.1 0.1 1
25.98 0.1 1
34.03 0.1 1
35.87 0.1 1
37.94 0.1 1
41.82 0.1 1
45.87 0.1 1
47.79 0.1 1
49.91 0.1 1
51.71 0.1 1
57.68 0.1 1
67.68 0.1 1
69.73 0.1 1
71.6 0.1 1
73.67 0.1 1
77.62 0.1 1
79.48 0.1 1
81.64 0.1 1
85.44 0.1 1
87.55 0.1 1
89.57 0.1 1
91.41 0.1 1
95.51 0.1 1
107.29 0.1 1
121.3 0.1 1
125.2 0.1 1
127.3 0.1 1
131.07 0.1 1
133.22 0.1 1
135.09 0.1 1
137.04 0.1 1
139.06 0.1 1
144.99 0.1 1
147.09 0.1 1
150.91 0.1 1
152.93 0.1 1
154.93 0.1 1
162.85 0.1 1
166.95 0.1 1
168.87 0.1 1
170.8 0.1 1
172.85 0.1 1
176.84 0.1 1
182.75 0.1 1
184.81 0.1 1
190.77 0.1 1
194.68 0.1 1
198.54 0.1 1
202.68 0.1 1
208.46 0.1 1
214.55 0.1 1
218.38 0.1 1
224.37 0.1 1
228.42 0.1 1
238.21 0.1 1
244.19 0.1 1
246.11 0.1 1
250.28 0.1 1
258.13 0.1 1
260 0.1 1
262.1 0.1 1
264.03 0.1 1
266.12 0.1 1
270 0.1 1
274.02 0.1 1
275.87 0.1 1
279.86 0.1 1
285.96 0.1 1
289.94 0.1 1
295.69 0.1 1
297.68 0.1 1
299.71 0.1 1
301.71 0.1 1
303.63 0.1 1
305.63 0.1 1
307.78 0.1 1
309.77 0.1 1
325.49 0.1 1
327.59 0.1 1
331.44 0.1 1
333.39 0.1 1
337.48 0.1 1
341.41 0.1 1
349.37 0.1 1
355.27 0.1 1
359.22 0.1 1
361.3 0.1 1
363.25 0.1 1
365.25 0.1 1
371.11 0.1 1
375.19 0.1 1
377.07 0.1 1
385.08 0.1 1
393.03 0.1 1
394.95 0.1 1
401 0.1 1
403.03 0.1 1
410.89 0.1 1
412.87 0.1 1
414.74 0.1 1
424.71 0.1 1
426.71 0.1 1
438.73 0.1 1
440.71 0.1 1
442.58 0.1 1
446.57 0.1 1
448.53 0.1 1
458.52 0.1 1
462.5 0.1 1
466.52 0.1 1
468.41 0.1 1
474.44 0.1 1
480.23 0.1 1
482.35 0.1 1
484.33 0.1 1
486.16 0.1 1
492.28 0.1 1
494.1 0.1 1
496.08 0.1 1
500.24 0.1 1
504.1 0.1 1
