4.08 0.1 1
6.21 0.1 1
10.03 0.1 1
12.03 0.1 1
18.17 0.1 1
20.07 0.1 1
22.02 0.1 1
24.02 0.1 1
25.99 0.1 1
33.84 0.1 1
35.91 0.1 1
37.83 0.1 1
41.98 0.1 1
45.91 0.1 1
47.93 0.1 1
49.72 0.1 1
51.78 0.1 1
57.8 0.1 1
67.61 0.1 1
69.74 0.1 1
71.67 0.1 1
73.72 0.1 1
77.56 0.1 1
79.56 0.1 1
81.66 0.1 1
85.56 0.1 1
87.51 0.1 1
89.56 0.1 1
91.51 0.1 1
95.43 0.1 1
107.27 0.1 1
121.17 0.1 1
125.26 0.1 1
127.29 0.1 1
131.15 0.1 1
133.23 0.1 1
135.23 0.1 1
137.15 0.1 1
139.15 0.1 1
144.97 0.1 1
147.05 0.1 1
151.07 0.1 1
152.97 0.1 1
154.99 0.1 1
162.92 0.1 1
166.96 0.1 1
168.76 0.1 1
170.83 0.1 1
172.89 0.1 1
176.75 0.1 1
182.81 0.1 1
184.73 0.1 1
190.67 0.1 1
194.65 0.1 1
198.59 0.1 1
202.62 0.1 1
208.44 0.1 1
214.51 0.1 1
218.48 0.1 1
224.31 0.1 1
228.41 0.1 1
238.18 0.1 1
244.3 0.1 1
246.14 0.1 1
250.07 0.1 1
258.16 0.1 1
260.09 0.1 1
262.09 0.1 1
263.93 0.1 1
265.93 0.1 1
269.98 0.1 1
273.88 0.1 1
275.87 0.1 1
279.98 0.1 1
285.95 0.1 1
289.8 0.1 1
295.72 0.1 1
297.74 0.1 1
299.67 0.1 1
301.79 0.1 1
303.66 0.1 1
305.73 0.1 1
307.59 0.1 1
309.61 0.1 1
325.63 0.1 1
327.53 0.1 1
331.49 0.1 1
333.44 0.1 1
337.35 0.1 1
341.51 0.1 1
349.41 0.1 1
355.39 0.1 1
359.16 0.1 1
361.3 0.1 1
363.31 0.1 1
365.16 0.1 1
371.07 0.1 1
375.08 0.1 1
377.05 0.1 1
385.02 0.1 1
392.97 0.1 1
395.06 0.1 1
400.89 0.1 1
403 0.1 1
410.88 0.1 1
412.87 0.1 1
414.83 0.1 1
424.75 0.1 1
426.79 0.1 1
438.68 0.1 1
440.68 0.1 1
442.58 0.1 1
446.46 0.1 1
448.56 0.1 1
458.45 0.1 1
462.48 0.1 1
466.38 0.1 1
468.35 0.1 1
474.32 0.1 1
480.34 0.1 1
482.27 0.1 1
484.36 0.1 1
486.27 0.1 1
492.09 0.1 1
494.25 0.1 1
496.08 0.1 1
500.1 0.1 1
504.1 0.1 1
