4.12 0.1 1
6.24 0.1 1
10.05 0.1 1
12.21 0.1 1
17.97 0.1 1
19.96 0.1 1
21.94 0.1 1
23.94 0.1 1
26.03 0.1 1
33.93 0.1 1
36.01 0.1 1
37.93 0.1 1
41.82 0.1 1
45.82 0.1 1
47.73 0.1 1
49.77 0.1 1
51.74 0.1 1
57.67 0.1 1
67.63 0.1 1
69.58 0.1 1
71.54 0.1 1
73.63 0.1 1
77.63 0.1 1
79.53 0.1 1
81.6 0.1 1
85.5 0.1 1
87.55 0.1 1
89.47 0.1 1
91.52 0.1 1
95.39 0.1 1
107.38 0.1 1
121.15 0.1 1
125.28 0.1 1
127.15 0.1 1
131.07 0.1 1
133.07 0.1 1
135.19 0.1 1
137.07 0.1 1
139.07 0.1 1
145 0.1 1
147.04 0.1 1
151.01 0.1 1
152.88 0.1 1
154.89 0.1 1
162.86 0.1 1
166.8 0.1 1
168.81 0.1 1
170.85 0.1 1
172.9 0.1 1
176.78 0.1 1
182.77 0.1 1
184.62 0.1 1
190.66 0.1 1
194.69 0.1 1
198.54 0.1 1
202.49 0.1 1
208.46 0.1 1
214.48 0.1 1
218.33 0.1 1
224.4 0.1 1
228.42 0.1 1
238.24 0.1 1
244.29 0.1 1
246.19 0.1 1
250.25 0.1 1
258.18 0.1 1
259.98 0.1 1
262.13 0.1 1
264.12 0.1 1
266.12 0.1 1
270.04 0.1 1
273.89 0.1 1
276.04 0.1 1
279.84 0.1 1
285.86 0.1 1
289.81 0.1 1
295.71 0.1 1
297.81 0.1 1
299.66 0.1 1
301.81 0.1 1
303.81 0.1 1
305.75 0.1 1
307.67 0.1 1
309.63 0.1 1
325.62 0.1 1
327.61 0.1 1
331.43 0.1 1
333.43 0.1 1
337.51 0.1 1
341.51 0.1 1
349.3 0.1 1
355.35 0.1 1
359.35 0.1 1
361.24 0.1 1
363.3 0.1 1
365.31 0.1 1
371.12 0.1 1
375.16 0.1 1
377.04 0.1 1
385.15 0.1 1
392.98 0.1 1
394.87 0.1 1
400.88 0.1 1
402.89 0.1 1
410.91 0.1 1
412.79 0.1 1
414.71 0.1 1
424.69 0.1 1
426.78 0.1 1
438.62 0.1 1
440.7 0.1 1
442.57 0.1 1
446.55 0.1 1
448.59 0.1 1
458.46 0.1 1
462.38 0.1 1
466.36 0.1 1
468.29 0.1 1
474.41 0.1 1
480.33 0.1 1
482.23 0.1 1
484.27 0.1 1
486.25 0.1 1
492.22 0.1 1
494.07 0.1 1
496.11 0.1 1
500.11 0.1 1
504.19 0.1 1
