4.13 0.1 1
6.03 0.1 1
9.99 0.1 1
12.11 0.1 1
18.05 0.1 1
19.95 0.1 1
21.95 0.1 1
23.95 0.1 1
25.89 0.1 1
33.83 0.1 1
35.81 0.1 1
37.67 0.1 1
41.74 0.1 1
45.71 0.1 1
47.71 0.1 1
49.68 0.1 1
51.63 0.1 1
57.44 0.1 1
67.5 0.1 1
69.47 0.1 1
71.43 0.1 1
73.25 0.1 1
77.36 0.1 1
79.14 0.1 1
81.11 0.1 1
85.13 0.1 1
87.12 0.1 1
89.19 0.1 1
91.02 0.1 1
94.99 0.1 1
106.95 0.1 1
120.8 0.1 1
124.69 0.1 1
126.76 0.1 1
130.74 0.1 1
132.55 0.1 1
134.62 0.1 1
136.58 0.1 1
138.64 0.1 1
144.41 0.1 1
146.39 0.1 1
150.3 0.1 1
152.35 0.1 1
154.35 0.1 1
162.23 0.1 1
166.11 0.1 1
168.28 0.1 1
170.15 0.1 1
172.12 0.1 1
176.17 0.1 1
181.91 0.1 1
184.01 0.1 1
189.99 0.1 1
193.81 0.1 1
197.76 0.1 1
201.73 0.1 1
207.74 0.1 1
213.76 0.1 1
217.72 0.1 1
223.57 0.1 1
227.44 0.1 1
237.44 0.1 1
243.33 0.1 1
245.41 0.1 1
249.37 0.1 1
257.14 0.1 1
259.23 0.1 1
261.06 0.1 1
263.11 0.1 1
265.05 0.1 1
269 0.1 1
273.02 0.1 1
275.01 0.1 1
278.81 0.1 1
284.79 0.1 1
288.86 0.1 1
294.78 0.1 1
296.61 0.1 1
298.65 0.1 1
300.7 0.1 1
302.54 0.1 1
304.49 0.1 1
306.49 0.1 1
308.58 0.1 1
324.48 0.1 1
326.44 0.1 1
330.31 0.1 1
332.35 0.1 1
336.19 0.1 1
340.21 0.1 1
348.18 0.1 1
354.09 0.1 1
357.99 0.1 1
360.01 0.1 1
361.9 0.1 1
363.92 0.1 1
369.81 0.1 1
373.88 0.1 1
375.74 0.1 1
383.67 0.1 1
391.58 0.1 1
393.63 0.1 1
399.63 0.1 1
401.59 0.1 1
409.35 0.1 1
411.45 0.1 1
413.32 0.1 1
423.38 0.1 1
425.19 0.1 1
437.06 0.1 1
439.06 0.1 1
441.01 0.1 1
445.05 0.1 1
446.95 0.1 1
456.94 0.1 1
460.88 0.1 1
464.82 0.1 1
466.8 0.1 1
472.64 0.1 1
478.58 0.1 1
480.63 0.1 1
482.67 0.1 1
484.59 0.1 1
490.61 0.1 1
492.58 0.1 1
494.37 0.1 1
498.39 0.1 1
502.44 0.1 1
