4.08 0.1 1
6.17 0.1 1
10.22 0.1 1
12.15 0.1 1
18.09 0.1 1
20.06 0.1 1
21.99 0.1 1
23.99 0.1 1
26.06 0.1 1
34.01 0.1 1
35.98 0.1 1
37.91 0.1 1
41.91 0.1 1
45.92 0.1 1
47.77 0.1 1
49.92 0.1 1
51.8 0.1 1
57.67 0.1 1
67.64 0.1 1
69.56 0.1 1
71.61 0.1 1
73.54 0.1 1
77.59 0.1 1
79.56 0.1 1
81.56 0.1 1
85.55 0.1 1
87.5 0.1 1
89.45 0.1 1
91.55 0.1 1
95.33 0.1 1
107.39 0.1 1
121.33 0.1 1
125.26 0.1 1
127.21 0.1 1
131.18 0.1 1
133.08 0.1 1
135.05 0.1 1
137.1 0.1 1
139.1 0.1 1
145.05 0.1 1
146.97 0.1 1
151.02 0.1 1
153 0.1 1
155.06 0.1 1
162.88 0.1 1
166.83 0.1 1
168.76 0.1 1
170.78 0.1 1
172.7 0.1 1
176.68 0.1 1
182.63 0.1 1
184.7 0.1 1
190.74 0.1 1
194.52 0.1 1
198.56 0.1 1
202.66 0.1 1
208.43 0.1 1
214.53 0.1 1
218.46 0.1 1
224.48 0.1 1
228.43 0.1 1
238.2 0.1 1
244.29 0.1 1
246.24 0.1 1
250.19 0.1 1
258.06 0.1 1
260.04 0.1 1
262.14 0.1 1
264.11 0.1 1
266.01 0.1 1
269.93 0.1 1
273.98 0.1 1
275.97 0.1 1
279.95 0.1 1
285.92 0.1 1
289.77 0.1 1
295.86 0.1 1
297.72 0.1 1
299.68 0.1 1
301.83 0.1 1
303.81 0.1 1
305.79 0.1 1
307.66 0.1 1
309.61 0.1 1
325.65 0.1 1
327.47 0.1 1
331.59 0.1 1
333.54 0.1 1
337.54 0.1 1
341.41 0.1 1
349.41 0.1 1
355.26 0.1 1
359.31 0.1 1
361.35 0.1 1
363.33 0.1 1
365.31 0.1 1
371.28 0.1 1
375.12 0.1 1
377.19 0.1 1
385.04 0.1 1
393.06 0.1 1
394.91 0.1 1
400.93 0.1 1
402.81 0.1 1
410.76 0.1 1
412.93 0.1 1
414.87 0.1 1
424.65 0.1 1
426.69 0.1 1
438.66 0.1 1
440.68 0.1 1
442.51 0.1 1
446.61 0.1 1
448.56 0.1 1
458.52 0.1 1
462.5 0.1 1
466.5 0.1 1
468.42 0.1 1
474.39 0.1 1
480.22 0.1 1
482.19 0.1 1
484.26 0.1 1
486.16 0.1 1
492.16 0.1 1
494.25 0.1 1
496.06 0.1 1
500.15 0.1 1
504.06 0.1 1
