4.12 0.1 1
6.22 0.1 1
10.15 0.1 1
12.12 0.1 1
18.07 0.1 1
20.09 0.1 1
22.11 0.1 1
23.92 0.1 1
25.99 0.1 1
33.98 0.1 1
35.91 0.1 1
37.93 0.1 1
41.96 0.1 1
45.76 0.1 1
47.78 0.1 1
49.91 0.1 1
51.82 0.1 1
57.85 0.1 1
67.59 0.1 1
69.61 0.1 1
71.66 0.1 1
73.66 0.1 1
77.61 0.1 1
79.49 0.1 1
81.64 0.1 1
85.46 0.1 1
87.53 0.1 1
89.46 0.1 1
91.46 0.1 1
95.35 0.1 1
107.4 0.1 1
121.31 0.1 1
125.11 0.1 1
127.28 0.1 1
131.13 0.1 1
133.06 0.1 1
135.03 0.1 1
137.13 0.1 1
139.06 0.1 1
145.12 0.1 1
147.05 0.1 1
150.94 0.1 1
153.07 0.1 1
155.02 0.1 1
162.91 0.1 1
166.94 0.1 1
168.76 0.1 1
170.89 0.1 1
172.83 0.1 1
176.78 0.1 1
182.71 0.1 1
184.76 0.1 1
190.75 0.1 1
194.6 0.1 1
198.59 0.1 1
202.57 0.1 1
208.47 0.1 1
214.54 0.1 1
218.44 0.1 1
224.43 0.1 1
228.45 0.1 1
238.32 0.1 1
244.32 0.1 1
246.12 0.1 1
250.07 0.1 1
258.04 0.1 1
260.11 0.1 1
262.11 0.1 1
264.11 0.1 1
266.06 0.1 1
269.96 0.1 1
273.9 0.1 1
276.03 0.1 1
280 0.1 1
285.92 0.1 1
289.79 0.1 1
295.85 0.1 1
297.79 0.1 1
299.67 0.1 1
301.71 0.1 1
303.81 0.1 1
305.64 0.1 1
307.71 0.1 1
309.69 0.1 1
325.48 0.1 1
327.48 0.1 1
331.53 0.1 1
333.4 0.1 1
337.38 0.1 1
341.47 0.1 1
349.46 0.1 1
355.34 0.1 1
359.21 0.1 1
361.26 0.1 1
363.35 0.1 1
365.23 0.1 1
371.3 0.1 1
375.13 0.1 1
377.15 0.1 1
385.12 0.1 1
393 0.1 1
394.97 0.1 1
400.93 0.1 1
402.84 0.1 1
410.98 0.1 1
412.78 0.1 1
414.78 0.1 1
424.85 0.1 1
426.72 0.1 1
438.62 0.1 1
440.61 0.1 1
442.54 0.1 1
446.67 0.1 1
448.48 0.1 1
458.51 0.1 1
462.5 0.1 1
466.35 0.1 1
468.42 0.1 1
474.33 0.1 1
480.34 0.1 1
482.25 0.1 1
484.25 0.1 1
486.32 0.1 1
492.16 0.1 1
494.16 0.1 1
496.21 0.1 1
500.18 0.1 1
504.1 0.1 1
