4.08 0.1 1
6.08 0.1 1
10.12 0.1 1
12.07 0.1 1
18.04 0.1 1
19.99 0.1 1
22.07 0.1 1
24.06 0.1 1
26.06 0.1 1
33.96 0.1 1
36.03 0.1 1
37.93 0.1 1
41.81 0.1 1
45.85 0.1 1
47.9 0.1 1
49.75 0.1 1
51.9 0.1 1
57.84 0.1 1
67.66 0.1 1
69.61 0.1 1
71.59 0.1 1
73.54 0.1 1
77.64 0.1 1
79.59 0.1 1
81.53 0.1 1
85.46 0.1 1
87.4 0.1 1
89.55 0.1 1
91.55 0.1 1
95.38 0.1 1
107.41 0.1 1
121.24 0.1 1
125.11 0.1 1
127.25 0.1 1
131.11 0.1 1
133.03 0.1 1
135.03 0.1 1
137 0.1 1
139.1 0.1 1
145.07 0.1 1
146.92 0.1 1
150.89 0.1 1
152.89 0.1 1
155.01 0.1 1
162.91 0.1 1
166.91 0.1 1
168.9 0.1 1
170.75 0.1 1
172.81 0.1 1
176.83 0.1 1
182.62 0.1 1
184.77 0.1 1
190.57 0.1 1
194.57 0.1 1
198.49 0.1 1
202.47 0.1 1
208.46 0.1 1
214.41 0.1 1
218.51 0.1 1
224.4 0.1 1
228.32 0.1 1
238.34 0.1 1
244.14 0.1 1
246.14 0.1 1
250.24 0.1 1
258.03 0.1 1
260.05 0.1 1
261.96 0.1 1
264 0.1 1
265.95 0.1 1
269.98 0.1 1
274.02 0.1 1
276.02 0.1 1
280.02 0.1 1
285.89 0.1 1
289.87 0.1 1
295.88 0.1 1
297.73 0.1 1
299.83 0.1 1
301.66 0.1 1
303.78 0.1 1
305.76 0.1 1
307.6 0.1 1
309.75 0.1 1
325.64 0.1 1
327.64 0.1 1
331.49 0.1 1
333.59 0.1 1
337.49 0.1 1
341.41 0.1 1
349.46 0.1 1
355.25 0.1 1
359.27 0.1 1
361.35 0.1 1
363.3 0.1 1
365.14 0.1 1
371.09 0.1 1
375.22 0.1 1
377.06 0.1 1
385.04 0.1 1
393.05 0.1 1
394.9 0.1 1
401.03 0.1 1
402.85 0.1 1
410.89 0.1 1
412.77 0.1 1
414.79 0.1 1
424.64 0.1 1
426.69 0.1 1
438.68 0.1 1
440.6 0.1 1
442.58 0.1 1
446.55 0.1 1
448.5 0.1 1
458.54 0.1 1
462.46 0.1 1
466.49 0.1 1
468.44 0.1 1
474.3 0.1 1
480.38 0.1 1
482.21 0.1 1
484.3 0.1 1
486.2 0.1 1
492.12 0.1 1
494.12 0.1 1
496.12 0.1 1
500.07 0.1 1
504.07 0.1 1
