4.11 0.1 1
6.16 0.1 1
10.18 0.1 1
12.11 0.1 1
18.15 0.1 1
20.06 0.1 1
21.96 0.1 1
24.02 0.1 1
25.92 0.1 1
33.95 0.1 1
35.84 0.1 1
37.99 0.1 1
41.97 0.1 1
45.87 0.1 1
47.91 0.1 1
49.88 0.1 1
51.71 0.1 1
57.83 0.1 1
67.72 0.1 1
69.67 0.1 1
71.63 0.1 1
73.55 0.1 1
77.55 0.1 1
79.52 0.1 1
81.57 0.1 1
85.54 0.1 1
87.57 0.1 1
89.59 0.1 1
91.54 0.1 1
95.42 0.1 1
107.36 0.1 1
121.2 0.1 1
125.12 0.1 1
127.1 0.1 1
131.22 0.1 1
133.09 0.1 1
135.16 0.1 1
137.16 0.1 1
138.99 0.1 1
144.94 0.1 1
146.91 0.1 1
150.96 0.1 1
153.03 0.1 1
155.01 0.1 1
162.97 0.1 1
166.78 0.1 1
168.75 0.1 1
170.7 0.1 1
172.87 0.1 1
176.67 0.1 1
182.77 0.1 1
184.71 0.1 1
190.68 0.1 1
194.69 0.1 1
198.6 0.1 1
202.63 0.1 1
208.53 0.1 1
214.42 0.1 1
218.5 0.1 1
224.32 0.1 1
228.29 0.1 1
238.34 0.1 1
244.3 0.1 1
246.1 0.1 1
250.16 0.1 1
258.1 0.1 1
260.1 0.1 1
262.13 0.1 1
263.94 0.1 1
265.92 0.1 1
270.02 0.1 1
274.04 0.1 1
275.99 0.1 1
279.81 0.1 1
285.84 0.1 1
289.81 0.1 1
295.71 0.1 1
297.73 0.1 1
299.7 0.1 1
301.72 0.1 1
303.75 0.1 1
305.65 0.1 1
307.63 0.1 1
309.74 0.1 1
325.49 0.1 1
327.49 0.1 1
331.41 0.1 1
333.53 0.1 1
337.46 0.1 1
341.3 0.1 1
349.35 0.1 1
355.39 0.1 1
359.15 0.1 1
361.22 0.1 1
363.22 0.1 1
365.19 0.1 1
371.16 0.1 1
375.04 0.1 1
377.14 0.1 1
385.03 0.1 1
393.03 0.1 1
395.02 0.1 1
400.82 0.1 1
402.97 0.1 1
410.87 0.1 1
412.71 0.1 1
414.87 0.1 1
424.8 0.1 1
426.61 0.1 1
438.53 0.1 1
440.6 0.1 1
442.48 0.1 1
446.5 0.1 1
448.47 0.1 1
458.39 0.1 1
462.38 0.1 1
466.29 0.1 1
468.34 0.1 1
474.28 0.1 1
480.21 0.1 1
482.25 0.1 1
484.12 0.1 1
486.1 0.1 1
492.2 0.1 1
494.14 0.1 1
496.1 0.1 1
500.02 0.1 1
504.01 0.1 1
