4.26 0.1 1
6.21 0.1 1
10.04 0.1 1
12.19 0.1 1
18.01 0.1 1
19.96 0.1 1
22.05 0.1 1
23.96 0.1 1
26 0.1 1
33.94 0.1 1
35.92 0.1 1
37.94 0.1 1
41.95 0.1 1
45.96 0.1 1
47.79 0.1 1
49.89 0.1 1
51.91 0.1 1
57.79 0.1 1
67.63 0.1 1
69.61 0.1 1
71.6 0.1 1
73.7 0.1 1
77.67 0.1 1
79.59 0.1 1
81.59 0.1 1
85.5 0.1 1
87.52 0.1 1
89.57 0.1 1
91.52 0.1 1
95.34 0.1 1
107.33 0.1 1
121.17 0.1 1
125.14 0.1 1
127.14 0.1 1
131.22 0.1 1
133.21 0.1 1
135.19 0.1 1
137.16 0.1 1
139.09 0.1 1
145.11 0.1 1
147 0.1 1
151.01 0.1 1
153.06 0.1 1
154.91 0.1 1
162.85 0.1 1
166.94 0.1 1
168.84 0.1 1
170.75 0.1 1
172.79 0.1 1
176.67 0.1 1
182.81 0.1 1
184.81 0.1 1
190.56 0.1 1
194.7 0.1 1
198.6 0.1 1
202.53 0.1 1
208.42 0.1 1
214.57 0.1 1
218.46 0.1 1
224.29 0.1 1
228.28 0.1 1
238.3 0.1 1
244.23 0.1 1
246.32 0.1 1
250.27 0.1 1
258.05 0.1 1
260.14 0.1 1
262.02 0.1 1
264.06 0.1 1
266.01 0.1 1
269.98 0.1 1
274.06 0.1 1
276.01 0.1 1
280.01 0.1 1
285.8 0.1 1
289.85 0.1 1
295.82 0.1 1
297.72 0.1 1
299.74 0.1 1
301.72 0.1 1
303.7 0.1 1
305.81 0.1 1
307.76 0.1 1
309.66 0.1 1
325.55 0.1 1
327.5 0.1 1
331.51 0.1 1
333.6 0.1 1
337.55 0.1 1
341.34 0.1 1
349.29 0.1 1
355.41 0.1 1
359.36 0.1 1
361.21 0.1 1
363.34 0.1 1
365.25 0.1 1
371.1 0.1 1
375.15 0.1 1
377.22 0.1 1
385.04 0.1 1
393.11 0.1 1
394.94 0.1 1
400.93 0.1 1
402.86 0.1 1
410.8 0.1 1
412.83 0.1 1
414.83 0.1 1
424.72 0.1 1
426.7 0.1 1
438.56 0.1 1
440.67 0.1 1
442.54 0.1 1
446.61 0.1 1
448.63 0.1 1
458.56 0.1 1
462.51 0.1 1
466.3 0.1 1
468.37 0.1 1
474.42 0.1 1
480.27 0.1 1
482.34 0.1 1
484.22 0.1 1
486.26 0.1 1
492.14 0.1 1
494.08 0.1 1
496.08 0.1 1
500.03 0.1 1
504.08 0.1 1
