4.11 0.1 1
6.23 0.1 1
10.03 0.1 1
12.16 0.1 1
18.03 0.1 1
20.09 0.1 1
21.94 0.1 1
24.05 0.1 1
25.94 0.1 1
33.87 0.1 1
35.99 0.1 1
38.01 0.1 1
41.81 0.1 1
45.93 0.1 1
47.8 0.1 1
49.83 0.1 1
51.76 0.1 1
57.75 0.1 1
67.6 0.1 1
69.64 0.1 1
71.55 0.1 1
73.72 0.1 1
77.62 0.1 1
79.47 0.1 1
81.49 0.1 1
85.46 0.1 1
87.48 0.1 1
89.53 0.1 1
91.58 0.1 1
95.46 0.1 1
107.42 0.1 1
121.14 0.1 1
125.21 0.1 1
127.09 0.1 1
131.09 0.1 1
133.13 0.1 1
135.11 0.1 1
137.09 0.1 1
139.14 0.1 1
145.1 0.1 1
146.95 0.1 1
150.98 0.1 1
152.98 0.1 1
155 0.1 1
162.9 0.1 1
166.82 0.1 1
168.91 0.1 1
170.81 0.1 1
172.72 0.1 1
176.66 0.1 1
182.64 0.1 1
184.66 0.1 1
190.6 0.1 1
194.48 0.1 1
198.48 0.1 1
202.57 0.1 1
208.37 0.1 1
214.35 0.1 1
218.32 0.1 1
224.31 0.1 1
228.29 0.1 1
238.28 0.1 1
244.17 0.1 1
246.13 0.1 1
250.07 0.1 1
257.99 0.1 1
260.07 0.1 1
262.07 0.1 1
264.07 0.1 1
266.07 0.1 1
269.91 0.1 1
273.99 0.1 1
275.83 0.1 1
279.96 0.1 1
285.75 0.1 1
289.73 0.1 1
295.78 0.1 1
297.65 0.1 1
299.79 0.1 1
301.72 0.1 1
303.77 0.1 1
305.55 0.1 1
307.61 0.1 1
309.67 0.1 1
325.44 0.1 1
327.56 0.1 1
331.4 0.1 1
333.33 0.1 1
337.38 0.1 1
341.42 0.1 1
349.25 0.1 1
355.29 0.1 1
359.27 0.1 1
361.12 0.1 1
363.12 0.1 1
365.26 0.1 1
371.08 0.1 1
375.08 0.1 1
376.98 0.1 1
385.1 0.1 1
393.04 0.1 1
394.99 0.1 1
400.89 0.1 1
402.97 0.1 1
410.76 0.1 1
412.81 0.1 1
414.88 0.1 1
424.63 0.1 1
426.62 0.1 1
438.49 0.1 1
440.65 0.1 1
442.62 0.1 1
446.52 0.1 1
448.61 0.1 1
458.51 0.1 1
462.29 0.1 1
466.4 0.1 1
468.45 0.1 1
474.35 0.1 1
480.33 0.1 1
482.27 0.1 1
484.3 0.1 1
486.29 0.1 1
492.11 0.1 1
494.12 0.1 1
496.07 0.1 1
500.16 0.1 1
504.14 0.1 1
