4.08 0.1 1
6.2 0.1 1
10.12 0.1 1
12.04 0.1 1
18.04 0.1 1
20.12 0.1 1
22.11 0.1 1
24.02 0.1 1
26.02 0.1 1
34.01 0.1 1
36.03 0.1 1
37.86 0.1 1
41.9 0.1 1
45.77 0.1 1
47.9 0.1 1
49.85 0.1 1
51.83 0.1 1
57.82 0.1 1
67.69 0.1 1
69.67 0.1 1
71.66 0.1 1
73.58 0.1 1
77.61 0.1 1
79.54 0.1 1
81.64 0.1 1
85.46 0.1 1
87.56 0.1 1
89.4 0.1 1
91.48 0.1 1
95.48 0.1 1
107.34 0.1 1
121.16 0.1 1
125.19 0.1 1
127.18 0.1 1
131.2 0.1 1
133.13 0.1 1
135.15 0.1 1
137 0.1 1
139.15 0.1 1
145.09 0.1 1
147.09 0.1 1
150.94 0.1 1
153 0.1 1
155 0.1 1
162.86 0.1 1
166.73 0.1 1
168.86 0.1 1
170.81 0.1 1
172.76 0.1 1
176.75 0.1 1
182.67 0.1 1
184.77 0.1 1
190.67 0.1 1
194.67 0.1 1
198.56 0.1 1
202.62 0.1 1
208.53 0.1 1
214.51 0.1 1
218.46 0.1 1
224.45 0.1 1
228.4 0.1 1
238.27 0.1 1
244.24 0.1 1
246.07 0.1 1
250.07 0.1 1
258.14 0.1 1
260.06 0.1 1
262.13 0.1 1
264.11 0.1 1
265.93 0.1 1
269.93 0.1 1
273.88 0.1 1
276 0.1 1
279.97 0.1 1
285.77 0.1 1
289.77 0.1 1
295.74 0.1 1
297.77 0.1 1
299.79 0.1 1
301.83 0.1 1
303.61 0.1 1
305.68 0.1 1
307.58 0.1 1
309.73 0.1 1
325.49 0.1 1
327.59 0.1 1
331.37 0.1 1
333.37 0.1 1
337.39 0.1 1
341.29 0.1 1
349.36 0.1 1
355.3 0.1 1
359.21 0.1 1
361.23 0.1 1
363.12 0.1 1
365.17 0.1 1
371.22 0.1 1
375.07 0.1 1
377.04 0.1 1
385.06 0.1 1
392.91 0.1 1
394.86 0.1 1
401.01 0.1 1
402.85 0.1 1
410.92 0.1 1
412.9 0.1 1
414.85 0.1 1
424.75 0.1 1
426.81 0.1 1
438.71 0.1 1
440.58 0.1 1
442.55 0.1 1
446.63 0.1 1
448.63 0.1 1
458.53 0.1 1
462.44 0.1 1
466.4 0.1 1
468.45 0.1 1
474.39 0.1 1
480.31 0.1 1
482.16 0.1 1
484.24 0.1 1
486.13 0.1 1
492.11 0.1 1
494.26 0.1 1
496.23 0.1 1
500.13 0.1 1
504 0.1 1
