4.24 0.1 1
6.24 0.1 1
10.19 0.1 1
12.14 0.1 1
18.16 0.1 1
20.13 0.1 1
22.14 0.1 1
24.03 0.1 1
25.95 0.1 1
33.98 0.1 1
35.92 0.1 1
37.92 0.1 1
41.94 0.1 1
45.85 0.1 1
47.79 0.1 1
49.79 0.1 1
51.81 0.1 1
57.76 0.1 1
67.75 0.1 1
69.73 0.1 1
71.7 0.1 1
73.73 0.1 1
77.68 0.1 1
79.52 0.1 1
81.67 0.1 1
85.45 0.1 1
87.58 0.1 1
89.57 0.1 1
91.42 0.1 1
95.37 0.1 1
107.34 0.1 1
121.18 0.1 1
125.27 0.1 1
127.12 0.1 1
131.05 0.1 1
133.07 0.1 1
135.07 0.1 1
137.12 0.1 1
139.1 0.1 1
145.01 0.1 1
147.02 0.1 1
151.07 0.1 1
152.94 0.1 1
155.03 0.1 1
162.96 0.1 1
166.85 0.1 1
168.85 0.1 1
170.87 0.1 1
172.72 0.1 1
176.82 0.1 1
182.7 0.1 1
184.7 0.1 1
190.61 0.1 1
194.71 0.1 1
198.62 0.1 1
202.61 0.1 1
208.51 0.1 1
214.41 0.1 1
218.45 0.1 1
224.28 0.1 1
228.45 0.1 1
238.22 0.1 1
244.31 0.1 1
246.14 0.1 1
250.08 0.1 1
258.2 0.1 1
260.18 0.1 1
262.1 0.1 1
264.12 0.1 1
266.03 0.1 1
269.97 0.1 1
274.07 0.1 1
275.94 0.1 1
280.02 0.1 1
285.81 0.1 1
289.77 0.1 1
295.69 0.1 1
297.83 0.1 1
299.66 0.1 1
301.76 0.1 1
303.78 0.1 1
305.63 0.1 1
307.66 0.1 1
309.75 0.1 1
325.65 0.1 1
327.57 0.1 1
331.51 0.1 1
333.47 0.1 1
337.48 0.1 1
341.48 0.1 1
349.45 0.1 1
355.23 0.1 1
359.2 0.1 1
361.37 0.1 1
363.18 0.1 1
365.3 0.1 1
371.29 0.1 1
375.15 0.1 1
377.22 0.1 1
384.99 0.1 1
392.91 0.1 1
394.95 0.1 1
400.85 0.1 1
402.87 0.1 1
410.87 0.1 1
412.92 0.1 1
414.77 0.1 1
424.81 0.1 1
426.74 0.1 1
438.55 0.1 1
440.63 0.1 1
442.58 0.1 1
446.6 0.1 1
448.53 0.1 1
458.57 0.1 1
462.52 0.1 1
466.31 0.1 1
468.49 0.1 1
474.44 0.1 1
480.23 0.1 1
482.34 0.1 1
484.33 0.1 1
486.19 0.1 1
492.1 0.1 1
494.12 0.1 1
496.15 0.1 1
500.08 0.1 1
504.07 0.1 1
