4.13 0.1 1
6.18 0.1 1
10.11 0.1 1
12.21 0.1 1
18 0.1 1
20.07 0.1 1
22.03 0.1 1
24.04 0.1 1
25.94 0.1 1
33.91 0.1 1
35.82 0.1 1
37.79 0.1 1
41.96 0.1 1
45.88 0.1 1
47.73 0.1 1
49.89 0.1 1
51.7 0.1 1
57.83 0.1 1
67.72 0.1 1
69.64 0.1 1
71.69 0.1 1
73.64 0.1 1
77.54 0.1 1
79.66 0.1 1
81.64 0.1 1
85.41 0.1 1
87.57 0.1 1
89.58 0.1 1
91.41 0.1 1
95.46 0.1 1
107.35 0.1 1
121.27 0.1 1
125.12 0.1 1
127.2 0.1 1
131.12 0.1 1
133.17 0.1 1
135.16 0.1 1
137.11 0.1 1
138.98 0.1 1
144.98 0.1 1
146.91 0.1 1
151.05 0.1 1
152.87 0.1 1
154.97 0.1 1
162.88 0.1 1
166.87 0.1 1
168.82 0.1 1
170.75 0.1 1
172.77 0.1 1
176.67 0.1 1
182.59 0.1 1
184.78 0.1 1
190.58 0.1 1
194.53 0.1 1
198.61 0.1 1
202.53 0.1 1
208.45 0.1 1
214.34 0.1 1
218.47 0.1 1
224.37 0.1 1
228.39 0.1 1
238.31 0.1 1
244.16 0.1 1
246.13 0.1 1
250.13 0.1 1
258 0.1 1
259.97 0.1 1
262.02 0.1 1
263.94 0.1 1
266 0.1 1
269.96 0.1 1
273.86 0.1 1
275.91 0.1 1
279.99 0.1 1
285.95 0.1 1
289.85 0.1 1
295.75 0.1 1
297.83 0.1 1
299.7 0.1 1
301.69 0.1 1
303.67 0.1 1
305.75 0.1 1
307.65 0.1 1
309.55 0.1 1
325.43 0.1 1
327.49 0.1 1
331.51 0.1 1
333.38 0.1 1
337.48 0.1 1
341.37 0.1 1
349.4 0.1 1
355.3 0.1 1
359.29 0.1 1
361.21 0.1 1
363.29 0.1 1
365.17 0.1 1
371.06 0.1 1
375.1 0.1 1
377.11 0.1 1
385 0.1 1
392.95 0.1 1
394.83 0.1 1
400.79 0.1 1
402.77 0.1 1
410.76 0.1 1
412.82 0.1 1
414.68 0.1 1
424.75 0.1 1
426.71 0.1 1
438.52 0.1 1
440.49 0.1 1
442.65 0.1 1
446.55 0.1 1
448.42 0.1 1
458.44 0.1 1
462.36 0.1 1
466.43 0.1 1
468.36 0.1 1
474.4 0.1 1
480.18 0.1 1
482.13 0.1 1
484.2 0.1 1
486.24 0.1 1
492.09 0.1 1
494.07 0.1 1
496.02 0.1 1
500.04 0.1 1
503.96 0.1 1
