4.2 0.1 1
6.19 0.1 1
10.19 0.1 1
12.16 0.1 1
18.13 0.1 1
20.01 0.1 1
22.06 0.1 1
23.98 0.1 1
26 0.1 1
33.91 0.1 1
35.83 0.1 1
38 0.1 1
41.88 0.1 1
45.94 0.1 1
47.82 0.1 1
49.75 0.1 1
51.85 0.1 1
57.86 0.1 1
67.66 0.1 1
69.58 0.1 1
71.56 0.1 1
73.63 0.1 1
77.63 0.1 1
79.48 0.1 1
81.63 0.1 1
85.52 0.1 1
87.55 0.1 1
89.53 0.1 1
91.45 0.1 1
95.44 0.1 1
107.38 0.1 1
121.28 0.1 1
125.16 0.1 1
127.27 0.1 1
131.08 0.1 1
133.25 0.1 1
135.12 0.1 1
137.14 0.1 1
139.17 0.1 1
145.07 0.1 1
147.12 0.1 1
151.02 0.1 1
153.04 0.1 1
154.91 0.1 1
162.94 0.1 1
166.85 0.1 1
168.83 0.1 1
170.95 0.1 1
172.93 0.1 1
176.87 0.1 1
182.65 0.1 1
184.82 0.1 1
190.67 0.1 1
194.57 0.1 1
198.71 0.1 1
202.59 0.1 1
208.44 0.1 1
214.48 0.1 1
218.41 0.1 1
224.43 0.1 1
228.34 0.1 1
238.32 0.1 1
244.17 0.1 1
246.29 0.1 1
250.09 0.1 1
258.13 0.1 1
260.08 0.1 1
262.15 0.1 1
264.18 0.1 1
265.98 0.1 1
270.1 0.1 1
273.94 0.1 1
275.92 0.1 1
280.04 0.1 1
285.92 0.1 1
289.96 0.1 1
295.81 0.1 1
297.88 0.1 1
299.75 0.1 1
301.83 0.1 1
303.78 0.1 1
305.76 0.1 1
307.73 0.1 1
309.73 0.1 1
325.5 0.1 1
327.52 0.1 1
331.61 0.1 1
333.42 0.1 1
337.44 0.1 1
341.51 0.1 1
349.45 0.1 1
355.31 0.1 1
359.2 0.1 1
361.33 0.1 1
363.33 0.1 1
365.32 0.1 1
371.1 0.1 1
375.11 0.1 1
377.07 0.1 1
385.14 0.1 1
393.06 0.1 1
395.03 0.1 1
400.9 0.1 1
402.85 0.1 1
410.82 0.1 1
412.92 0.1 1
414.94 0.1 1
424.82 0.1 1
426.77 0.1 1
438.71 0.1 1
440.6 0.1 1
442.63 0.1 1
446.67 0.1 1
448.5 0.1 1
458.47 0.1 1
462.55 0.1 1
466.4 0.1 1
468.37 0.1 1
474.44 0.1 1
480.26 0.1 1
482.35 0.1 1
484.26 0.1 1
486.25 0.1 1
492.31 0.1 1
494.3 0.1 1
496.18 0.1 1
500.07 0.1 1
504.15 0.1 1
