4.17 0.1 1
6.08 0.1 1
10.01 0.1 1
11.97 0.1 1
18.06 0.1 1
20.03 0.1 1
21.92 0.1 1
23.99 0.1 1
25.92 0.1 1
33.76 0.1 1
35.77 0.1 1
37.65 0.1 1
41.66 0.1 1
45.71 0.1 1
47.58 0.1 1
49.48 0.1 1
51.48 0.1 1
57.55 0.1 1
67.38 0.1 1
69.45 0.1 1
71.42 0.1 1
73.34 0.1 1
77.22 0.1 1
79.33 0.1 1
81.29 0.1 1
85.15 0.1 1
87.17 0.1 1
89.17 0.1 1
90.99 0.1 1
95.08 0.1 1
106.94 0.1 1
120.7 0.1 1
124.79 0.1 1
126.76 0.1 1
130.59 0.1 1
132.65 0.1 1
134.6 0.1 1
136.5 0.1 1
138.57 0.1 1
144.51 0.1 1
146.49 0.1 1
150.33 0.1 1
152.35 0.1 1
154.4 0.1 1
162.33 0.1 1
166.26 0.1 1
168.16 0.1 1
170.22 0.1 1
172.07 0.1 1
176.07 0.1 1
181.91 0.1 1
183.88 0.1 1
189.84 0.1 1
193.77 0.1 1
197.88 0.1 1
201.82 0.1 1
207.67 0.1 1
213.69 0.1 1
217.51 0.1 1
223.47 0.1 1
227.44 0.1 1
237.5 0.1 1
243.39 0.1 1
245.43 0.1 1
249.23 0.1 1
257.22 0.1 1
259.24 0.1 1
261.07 0.1 1
263.06 0.1 1
265.05 0.1 1
268.98 0.1 1
272.97 0.1 1
275.02 0.1 1
278.83 0.1 1
284.85 0.1 1
288.8 0.1 1
294.66 0.1 1
296.8 0.1 1
298.71 0.1 1
300.63 0.1 1
302.53 0.1 1
304.65 0.1 1
306.65 0.1 1
308.57 0.1 1
324.37 0.1 1
326.37 0.1 1
330.21 0.1 1
332.31 0.1 1
336.27 0.1 1
340.25 0.1 1
348.2 0.1 1
354 0.1 1
358.09 0.1 1
359.94 0.1 1
362.04 0.1 1
363.94 0.1 1
369.95 0.1 1
373.89 0.1 1
375.77 0.1 1
383.67 0.1 1
391.61 0.1 1
393.69 0.1 1
399.43 0.1 1
401.55 0.1 1
409.42 0.1 1
411.49 0.1 1
413.35 0.1 1
423.2 0.1 1
425.34 0.1 1
437.17 0.1 1
439 0.1 1
441.14 0.1 1
445.11 0.1 1
447.03 0.1 1
456.92 0.1 1
460.93 0.1 1
464.75 0.1 1
466.7 0.1 1
472.67 0.1 1
478.73 0.1 1
480.55 0.1 1
482.53 0.1 1
484.55 0.1 1
490.56 0.1 1
492.43 0.1 1
494.49 0.1 1
498.38 0.1 1
502.32 0.1 1
