4.24 0.1 1
6.24 0.1 1
10.23 0.1 1
12.14 0.1 1
18.18 0.1 1
20.15 0.1 1
21.98 0.1 1
24.11 0.1 1
26.02 0.1 1
33.89 0.1 1
35.97 0.1 1
37.85 0.1 1
41.89 0.1 1
45.87 0.1 1
47.84 0.1 1
49.74 0.1 1
51.73 0.1 1
57.66 0.1 1
67.58 0.1 1
69.77 0.1 1
71.55 0.1 1
73.62 0.1 1
77.57 0.1 1
79.57 0.1 1
81.55 0.1 1
85.45 0.1 1
87.49 0.1 1
89.57 0.1 1
91.56 0.1 1
95.39 0.1 1
107.38 0.1 1
121.22 0.1 1
125.32 0.1 1
127.2 0.1 1
131.21 0.1 1
133.26 0.1 1
135.22 0.1 1
137.06 0.1 1
139.02 0.1 1
145.11 0.1 1
146.94 0.1 1
150.93 0.1 1
153.05 0.1 1
154.93 0.1 1
162.97 0.1 1
166.8 0.1 1
168.9 0.1 1
170.75 0.1 1
172.74 0.1 1
176.77 0.1 1
182.67 0.1 1
184.68 0.1 1
190.63 0.1 1
194.61 0.1 1
198.65 0.1 1
202.56 0.1 1
208.63 0.1 1
214.6 0.1 1
218.54 0.1 1
224.36 0.1 1
228.34 0.1 1
238.41 0.1 1
244.16 0.1 1
246.25 0.1 1
250.15 0.1 1
258.13 0.1 1
260.04 0.1 1
262.19 0.1 1
264 0.1 1
266 0.1 1
270.02 0.1 1
274.11 0.1 1
275.98 0.1 1
280.03 0.1 1
285.96 0.1 1
289.9 0.1 1
295.95 0.1 1
297.8 0.1 1
299.87 0.1 1
301.9 0.1 1
303.83 0.1 1
305.82 0.1 1
307.8 0.1 1
309.69 0.1 1
325.56 0.1 1
327.58 0.1 1
331.46 0.1 1
333.65 0.1 1
337.51 0.1 1
341.47 0.1 1
349.47 0.1 1
355.4 0.1 1
359.24 0.1 1
361.32 0.1 1
363.36 0.1 1
365.24 0.1 1
371.14 0.1 1
375.31 0.1 1
377.26 0.1 1
385.21 0.1 1
393.08 0.1 1
395.04 0.1 1
400.9 0.1 1
402.95 0.1 1
410.98 0.1 1
412.88 0.1 1
414.96 0.1 1
424.91 0.1 1
426.88 0.1 1
438.79 0.1 1
440.62 0.1 1
442.6 0.1 1
446.69 0.1 1
448.56 0.1 1
458.63 0.1 1
462.48 0.1 1
466.44 0.1 1
468.43 0.1 1
474.48 0.1 1
480.3 0.1 1
482.25 0.1 1
484.37 0.1 1
486.22 0.1 1
492.31 0.1 1
494.36 0.1 1
496.16 0.1 1
500.19 0.1 1
504.11 0.1 1
