4.15 0.1 1
6.12 0.1 1
10.06 0.1 1
12.19 0.1 1
18.03 0.1 1
20.11 0.1 1
22.06 0.1 1
23.96 0.1 1
26.01 0.1 1
33.85 0.1 1
35.93 0.1 1
38.02 0.1 1
41.87 0.1 1
45.75 0.1 1
47.87 0.1 1
49.85 0.1 1
51.91 0.1 1
57.69 0.1 1
67.63 0.1 1
69.58 0.1 1
71.73 0.1 1
73.66 0.1 1
77.58 0.1 1
79.65 0.1 1
81.65 0.1 1
85.55 0.1 1
87.55 0.1 1
89.42 0.1 1
91.45 0.1 1
95.49 0.1 1
107.46 0.1 1
121.2 0.1 1
125.31 0.1 1
127.18 0.1 1
131.2 0.1 1
133.25 0.1 1
135.1 0.1 1
137.19 0.1 1
139.15 0.1 1
145.1 0.1 1
147.11 0.1 1
151.07 0.1 1
153.06 0.1 1
154.88 0.1 1
162.9 0.1 1
166.86 0.1 1
168.78 0.1 1
170.88 0.1 1
172.8 0.1 1
176.77 0.1 1
182.67 0.1 1
184.65 0.1 1
190.75 0.1 1
194.74 0.1 1
198.72 0.1 1
202.64 0.1 1
208.58 0.1 1
214.5 0.1 1
218.5 0.1 1
224.42 0.1 1
228.35 0.1 1
238.36 0.1 1
244.26 0.1 1
246.28 0.1 1
250.26 0.1 1
258.1 0.1 1
260.18 0.1 1
262.1 0.1 1
264.18 0.1 1
266.03 0.1 1
270 0.1 1
273.94 0.1 1
275.97 0.1 1
279.95 0.1 1
285.82 0.1 1
289.86 0.1 1
295.91 0.1 1
297.88 0.1 1
299.73 0.1 1
301.68 0.1 1
303.68 0.1 1
305.8 0.1 1
307.65 0.1 1
309.65 0.1 1
325.59 0.1 1
327.57 0.1 1
331.54 0.1 1
333.49 0.1 1
337.43 0.1 1
341.39 0.1 1
349.35 0.1 1
355.26 0.1 1
359.42 0.1 1
361.23 0.1 1
363.33 0.1 1
365.27 0.1 1
371.27 0.1 1
375.11 0.1 1
377.19 0.1 1
385.08 0.1 1
393.08 0.1 1
394.93 0.1 1
400.96 0.1 1
402.92 0.1 1
410.94 0.1 1
412.94 0.1 1
414.95 0.1 1
424.77 0.1 1
426.81 0.1 1
438.73 0.1 1
440.75 0.1 1
442.7 0.1 1
446.7 0.1 1
448.6 0.1 1
458.49 0.1 1
462.54 0.1 1
466.42 0.1 1
468.47 0.1 1
474.41 0.1 1
480.31 0.1 1
482.21 0.1 1
484.28 0.1 1
486.2 0.1 1
492.15 0.1 1
494.12 0.1 1
496.12 0.1 1
500.25 0.1 1
504.12 0.1 1
