4.15 0.1 1
6.23 0.1 1
10.08 0.1 1
12.19 0.1 1
18.05 0.1 1
19.97 0.1 1
21.94 0.1 1
23.97 0.1 1
25.91 0.1 1
33.98 0.1 1
35.94 0.1 1
37.84 0.1 1
41.96 0.1 1
45.93 0.1 1
47.73 0.1 1
49.87 0.1 1
51.73 0.1 1
57.85 0.1 1
67.62 0.1 1
69.69 0.1 1
71.56 0.1 1
73.52 0.1 1
77.64 0.1 1
79.68 0.1 1
81.58 0.1 1
85.53 0.1 1
87.48 0.1 1
89.51 0.1 1
91.5 0.1 1
95.33 0.1 1
107.32 0.1 1
121.22 0.1 1
125.21 0.1 1
127.09 0.1 1
131.06 0.1 1
133.03 0.1 1
135.15 0.1 1
137.1 0.1 1
139.16 0.1 1
145.05 0.1 1
147.02 0.1 1
151.09 0.1 1
153.04 0.1 1
155 0.1 1
162.97 0.1 1
166.82 0.1 1
168.88 0.1 1
170.86 0.1 1
172.74 0.1 1
176.81 0.1 1
182.81 0.1 1
184.61 0.1 1
190.7 0.1 1
194.7 0.1 1
198.59 0.1 1
202.64 0.1 1
208.59 0.1 1
214.41 0.1 1
218.48 0.1 1
224.33 0.1 1
228.46 0.1 1
238.35 0.1 1
244.25 0.1 1
246.15 0.1 1
250.17 0.1 1
258.06 0.1 1
260.21 0.1 1
262.09 0.1 1
264.09 0.1 1
266.14 0.1 1
269.93 0.1 1
274.03 0.1 1
276 0.1 1
280 0.1 1
286 0.1 1
289.95 0.1 1
295.79 0.1 1
297.77 0.1 1
299.79 0.1 1
301.84 0.1 1
303.82 0.1 1
305.73 0.1 1
307.68 0.1 1
309.61 0.1 1
325.58 0.1 1
327.6 0.1 1
331.62 0.1 1
333.52 0.1 1
337.47 0.1 1
341.52 0.1 1
349.29 0.1 1
355.28 0.1 1
359.38 0.1 1
361.39 0.1 1
363.25 0.1 1
365.31 0.1 1
371.13 0.1 1
375.17 0.1 1
377.15 0.1 1
385.07 0.1 1
393.14 0.1 1
395.04 0.1 1
401.04 0.1 1
402.91 0.1 1
410.86 0.1 1
412.98 0.1 1
414.85 0.1 1
424.7 0.1 1
426.79 0.1 1
438.74 0.1 1
440.57 0.1 1
442.59 0.1 1
446.54 0.1 1
448.63 0.1 1
458.48 0.1 1
462.47 0.1 1
466.35 0.1 1
468.43 0.1 1
474.3 0.1 1
480.24 0.1 1
482.39 0.1 1
484.26 0.1 1
486.27 0.1 1
492.33 0.1 1
494.24 0.1 1
496.25 0.1 1
500.08 0.1 1
504.08 0.1 1
