4.15 0.1 1
6.13 0.1 1
10.12 0.1 1
12.02 0.1 1
18.04 0.1 1
19.95 0.1 1
21.94 0.1 1
24.05 0.1 1
25.99 0.1 1
33.86 0.1 1
35.92 0.1 1
37.83 0.1 1
41.94 0.1 1
45.91 0.1 1
47.91 0.1 1
49.75 0.1 1
51.76 0.1 1
57.83 0.1 1
67.7 0.1 1
69.65 0.1 1
71.67 0.1 1
73.69 0.1 1
77.52 0.1 1
79.54 0.1 1
81.49 0.1 1
85.63 0.1 1
87.49 0.1 1
89.53 0.1 1
91.39 0.1 1
95.4 0.1 1
107.32 0.1 1
121.16 0.1 1
125.21 0.1 1
127.17 0.1 1
131.19 0.1 1
133.13 0.1 1
135.03 0.1 1
137.13 0.1 1
139.13 0.1 1
145 0.1 1
147.1 0.1 1
151.03 0.1 1
152.98 0.1 1
154.95 0.1 1
162.82 0.1 1
166.87 0.1 1
168.82 0.1 1
170.91 0.1 1
172.71 0.1 1
176.74 0.1 1
182.68 0.1 1
184.68 0.1 1
190.6 0.1 1
194.68 0.1 1
198.67 0.1 1
202.6 0.1 1
208.47 0.1 1
214.52 0.1 1
218.51 0.1 1
224.41 0.1 1
228.26 0.1 1
238.31 0.1 1
244.28 0.1 1
246.17 0.1 1
250.07 0.1 1
258.04 0.1 1
260.11 0.1 1
262.02 0.1 1
263.94 0.1 1
266.09 0.1 1
269.94 0.1 1
273.88 0.1 1
276.01 0.1 1
279.78 0.1 1
285.92 0.1 1
289.9 0.1 1
295.74 0.1 1
297.79 0.1 1
299.79 0.1 1
301.69 0.1 1
303.64 0.1 1
305.67 0.1 1
307.56 0.1 1
309.54 0.1 1
325.55 0.1 1
327.55 0.1 1
331.4 0.1 1
333.43 0.1 1
337.38 0.1 1
341.34 0.1 1
349.34 0.1 1
355.29 0.1 1
359.29 0.1 1
361.21 0.1 1
363.18 0.1 1
365.29 0.1 1
371.21 0.1 1
375.17 0.1 1
377.2 0.1 1
384.97 0.1 1
392.97 0.1 1
394.94 0.1 1
400.89 0.1 1
402.88 0.1 1
410.88 0.1 1
412.85 0.1 1
414.75 0.1 1
424.8 0.1 1
426.73 0.1 1
438.5 0.1 1
440.49 0.1 1
442.64 0.1 1
446.49 0.1 1
448.51 0.1 1
458.39 0.1 1
462.51 0.1 1
466.28 0.1 1
468.46 0.1 1
474.42 0.1 1
480.17 0.1 1
482.27 0.1 1
484.3 0.1 1
486.17 0.1 1
492.17 0.1 1
494.26 0.1 1
496.07 0.1 1
500.09 0.1 1
504.14 0.1 1
