4.29 0.1 1
6.12 0.1 1
10.11 0.1 1
12.03 0.1 1
18.06 0.1 1
20.16 0.1 1
21.98 0.1 1
23.95 0.1 1
26.08 0.1 1
33.9 0.1 1
36 0.1 1
37.92 0.1 1
41.89 0.1 1
45.84 0.1 1
47.94 0.1 1
49.87 0.1 1
51.73 0.1 1
57.86 0.1 1
67.58 0.1 1
69.63 0.1 1
71.73 0.1 1
73.57 0.1 1
77.53 0.1 1
79.48 0.1 1
81.55 0.1 1
85.6 0.1 1
87.57 0.1 1
89.61 0.1 1
91.46 0.1 1
95.41 0.1 1
107.39 0.1 1
121.25 0.1 1
125.25 0.1 1
127.1 0.1 1
131.09 0.1 1
133.15 0.1 1
135.07 0.1 1
137.12 0.1 1
139.21 0.1 1
144.99 0.1 1
147.13 0.1 1
150.99 0.1 1
152.93 0.1 1
155.06 0.1 1
162.9 0.1 1
166.97 0.1 1
168.88 0.1 1
170.77 0.1 1
172.92 0.1 1
176.85 0.1 1
182.75 0.1 1
184.79 0.1 1
190.66 0.1 1
194.74 0.1 1
198.63 0.1 1
202.51 0.1 1
208.53 0.1 1
214.45 0.1 1
218.53 0.1 1
224.34 0.1 1
228.46 0.1 1
238.26 0.1 1
244.29 0.1 1
246.25 0.1 1
250.2 0.1 1
258.07 0.1 1
260.07 0.1 1
262.17 0.1 1
264.12 0.1 1
266.02 0.1 1
270.09 0.1 1
273.94 0.1 1
275.89 0.1 1
279.96 0.1 1
285.99 0.1 1
289.89 0.1 1
295.9 0.1 1
297.83 0.1 1
299.85 0.1 1
301.68 0.1 1
303.73 0.1 1
305.65 0.1 1
307.67 0.1 1
309.6 0.1 1
325.67 0.1 1
327.54 0.1 1
331.49 0.1 1
333.41 0.1 1
337.54 0.1 1
341.48 0.1 1
349.43 0.1 1
355.35 0.1 1
359.37 0.1 1
361.3 0.1 1
363.35 0.1 1
365.15 0.1 1
371.12 0.1 1
375.16 0.1 1
377.18 0.1 1
385 0.1 1
393.01 0.1 1
395.08 0.1 1
400.88 0.1 1
403 0.1 1
410.84 0.1 1
412.89 0.1 1
414.81 0.1 1
424.78 0.1 1
426.79 0.1 1
438.73 0.1 1
440.56 0.1 1
442.53 0.1 1
446.52 0.1 1
448.57 0.1 1
458.52 0.1 1
462.37 0.1 1
466.41 0.1 1
468.48 0.1 1
474.34 0.1 1
480.33 0.1 1
482.3 0.1 1
484.21 0.1 1
486.18 0.1 1
492.28 0.1 1
494.23 0.1 1
496.12 0.1 1
500.07 0.1 1
504.12 0.1 1
