4.18 0.1 1
6.25 0.1 1
10.15 0.1 1
12.03 0.1 1
18.04 0.1 1
20.05 0.1 1
22.02 0.1 1
24.04 0.1 1
26.07 0.1 1
34.01 0.1 1
35.84 0.1 1
37.83 0.1 1
41.96 0.1 1
45.83 0.1 1
47.75 0.1 1
49.88 0.1 1
51.81 0.1 1
57.68 0.1 1
67.57 0.1 1
69.57 0.1 1
71.64 0.1 1
73.66 0.1 1
77.62 0.1 1
79.66 0.1 1
81.66 0.1 1
85.51 0.1 1
87.48 0.1 1
89.41 0.1 1
91.36 0.1 1
95.36 0.1 1
107.28 0.1 1
121.24 0.1 1
125.27 0.1 1
127.21 0.1 1
131.23 0.1 1
133.06 0.1 1
135.09 0.1 1
137.08 0.1 1
138.98 0.1 1
144.95 0.1 1
146.95 0.1 1
151.02 0.1 1
152.83 0.1 1
154.97 0.1 1
162.92 0.1 1
166.85 0.1 1
168.76 0.1 1
170.66 0.1 1
172.82 0.1 1
176.61 0.1 1
182.59 0.1 1
184.65 0.1 1
190.53 0.1 1
194.55 0.1 1
198.57 0.1 1
202.44 0.1 1
208.5 0.1 1
214.32 0.1 1
218.39 0.1 1
224.34 0.1 1
228.28 0.1 1
238.23 0.1 1
244.25 0.1 1
246.15 0.1 1
250.07 0.1 1
258.12 0.1 1
259.99 0.1 1
261.94 0.1 1
264.09 0.1 1
266.02 0.1 1
269.93 0.1 1
273.94 0.1 1
275.99 0.1 1
279.95 0.1 1
285.92 0.1 1
289.9 0.1 1
295.79 0.1 1
297.69 0.1 1
299.8 0.1 1
301.77 0.1 1
303.6 0.1 1
305.64 0.1 1
307.57 0.1 1
309.69 0.1 1
325.46 0.1 1
327.46 0.1 1
331.56 0.1 1
333.37 0.1 1
337.45 0.1 1
341.32 0.1 1
349.34 0.1 1
355.17 0.1 1
359.19 0.1 1
361.27 0.1 1
363.16 0.1 1
365.16 0.1 1
371.14 0.1 1
375.16 0.1 1
377.2 0.1 1
385.03 0.1 1
393.07 0.1 1
394.99 0.1 1
400.84 0.1 1
402.99 0.1 1
410.84 0.1 1
412.71 0.1 1
414.69 0.1 1
424.8 0.1 1
426.8 0.1 1
438.6 0.1 1
440.59 0.1 1
442.49 0.1 1
446.45 0.1 1
448.46 0.1 1
458.48 0.1 1
462.48 0.1 1
466.43 0.1 1
468.45 0.1 1
474.26 0.1 1
480.28 0.1 1
482.27 0.1 1
484.19 0.1 1
486.25 0.1 1
492.2 0.1 1
494.09 0.1 1
496.17 0.1 1
500.12 0.1 1
504.09 0.1 1
