4.21 0.1 1
6.15 0.1 1
10.08 0.1 1
12.2 0.1 1
18.15 0.1 1
20.04 0.1 1
21.97 0.1 1
24.12 0.1 1
26.11 0.1 1
33.84 0.1 1
35.89 0.1 1
37.83 0.1 1
41.85 0.1 1
45.8 0.1 1
47.91 0.1 1
49.77 0.1 1
51.67 0.1 1
57.64 0.1 1
67.61 0.1 1
69.64 0.1 1
71.61 0.1 1
73.56 0.1 1
77.56 0.1 1
79.44 0.1 1
81.59 0.1 1
85.53 0.1 1
87.46 0.1 1
89.5 0.1 1
91.45 0.1 1
95.5 0.1 1
107.22 0.1 1
121.26 0.1 1
125.19 0.1 1
127.13 0.1 1
131.1 0.1 1
133.01 0.1 1
135.06 0.1 1
137.02 0.1 1
139.02 0.1 1
144.97 0.1 1
147.04 0.1 1
150.94 0.1 1
152.96 0.1 1
154.81 0.1 1
162.74 0.1 1
166.73 0.1 1
168.73 0.1 1
170.73 0.1 1
172.68 0.1 1
176.8 0.1 1
182.57 0.1 1
184.57 0.1 1
190.54 0.1 1
194.59 0.1 1
198.42 0.1 1
202.39 0.1 1
208.41 0.1 1
214.5 0.1 1
218.33 0.1 1
224.23 0.1 1
228.3 0.1 1
238.19 0.1 1
244.09 0.1 1
246.09 0.1 1
250.18 0.1 1
257.96 0.1 1
260.1 0.1 1
262.03 0.1 1
263.93 0.1 1
265.92 0.1 1
269.9 0.1 1
273.95 0.1 1
275.99 0.1 1
279.84 0.1 1
285.86 0.1 1
289.81 0.1 1
295.81 0.1 1
297.79 0.1 1
299.78 0.1 1
301.76 0.1 1
303.63 0.1 1
305.68 0.1 1
307.61 0.1 1
309.58 0.1 1
325.45 0.1 1
327.57 0.1 1
331.36 0.1 1
333.44 0.1 1
337.43 0.1 1
341.28 0.1 1
349.28 0.1 1
355.28 0.1 1
359.32 0.1 1
361.3 0.1 1
363.09 0.1 1
365.24 0.1 1
371.2 0.1 1
375.12 0.1 1
376.99 0.1 1
384.93 0.1 1
392.86 0.1 1
394.9 0.1 1
400.88 0.1 1
402.92 0.1 1
410.74 0.1 1
412.86 0.1 1
414.7 0.1 1
424.79 0.1 1
426.58 0.1 1
438.68 0.1 1
440.67 0.1 1
442.57 0.1 1
446.57 0.1 1
448.54 0.1 1
458.47 0.1 1
462.49 0.1 1
466.38 0.1 1
468.36 0.1 1
474.3 0.1 1
480.31 0.1 1
482.26 0.1 1
484.17 0.1 1
486.1 0.1 1
492.1 0.1 1
494.04 0.1 1
496.07 0.1 1
500.12 0.1 1
503.94 0.1 1
