4.11 0.1 1
6.19 0.1 1
10.18 0.1 1
12.08 0.1 1
18.01 0.1 1
20 0.1 1
22.03 0.1 1
24 0.1 1
25.95 0.1 1
34.05 0.1 1
35.88 0.1 1
37.97 0.1 1
41.84 0.1 1
45.79 0.1 1
47.79 0.1 1
49.79 0.1 1
51.72 0.1 1
57.68 0.1 1
67.73 0.1 1
69.65 0.1 1
71.72 0.1 1
73.6 0.1 1
77.55 0.1 1
79.62 0.1 1
81.5 0.1 1
85.6 0.1 1
87.57 0.1 1
89.61 0.1 1
91.44 0.1 1
95.39 0.1 1
107.3 0.1 1
121.15 0.1 1
125.23 0.1 1
127.12 0.1 1
131.14 0.1 1
133.05 0.1 1
135.14 0.1 1
137.12 0.1 1
139.21 0.1 1
145.06 0.1 1
147.13 0.1 1
151.03 0.1 1
152.91 0.1 1
155.08 0.1 1
162.95 0.1 1
166.87 0.1 1
168.97 0.1 1
170.75 0.1 1
172.89 0.1 1
176.7 0.1 1
182.72 0.1 1
184.84 0.1 1
190.79 0.1 1
194.76 0.1 1
198.73 0.1 1
202.51 0.1 1
208.45 0.1 1
214.45 0.1 1
218.4 0.1 1
224.5 0.1 1
228.34 0.1 1
238.36 0.1 1
244.28 0.1 1
246.3 0.1 1
250.23 0.1 1
258.2 0.1 1
260.17 0.1 1
262.19 0.1 1
264.19 0.1 1
266.1 0.1 1
269.96 0.1 1
274.04 0.1 1
275.99 0.1 1
279.99 0.1 1
285.96 0.1 1
289.88 0.1 1
295.9 0.1 1
297.85 0.1 1
299.88 0.1 1
301.77 0.1 1
303.85 0.1 1
305.79 0.1 1
307.77 0.1 1
309.69 0.1 1
325.68 0.1 1
327.58 0.1 1
331.64 0.1 1
333.63 0.1 1
337.45 0.1 1
341.47 0.1 1
349.33 0.1 1
355.3 0.1 1
359.31 0.1 1
361.39 0.1 1
363.22 0.1 1
365.19 0.1 1
371.24 0.1 1
375.3 0.1 1
377.3 0.1 1
385.06 0.1 1
393.15 0.1 1
395.02 0.1 1
401.11 0.1 1
403.06 0.1 1
411.02 0.1 1
412.83 0.1 1
414.98 0.1 1
424.88 0.1 1
426.85 0.1 1
438.8 0.1 1
440.74 0.1 1
442.64 0.1 1
446.74 0.1 1
448.64 0.1 1
458.64 0.1 1
462.43 0.1 1
466.58 0.1 1
468.5 0.1 1
474.37 0.1 1
480.35 0.1 1
482.35 0.1 1
484.24 0.1 1
486.42 0.1 1
492.34 0.1 1
494.17 0.1 1
496.32 0.1 1
500.14 0.1 1
504.18 0.1 1
