4.29 0.1 1
6.13 0.1 1
10.18 0.1 1
12.1 0.1 1
18.13 0.1 1
20.02 0.1 1
22.1 0.1 1
24.05 0.1 1
26.05 0.1 1
33.91 0.1 1
35.84 0.1 1
37.99 0.1 1
41.83 0.1 1
45.88 0.1 1
47.79 0.1 1
49.74 0.1 1
51.78 0.1 1
57.85 0.1 1
67.75 0.1 1
69.72 0.1 1
71.57 0.1 1
73.67 0.1 1
77.64 0.1 1
79.62 0.1 1
81.66 0.1 1
85.49 0.1 1
87.42 0.1 1
89.48 0.1 1
91.49 0.1 1
95.44 0.1 1
107.47 0.1 1
121.32 0.1 1
125.31 0.1 1
127.12 0.1 1
131.21 0.1 1
133.14 0.1 1
135.09 0.1 1
137.19 0.1 1
139.13 0.1 1
144.96 0.1 1
147.06 0.1 1
150.98 0.1 1
153.05 0.1 1
154.95 0.1 1
162.84 0.1 1
166.97 0.1 1
168.87 0.1 1
170.82 0.1 1
172.84 0.1 1
176.86 0.1 1
182.69 0.1 1
184.65 0.1 1
190.8 0.1 1
194.56 0.1 1
198.6 0.1 1
202.6 0.1 1
208.64 0.1 1
214.46 0.1 1
218.44 0.1 1
224.39 0.1 1
228.34 0.1 1
238.26 0.1 1
244.22 0.1 1
246.35 0.1 1
250.25 0.1 1
258.17 0.1 1
260.06 0.1 1
262.04 0.1 1
264.14 0.1 1
266.09 0.1 1
270.08 0.1 1
273.93 0.1 1
275.91 0.1 1
279.96 0.1 1
285.9 0.1 1
289.93 0.1 1
295.79 0.1 1
297.92 0.1 1
299.72 0.1 1
301.87 0.1 1
303.76 0.1 1
305.84 0.1 1
307.72 0.1 1
309.69 0.1 1
325.61 0.1 1
327.63 0.1 1
331.52 0.1 1
333.57 0.1 1
337.54 0.1 1
341.49 0.1 1
349.44 0.1 1
355.44 0.1 1
359.28 0.1 1
361.29 0.1 1
363.26 0.1 1
365.36 0.1 1
371.25 0.1 1
375.22 0.1 1
377.22 0.1 1
385.24 0.1 1
393.01 0.1 1
395.11 0.1 1
401.01 0.1 1
402.91 0.1 1
410.86 0.1 1
412.85 0.1 1
414.85 0.1 1
424.75 0.1 1
426.9 0.1 1
438.66 0.1 1
440.77 0.1 1
442.69 0.1 1
446.68 0.1 1
448.54 0.1 1
458.45 0.1 1
462.55 0.1 1
466.52 0.1 1
468.45 0.1 1
474.4 0.1 1
480.4 0.1 1
482.44 0.1 1
484.26 0.1 1
486.29 0.1 1
492.28 0.1 1
494.19 0.1 1
496.29 0.1 1
500.3 0.1 1
504.2 0.1 1
