4.2 0.1 1
6.21 0.1 1
10.08 0.1 1
12.18 0.1 1
18.03 0.1 1
19.95 0.1 1
21.98 0.1 1
23.94 0.1 1
25.9 0.1 1
33.89 0.1 1
35.96 0.1 1
37.81 0.1 1
41.86 0.1 1
45.74 0.1 1
47.78 0.1 1
49.8 0.1 1
51.85 0.1 1
57.66 0.1 1
67.58 0.1 1
69.72 0.1 1
71.62 0.1 1
73.54 0.1 1
77.56 0.1 1
79.66 0.1 1
81.62 0.1 1
85.53 0.1 1
87.59 0.1 1
89.39 0.1 1
91.43 0.1 1
95.5 0.1 1
107.32 0.1 1
121.24 0.1 1
125.26 0.1 1
127.24 0.1 1
131.09 0.1 1
133.06 0.1 1
135.03 0.1 1
137.21 0.1 1
139.11 0.1 1
145.03 0.1 1
147.01 0.1 1
150.9 0.1 1
152.88 0.1 1
154.87 0.1 1
162.84 0.1 1
166.92 0.1 1
168.77 0.1 1
170.92 0.1 1
172.74 0.1 1
176.74 0.1 1
182.83 0.1 1
184.64 0.1 1
190.78 0.1 1
194.75 0.1 1
198.53 0.1 1
202.68 0.1 1
208.62 0.1 1
214.57 0.1 1
218.47 0.1 1
224.31 0.1 1
228.48 0.1 1
238.31 0.1 1
244.15 0.1 1
246.27 0.1 1
250.1 0.1 1
258.19 0.1 1
259.99 0.1 1
262.07 0.1 1
264.12 0.1 1
265.99 0.1 1
270.03 0.1 1
273.88 0.1 1
275.96 0.1 1
279.96 0.1 1
285.87 0.1 1
289.93 0.1 1
295.7 0.1 1
297.87 0.1 1
299.84 0.1 1
301.72 0.1 1
303.65 0.1 1
305.81 0.1 1
307.76 0.1 1
309.61 0.1 1
325.55 0.1 1
327.61 0.1 1
331.45 0.1 1
333.56 0.1 1
337.47 0.1 1
341.54 0.1 1
349.37 0.1 1
355.26 0.1 1
359.34 0.1 1
361.36 0.1 1
363.36 0.1 1
365.31 0.1 1
371.11 0.1 1
375.18 0.1 1
377.25 0.1 1
385.17 0.1 1
393.12 0.1 1
395.09 0.1 1
400.86 0.1 1
402.84 0.1 1
410.89 0.1 1
412.81 0.1 1
414.93 0.1 1
424.87 0.1 1
426.75 0.1 1
438.57 0.1 1
440.74 0.1 1
442.7 0.1 1
446.49 0.1 1
448.54 0.1 1
458.43 0.1 1
462.48 0.1 1
466.45 0.1 1
468.36 0.1 1
474.32 0.1 1
480.22 0.1 1
482.22 0.1 1
484.22 0.1 1
486.19 0.1 1
492.27 0.1 1
494.12 0.1 1
496.14 0.1 1
500.26 0.1 1
504.08 0.1 1
