4.27 0.1 1
6.21 0.1 1
10.21 0.1 1
12.03 0.1 1
18.13 0.1 1
20.05 0.1 1
21.96 0.1 1
24.01 0.1 1
26.1 0.1 1
33.85 0.1 1
35.88 0.1 1
37.92 0.1 1
41.84 0.1 1
45.82 0.1 1
47.77 0.1 1
49.72 0.1 1
51.91 0.1 1
57.74 0.1 1
67.65 0.1 1
69.76 0.1 1
71.67 0.1 1
73.63 0.1 1
77.52 0.1 1
79.67 0.1 1
81.64 0.1 1
85.54 0.1 1
87.55 0.1 1
89.41 0.1 1
91.59 0.1 1
95.42 0.1 1
107.3 0.1 1
121.35 0.1 1
125.3 0.1 1
127.17 0.1 1
131.27 0.1 1
133.12 0.1 1
135.06 0.1 1
137.04 0.1 1
139.07 0.1 1
145.16 0.1 1
147.01 0.1 1
151.11 0.1 1
153.03 0.1 1
155.03 0.1 1
162.85 0.1 1
166.98 0.1 1
168.97 0.1 1
170.85 0.1 1
172.75 0.1 1
176.8 0.1 1
182.74 0.1 1
184.69 0.1 1
190.66 0.1 1
194.66 0.1 1
198.63 0.1 1
202.68 0.1 1
208.6 0.1 1
214.47 0.1 1
218.57 0.1 1
224.52 0.1 1
228.41 0.1 1
238.34 0.1 1
244.28 0.1 1
246.23 0.1 1
250.2 0.1 1
258.05 0.1 1
260.23 0.1 1
262.08 0.1 1
264.17 0.1 1
266.09 0.1 1
269.95 0.1 1
274.02 0.1 1
276.07 0.1 1
280.01 0.1 1
285.84 0.1 1
289.91 0.1 1
295.86 0.1 1
297.88 0.1 1
299.8 0.1 1
301.71 0.1 1
303.75 0.1 1
305.75 0.1 1
307.82 0.1 1
309.8 0.1 1
325.54 0.1 1
327.62 0.1 1
331.53 0.1 1
333.51 0.1 1
337.5 0.1 1
341.48 0.1 1
349.48 0.1 1
355.27 0.1 1
359.25 0.1 1
361.2 0.1 1
363.3 0.1 1
365.19 0.1 1
371.31 0.1 1
375.09 0.1 1
377.18 0.1 1
385.14 0.1 1
393.1 0.1 1
395.12 0.1 1
401.05 0.1 1
403.04 0.1 1
410.81 0.1 1
412.95 0.1 1
414.96 0.1 1
424.86 0.1 1
426.73 0.1 1
438.71 0.1 1
440.68 0.1 1
442.63 0.1 1
446.55 0.1 1
448.67 0.1 1
458.52 0.1 1
462.47 0.1 1
466.41 0.1 1
468.49 0.1 1
474.48 0.1 1
480.43 0.1 1
482.21 0.1 1
484.35 0.1 1
486.31 0.1 1
492.28 0.1 1
494.13 0.1 1
496.25 0.1 1
500.22 0.1 1
504.06 0.1 1
