4.2 0.1 1
6.18 0.1 1
10.08 0.1 1
12.17 0.1 1
18.15 0.1 1
20.15 0.1 1
22.02 0.1 1
23.97 0.1 1
25.97 0.1 1
33.99 0.1 1
35.88 0.1 1
37.89 0.1 1
41.83 0.1 1
45.83 0.1 1
47.91 0.1 1
49.72 0.1 1
51.7 0.1 1
57.77 0.1 1
67.66 0.1 1
69.69 0.1 1
71.72 0.1 1
73.64 0.1 1
77.69 0.1 1
79.68 0.1 1
81.49 0.1 1
85.48 0.1 1
87.61 0.1 1
89.5 0.1 1
91.38 0.1 1
95.35 0.1 1
107.3 0.1 1
121.33 0.1 1
125.26 0.1 1
127.24 0.1 1
131.15 0.1 1
133.21 0.1 1
135.15 0.1 1
137.11 0.1 1
139.15 0.1 1
145.15 0.1 1
147 0.1 1
151.05 0.1 1
153 0.1 1
154.92 0.1 1
162.84 0.1 1
166.89 0.1 1
168.93 0.1 1
170.76 0.1 1
172.84 0.1 1
176.75 0.1 1
182.85 0.1 1
184.83 0.1 1
190.65 0.1 1
194.62 0.1 1
198.57 0.1 1
202.62 0.1 1
208.64 0.1 1
214.39 0.1 1
218.46 0.1 1
224.48 0.1 1
228.38 0.1 1
238.38 0.1 1
244.22 0.1 1
246.2 0.1 1
250.24 0.1 1
258.14 0.1 1
260.06 0.1 1
262.06 0.1 1
264.11 0.1 1
266.05 0.1 1
270.03 0.1 1
274.12 0.1 1
276 0.1 1
279.87 0.1 1
285.97 0.1 1
289.87 0.1 1
295.94 0.1 1
297.81 0.1 1
299.76 0.1 1
301.89 0.1 1
303.68 0.1 1
305.68 0.1 1
307.64 0.1 1
309.78 0.1 1
325.53 0.1 1
327.67 0.1 1
331.65 0.1 1
333.62 0.1 1
337.4 0.1 1
341.47 0.1 1
349.38 0.1 1
355.39 0.1 1
359.41 0.1 1
361.41 0.1 1
363.35 0.1 1
365.26 0.1 1
371.32 0.1 1
375.29 0.1 1
377.14 0.1 1
385.2 0.1 1
392.99 0.1 1
395.06 0.1 1
401.05 0.1 1
402.88 0.1 1
411.01 0.1 1
413 0.1 1
414.78 0.1 1
424.72 0.1 1
426.75 0.1 1
438.66 0.1 1
440.59 0.1 1
442.56 0.1 1
446.69 0.1 1
448.61 0.1 1
458.47 0.1 1
462.6 0.1 1
466.45 0.1 1
468.49 0.1 1
474.44 0.1 1
480.36 0.1 1
482.38 0.1 1
484.29 0.1 1
486.33 0.1 1
492.21 0.1 1
494.26 0.1 1
496.31 0.1 1
500.2 0.1 1
504.2 0.1 1
