4.08 0.1 1
6.23 0.1 1
10.05 0.1 1
12.09 0.1 1
18.12 0.1 1
20.11 0.1 1
22.04 0.1 1
23.96 0.1 1
25.96 0.1 1
33.91 0.1 1
35.96 0.1 1
38 0.1 1
41.81 0.1 1
45.77 0.1 1
47.9 0.1 1
49.88 0.1 1
51.83 0.1 1
57.65 0.1 1
67.66 0.1 1
69.57 0.1 1
71.59 0.1 1
73.56 0.1 1
77.64 0.1 1
79.61 0.1 1
81.61 0.1 1
85.58 0.1 1
87.6 0.1 1
89.53 0.1 1
91.42 0.1 1
95.45 0.1 1
107.34 0.1 1
121.23 0.1 1
125.25 0.1 1
127.28 0.1 1
131.18 0.1 1
133.1 0.1 1
135.1 0.1 1
137.13 0.1 1
139.07 0.1 1
144.95 0.1 1
147.04 0.1 1
150.99 0.1 1
152.97 0.1 1
155.07 0.1 1
162.99 0.1 1
166.83 0.1 1
168.86 0.1 1
170.76 0.1 1
172.8 0.1 1
176.72 0.1 1
182.78 0.1 1
184.65 0.1 1
190.74 0.1 1
194.67 0.1 1
198.71 0.1 1
202.68 0.1 1
208.64 0.1 1
214.41 0.1 1
218.4 0.1 1
224.33 0.1 1
228.32 0.1 1
238.37 0.1 1
244.34 0.1 1
246.14 0.1 1
250.21 0.1 1
258.1 0.1 1
260.08 0.1 1
262.08 0.1 1
264.15 0.1 1
266.18 0.1 1
270.08 0.1 1
274.09 0.1 1
276 0.1 1
279.9 0.1 1
285.96 0.1 1
289.86 0.1 1
295.74 0.1 1
297.73 0.1 1
299.88 0.1 1
301.8 0.1 1
303.78 0.1 1
305.71 0.1 1
307.75 0.1 1
309.63 0.1 1
325.57 0.1 1
327.54 0.1 1
331.61 0.1 1
333.59 0.1 1
337.61 0.1 1
341.58 0.1 1
349.36 0.1 1
355.3 0.1 1
359.42 0.1 1
361.27 0.1 1
363.39 0.1 1
365.3 0.1 1
371.27 0.1 1
375.22 0.1 1
377.16 0.1 1
385.11 0.1 1
393.13 0.1 1
394.98 0.1 1
400.93 0.1 1
402.9 0.1 1
410.85 0.1 1
412.95 0.1 1
414.99 0.1 1
424.83 0.1 1
426.74 0.1 1
438.65 0.1 1
440.6 0.1 1
442.58 0.1 1
446.74 0.1 1
448.67 0.1 1
458.64 0.1 1
462.54 0.1 1
466.43 0.1 1
468.51 0.1 1
474.44 0.1 1
480.31 0.1 1
482.26 0.1 1
484.38 0.1 1
486.37 0.1 1
492.3 0.1 1
494.34 0.1 1
496.22 0.1 1
500.15 0.1 1
504.11 0.1 1
