4.29 0.1 1
6.16 0.1 1
10.07 0.1 1
12.08 0.1 1
17.98 0.1 1
19.98 0.1 1
22.1 0.1 1
24.03 0.1 1
26.11 0.1 1
33.9 0.1 1
35.85 0.1 1
37.88 0.1 1
41.85 0.1 1
45.94 0.1 1
47.92 0.1 1
49.82 0.1 1
51.79 0.1 1
57.84 0.1 1
67.71 0.1 1
69.58 0.1 1
71.55 0.1 1
73.7 0.1 1
77.63 0.1 1
79.67 0.1 1
81.57 0.1 1
85.55 0.1 1
87.57 0.1 1
89.57 0.1 1
91.52 0.1 1
95.52 0.1 1
107.46 0.1 1
121.28 0.1 1
125.2 0.1 1
127.15 0.1 1
131.2 0.1 1
133.07 0.1 1
135.09 0.1 1
137.22 0.1 1
139.16 0.1 1
145.09 0.1 1
147.03 0.1 1
151.06 0.1 1
153.06 0.1 1
154.98 0.1 1
162.88 0.1 1
166.95 0.1 1
168.85 0.1 1
170.77 0.1 1
172.82 0.1 1
176.74 0.1 1
182.67 0.1 1
184.66 0.1 1
190.77 0.1 1
194.59 0.1 1
198.53 0.1 1
202.69 0.1 1
208.58 0.1 1
214.55 0.1 1
218.38 0.1 1
224.52 0.1 1
228.42 0.1 1
238.31 0.1 1
244.28 0.1 1
246.33 0.1 1
250.28 0.1 1
258.23 0.1 1
260.22 0.1 1
262.1 0.1 1
264.05 0.1 1
266.12 0.1 1
270.04 0.1 1
274.04 0.1 1
276.07 0.1 1
279.92 0.1 1
285.99 0.1 1
289.84 0.1 1
295.83 0.1 1
297.8 0.1 1
299.8 0.1 1
301.85 0.1 1
303.87 0.1 1
305.76 0.1 1
307.82 0.1 1
309.67 0.1 1
325.57 0.1 1
327.61 0.1 1
331.56 0.1 1
333.59 0.1 1
337.46 0.1 1
341.56 0.1 1
349.43 0.1 1
355.42 0.1 1
359.37 0.1 1
361.24 0.1 1
363.27 0.1 1
365.32 0.1 1
371.14 0.1 1
375.22 0.1 1
377.16 0.1 1
385.08 0.1 1
393 0.1 1
395.11 0.1 1
400.93 0.1 1
403 0.1 1
410.92 0.1 1
412.92 0.1 1
414.89 0.1 1
424.82 0.1 1
426.69 0.1 1
438.71 0.1 1
440.7 0.1 1
442.73 0.1 1
446.58 0.1 1
448.65 0.1 1
458.64 0.1 1
462.49 0.1 1
466.57 0.1 1
468.41 0.1 1
474.34 0.1 1
480.39 0.1 1
482.26 0.1 1
484.4 0.1 1
486.33 0.1 1
492.17 0.1 1
494.25 0.1 1
496.28 0.1 1
500.25 0.1 1
504.07 0.1 1
