4.09 0.1 1
6.17 0.1 1
10.11 0.1 1
12.03 0.1 1
18.18 0.1 1
20.11 0.1 1
21.98 0.1 1
24.06 0.1 1
26.05 0.1 1
33.95 0.1 1
35.95 0.1 1
37.84 0.1 1
41.85 0.1 1
45.82 0.1 1
47.92 0.1 1
49.79 0.1 1
51.91 0.1 1
57.71 0.1 1
67.66 0.1 1
69.63 0.1 1
71.67 0.1 1
73.56 0.1 1
77.63 0.1 1
79.68 0.1 1
81.67 0.1 1
85.62 0.1 1
87.47 0.1 1
89.56 0.1 1
91.44 0.1 1
95.39 0.1 1
107.44 0.1 1
121.22 0.1 1
125.32 0.1 1
127.27 0.1 1
131.22 0.1 1
133.25 0.1 1
135.06 0.1 1
137.17 0.1 1
139.04 0.1 1
145.14 0.1 1
147.06 0.1 1
151.11 0.1 1
152.93 0.1 1
155.04 0.1 1
162.88 0.1 1
166.92 0.1 1
168.82 0.1 1
170.92 0.1 1
172.87 0.1 1
176.89 0.1 1
182.84 0.1 1
184.72 0.1 1
190.78 0.1 1
194.66 0.1 1
198.59 0.1 1
202.68 0.1 1
208.63 0.1 1
214.45 0.1 1
218.37 0.1 1
224.47 0.1 1
228.32 0.1 1
238.39 0.1 1
244.25 0.1 1
246.15 0.1 1
250.16 0.1 1
258.22 0.1 1
260.07 0.1 1
262.05 0.1 1
264.1 0.1 1
266 0.1 1
270.02 0.1 1
274.01 0.1 1
276.01 0.1 1
279.93 0.1 1
285.84 0.1 1
289.81 0.1 1
295.91 0.1 1
297.83 0.1 1
299.85 0.1 1
301.83 0.1 1
303.78 0.1 1
305.75 0.1 1
307.65 0.1 1
309.7 0.1 1
325.59 0.1 1
327.49 0.1 1
331.59 0.1 1
333.55 0.1 1
337.43 0.1 1
341.51 0.1 1
349.38 0.1 1
355.42 0.1 1
359.4 0.1 1
361.37 0.1 1
363.2 0.1 1
365.29 0.1 1
371.32 0.1 1
375.31 0.1 1
377.16 0.1 1
385.16 0.1 1
393 0.1 1
395.03 0.1 1
400.97 0.1 1
402.9 0.1 1
410.92 0.1 1
412.94 0.1 1
414.81 0.1 1
424.75 0.1 1
426.83 0.1 1
438.8 0.1 1
440.72 0.1 1
442.67 0.1 1
446.7 0.1 1
448.62 0.1 1
458.57 0.1 1
462.57 0.1 1
466.51 0.1 1
468.48 0.1 1
474.41 0.1 1
480.38 0.1 1
482.32 0.1 1
484.33 0.1 1
486.28 0.1 1
492.25 0.1 1
494.17 0.1 1
496.14 0.1 1
500.29 0.1 1
504.19 0.1 1
