4.22 0.1 1
6.21 0.1 1
10.22 0.1 1
12.19 0.1 1
18.13 0.1 1
20.11 0.1 1
22.14 0.1 1
24.11 0.1 1
26.06 0.1 1
34.05 0.1 1
35.9 0.1 1
37.97 0.1 1
41.8 0.1 1
45.95 0.1 1
47.8 0.1 1
49.74 0.1 1
51.76 0.1 1
57.79 0.1 1
67.64 0.1 1
69.75 0.1 1
71.63 0.1 1
73.56 0.1 1
77.6 0.1 1
79.58 0.1 1
81.47 0.1 1
85.53 0.1 1
87.42 0.1 1
89.52 0.1 1
91.45 0.1 1
95.51 0.1 1
107.34 0.1 1
121.22 0.1 1
125.17 0.1 1
127.2 0.1 1
131.13 0.1 1
133.1 0.1 1
135.19 0.1 1
137.1 0.1 1
139.12 0.1 1
145.07 0.1 1
147.07 0.1 1
150.93 0.1 1
152.93 0.1 1
154.89 0.1 1
162.98 0.1 1
166.85 0.1 1
168.82 0.1 1
170.87 0.1 1
172.77 0.1 1
176.84 0.1 1
182.79 0.1 1
184.81 0.1 1
190.56 0.1 1
194.69 0.1 1
198.68 0.1 1
202.61 0.1 1
208.53 0.1 1
214.42 0.1 1
218.4 0.1 1
224.35 0.1 1
228.31 0.1 1
238.31 0.1 1
244.14 0.1 1
246.16 0.1 1
250.18 0.1 1
258.12 0.1 1
260.02 0.1 1
262.17 0.1 1
264.04 0.1 1
265.97 0.1 1
270.05 0.1 1
274.02 0.1 1
275.96 0.1 1
279.94 0.1 1
285.89 0.1 1
289.88 0.1 1
295.9 0.1 1
297.85 0.1 1
299.7 0.1 1
301.76 0.1 1
303.67 0.1 1
305.82 0.1 1
307.72 0.1 1
309.74 0.1 1
325.52 0.1 1
327.54 0.1 1
331.53 0.1 1
333.54 0.1 1
337.56 0.1 1
341.45 0.1 1
349.35 0.1 1
355.35 0.1 1
359.29 0.1 1
361.24 0.1 1
363.25 0.1 1
365.24 0.1 1
371.19 0.1 1
375.09 0.1 1
377.21 0.1 1
385.2 0.1 1
392.93 0.1 1
395.03 0.1 1
400.87 0.1 1
402.95 0.1 1
410.86 0.1 1
412.97 0.1 1
414.91 0.1 1
424.81 0.1 1
426.81 0.1 1
438.68 0.1 1
440.57 0.1 1
442.62 0.1 1
446.67 0.1 1
448.67 0.1 1
458.52 0.1 1
462.38 0.1 1
466.54 0.1 1
468.38 0.1 1
474.35 0.1 1
480.23 0.1 1
482.3 0.1 1
484.33 0.1 1
486.32 0.1 1
492.17 0.1 1
494.2 0.1 1
496.19 0.1 1
500.21 0.1 1
504.07 0.1 1
