4.21 0.1 1
6.09 0.1 1
10.05 0.1 1
12.06 0.1 1
18.13 0.1 1
20 0.1 1
22.07 0.1 1
24.05 0.1 1
26.12 0.1 1
34 0.1 1
36.02 0.1 1
37.82 0.1 1
41.96 0.1 1
45.76 0.1 1
47.94 0.1 1
49.89 0.1 1
51.74 0.1 1
57.78 0.1 1
67.65 0.1 1
69.62 0.1 1
71.55 0.1 1
73.6 0.1 1
77.57 0.1 1
79.5 0.1 1
81.66 0.1 1
85.47 0.1 1
87.56 0.1 1
89.57 0.1 1
91.42 0.1 1
95.46 0.1 1
107.33 0.1 1
121.17 0.1 1
125.14 0.1 1
127.27 0.1 1
131.16 0.1 1
133.19 0.1 1
135.04 0.1 1
137.16 0.1 1
139.19 0.1 1
145.03 0.1 1
147.08 0.1 1
151.03 0.1 1
153.01 0.1 1
155.06 0.1 1
163 0.1 1
166.94 0.1 1
168.87 0.1 1
170.94 0.1 1
172.75 0.1 1
176.79 0.1 1
182.67 0.1 1
184.76 0.1 1
190.64 0.1 1
194.61 0.1 1
198.61 0.1 1
202.53 0.1 1
208.45 0.1 1
214.57 0.1 1
218.4 0.1 1
224.41 0.1 1
228.29 0.1 1
238.38 0.1 1
244.28 0.1 1
246.15 0.1 1
250.12 0.1 1
258.1 0.1 1
260.12 0.1 1
262.04 0.1 1
264.04 0.1 1
265.97 0.1 1
269.97 0.1 1
274.07 0.1 1
276.09 0.1 1
279.86 0.1 1
285.98 0.1 1
289.88 0.1 1
295.83 0.1 1
297.73 0.1 1
299.7 0.1 1
301.8 0.1 1
303.78 0.1 1
305.72 0.1 1
307.7 0.1 1
309.8 0.1 1
325.68 0.1 1
327.58 0.1 1
331.44 0.1 1
333.48 0.1 1
337.56 0.1 1
341.48 0.1 1
349.43 0.1 1
355.32 0.1 1
359.24 0.1 1
361.27 0.1 1
363.39 0.1 1
365.17 0.1 1
371.12 0.1 1
375.09 0.1 1
377.24 0.1 1
385.05 0.1 1
393 0.1 1
394.93 0.1 1
401.09 0.1 1
402.92 0.1 1
411.01 0.1 1
412.96 0.1 1
414.84 0.1 1
424.76 0.1 1
426.71 0.1 1
438.63 0.1 1
440.67 0.1 1
442.72 0.1 1
446.65 0.1 1
448.59 0.1 1
458.61 0.1 1
462.44 0.1 1
466.46 0.1 1
468.51 0.1 1
474.36 0.1 1
480.26 0.1 1
482.25 0.1 1
484.25 0.1 1
486.23 0.1 1
492.33 0.1 1
494.25 0.1 1
496.2 0.1 1
500.09 0.1 1
504.06 0.1 1
