4.17 0.1 1
6.09 0.1 1
10.1 0.1 1
12.1 0.1 1
17.99 0.1 1
19.99 0.1 1
21.89 0.1 1
23.81 0.1 1
25.78 0.1 1
33.84 0.1 1
35.66 0.1 1
37.72 0.1 1
41.58 0.1 1
45.65 0.1 1
47.52 0.1 1
49.47 0.1 1
51.44 0.1 1
57.54 0.1 1
67.44 0.1 1
69.39 0.1 1
71.38 0.1 1
73.26 0.1 1
77.23 0.1 1
79.32 0.1 1
81.19 0.1 1
85.17 0.1 1
87.09 0.1 1
89.01 0.1 1
90.98 0.1 1
94.97 0.1 1
106.83 0.1 1
120.88 0.1 1
124.8 0.1 1
126.68 0.1 1
130.7 0.1 1
132.69 0.1 1
134.54 0.1 1
136.61 0.1 1
138.59 0.1 1
144.4 0.1 1
146.33 0.1 1
150.29 0.1 1
152.32 0.1 1
154.43 0.1 1
162.25 0.1 1
166.15 0.1 1
168.19 0.1 1
170.22 0.1 1
172.08 0.1 1
176.15 0.1 1
182.1 0.1 1
183.91 0.1 1
189.89 0.1 1
193.8 0.1 1
197.74 0.1 1
201.79 0.1 1
207.66 0.1 1
213.55 0.1 1
217.51 0.1 1
223.5 0.1 1
227.48 0.1 1
237.46 0.1 1
243.41 0.1 1
245.38 0.1 1
249.35 0.1 1
257.16 0.1 1
259.13 0.1 1
261.12 0.1 1
263.07 0.1 1
265.02 0.1 1
269.07 0.1 1
273.03 0.1 1
274.88 0.1 1
279 0.1 1
284.91 0.1 1
288.78 0.1 1
294.63 0.1 1
296.7 0.1 1
298.62 0.1 1
300.69 0.1 1
302.69 0.1 1
304.48 0.1 1
306.61 0.1 1
308.61 0.1 1
324.35 0.1 1
326.35 0.1 1
330.34 0.1 1
332.27 0.1 1
336.23 0.1 1
340.2 0.1 1
348.05 0.1 1
353.98 0.1 1
358.08 0.1 1
359.93 0.1 1
361.87 0.1 1
363.92 0.1 1
369.79 0.1 1
373.86 0.1 1
375.76 0.1 1
383.76 0.1 1
391.7 0.1 1
393.48 0.1 1
399.42 0.1 1
401.51 0.1 1
409.45 0.1 1
411.44 0.1 1
413.29 0.1 1
423.31 0.1 1
425.33 0.1 1
437.06 0.1 1
439.06 0.1 1
441.05 0.1 1
444.97 0.1 1
447.02 0.1 1
456.81 0.1 1
460.92 0.1 1
464.7 0.1 1
466.76 0.1 1
472.63 0.1 1
478.62 0.1 1
480.67 0.1 1
482.56 0.1 1
484.46 0.1 1
490.55 0.1 1
492.45 0.1 1
494.47 0.1 1
498.36 0.1 1
502.44 0.1 1
