4.29 0.1 1
6.27 0.1 1
10.04 0.1 1
12.14 0.1 1
18.09 0.1 1
20.02 0.1 1
21.98 0.1 1
24.09 0.1 1
25.93 0.1 1
34.05 0.1 1
35.85 0.1 1
37.81 0.1 1
41.87 0.1 1
45.78 0.1 1
47.82 0.1 1
49.79 0.1 1
51.77 0.1 1
57.67 0.1 1
67.71 0.1 1
69.59 0.1 1
71.58 0.1 1
73.58 0.1 1
77.65 0.1 1
79.53 0.1 1
81.55 0.1 1
85.43 0.1 1
87.42 0.1 1
89.45 0.1 1
91.58 0.1 1
95.45 0.1 1
107.26 0.1 1
121.2 0.1 1
125.31 0.1 1
127.13 0.1 1
131.1 0.1 1
133.07 0.1 1
135.08 0.1 1
137.2 0.1 1
139.15 0.1 1
144.95 0.1 1
146.96 0.1 1
150.96 0.1 1
152.96 0.1 1
154.96 0.1 1
162.84 0.1 1
166.95 0.1 1
168.81 0.1 1
170.75 0.1 1
172.81 0.1 1
176.8 0.1 1
182.72 0.1 1
184.65 0.1 1
190.6 0.1 1
194.71 0.1 1
198.49 0.1 1
202.46 0.1 1
208.53 0.1 1
214.51 0.1 1
218.51 0.1 1
224.37 0.1 1
228.27 0.1 1
238.24 0.1 1
244.26 0.1 1
246.24 0.1 1
250.13 0.1 1
258.13 0.1 1
260.05 0.1 1
262.18 0.1 1
264.06 0.1 1
266.15 0.1 1
269.92 0.1 1
273.95 0.1 1
275.94 0.1 1
279.92 0.1 1
285.94 0.1 1
289.92 0.1 1
295.86 0.1 1
297.81 0.1 1
299.68 0.1 1
301.81 0.1 1
303.71 0.1 1
305.63 0.1 1
307.76 0.1 1
309.63 0.1 1
325.52 0.1 1
327.62 0.1 1
331.61 0.1 1
333.59 0.1 1
337.41 0.1 1
341.39 0.1 1
349.41 0.1 1
355.26 0.1 1
359.37 0.1 1
361.3 0.1 1
363.33 0.1 1
365.24 0.1 1
371.22 0.1 1
375.17 0.1 1
377.21 0.1 1
385.18 0.1 1
392.94 0.1 1
395.06 0.1 1
400.87 0.1 1
402.95 0.1 1
410.95 0.1 1
412.84 0.1 1
414.8 0.1 1
424.69 0.1 1
426.81 0.1 1
438.56 0.1 1
440.66 0.1 1
442.73 0.1 1
446.65 0.1 1
448.5 0.1 1
458.47 0.1 1
462.49 0.1 1
466.41 0.1 1
468.34 0.1 1
474.44 0.1 1
480.41 0.1 1
482.19 0.1 1
484.38 0.1 1
486.21 0.1 1
492.13 0.1 1
494.28 0.1 1
496.25 0.1 1
500.2 0.1 1
504.22 0.1 1
