4.27 0.1 1
6.12 0.1 1
10.21 0.1 1
12.18 0.1 1
18 0.1 1
20.05 0.1 1
22.01 0.1 1
24 0.1 1
26.02 0.1 1
33.98 0.1 1
35.95 0.1 1
37.92 0.1 1
41.91 0.1 1
45.89 0.1 1
47.91 0.1 1
49.89 0.1 1
51.83 0.1 1
57.83 0.1 1
67.58 0.1 1
69.68 0.1 1
71.6 0.1 1
73.57 0.1 1
77.68 0.1 1
79.58 0.1 1
81.54 0.1 1
85.44 0.1 1
87.62 0.1 1
89.61 0.1 1
91.51 0.1 1
95.47 0.1 1
107.28 0.1 1
121.25 0.1 1
125.17 0.1 1
127.14 0.1 1
131.09 0.1 1
133.09 0.1 1
135.07 0.1 1
137.12 0.1 1
139.02 0.1 1
144.99 0.1 1
147.14 0.1 1
150.98 0.1 1
152.9 0.1 1
154.98 0.1 1
162.9 0.1 1
166.98 0.1 1
168.82 0.1 1
170.89 0.1 1
172.79 0.1 1
176.87 0.1 1
182.84 0.1 1
184.82 0.1 1
190.76 0.1 1
194.68 0.1 1
198.53 0.1 1
202.66 0.1 1
208.5 0.1 1
214.5 0.1 1
218.52 0.1 1
224.37 0.1 1
228.36 0.1 1
238.21 0.1 1
244.31 0.1 1
246.15 0.1 1
250.2 0.1 1
258.07 0.1 1
260.2 0.1 1
262.2 0.1 1
264.15 0.1 1
266.05 0.1 1
269.99 0.1 1
274.09 0.1 1
275.97 0.1 1
280.04 0.1 1
285.86 0.1 1
289.8 0.1 1
295.87 0.1 1
297.7 0.1 1
299.68 0.1 1
301.8 0.1 1
303.7 0.1 1
305.77 0.1 1
307.7 0.1 1
309.67 0.1 1
325.68 0.1 1
327.66 0.1 1
331.46 0.1 1
333.5 0.1 1
337.56 0.1 1
341.48 0.1 1
349.44 0.1 1
355.25 0.1 1
359.22 0.1 1
361.24 0.1 1
363.24 0.1 1
365.21 0.1 1
371.18 0.1 1
375.18 0.1 1
377.1 0.1 1
385.01 0.1 1
392.95 0.1 1
394.94 0.1 1
401.04 0.1 1
402.92 0.1 1
410.94 0.1 1
412.76 0.1 1
414.94 0.1 1
424.75 0.1 1
426.76 0.1 1
438.55 0.1 1
440.74 0.1 1
442.67 0.1 1
446.69 0.1 1
448.49 0.1 1
458.43 0.1 1
462.41 0.1 1
466.36 0.1 1
468.5 0.1 1
474.45 0.1 1
480.25 0.1 1
482.32 0.1 1
484.23 0.1 1
486.27 0.1 1
492.12 0.1 1
494.19 0.1 1
496.22 0.1 1
500.11 0.1 1
504.07 0.1 1
