4.08 0.1 1
6.16 0.1 1
10.23 0.1 1
12.15 0.1 1
18.08 0.1 1
20.14 0.1 1
21.95 0.1 1
24.1 0.1 1
26.04 0.1 1
34.04 0.1 1
36.02 0.1 1
37.81 0.1 1
41.83 0.1 1
45.91 0.1 1
47.84 0.1 1
49.78 0.1 1
51.71 0.1 1
57.8 0.1 1
67.57 0.1 1
69.74 0.1 1
71.55 0.1 1
73.55 0.1 1
77.62 0.1 1
79.59 0.1 1
81.49 0.1 1
85.59 0.1 1
87.61 0.1 1
89.48 0.1 1
91.48 0.1 1
95.48 0.1 1
107.43 0.1 1
121.32 0.1 1
125.24 0.1 1
127.29 0.1 1
131.19 0.1 1
133.04 0.1 1
135.06 0.1 1
137.14 0.1 1
139.03 0.1 1
145.01 0.1 1
146.98 0.1 1
151.05 0.1 1
153.03 0.1 1
155.07 0.1 1
162.85 0.1 1
166.84 0.1 1
168.96 0.1 1
170.87 0.1 1
172.92 0.1 1
176.81 0.1 1
182.79 0.1 1
184.69 0.1 1
190.6 0.1 1
194.58 0.1 1
198.62 0.1 1
202.53 0.1 1
208.47 0.1 1
214.46 0.1 1
218.39 0.1 1
224.34 0.1 1
228.43 0.1 1
238.21 0.1 1
244.33 0.1 1
246.25 0.1 1
250.1 0.1 1
258.22 0.1 1
260.02 0.1 1
262.07 0.1 1
264.16 0.1 1
266.01 0.1 1
270.07 0.1 1
274.03 0.1 1
275.94 0.1 1
279.93 0.1 1
285.93 0.1 1
289.92 0.1 1
295.9 0.1 1
297.72 0.1 1
299.74 0.1 1
301.85 0.1 1
303.85 0.1 1
305.65 0.1 1
307.72 0.1 1
309.81 0.1 1
325.56 0.1 1
327.66 0.1 1
331.55 0.1 1
333.58 0.1 1
337.45 0.1 1
341.4 0.1 1
349.44 0.1 1
355.24 0.1 1
359.34 0.1 1
361.39 0.1 1
363.24 0.1 1
365.29 0.1 1
371.16 0.1 1
375.23 0.1 1
377.08 0.1 1
385.2 0.1 1
393.04 0.1 1
395.12 0.1 1
400.92 0.1 1
403.01 0.1 1
410.99 0.1 1
412.79 0.1 1
414.89 0.1 1
424.85 0.1 1
426.86 0.1 1
438.7 0.1 1
440.7 0.1 1
442.57 0.1 1
446.67 0.1 1
448.49 0.1 1
458.59 0.1 1
462.49 0.1 1
466.43 0.1 1
468.35 0.1 1
474.4 0.1 1
480.43 0.1 1
482.27 0.1 1
484.24 0.1 1
486.27 0.1 1
492.24 0.1 1
494.24 0.1 1
496.16 0.1 1
500.26 0.1 1
504.04 0.1 1
