4.26 0.1 1
6.07 0.1 1
10.18 0.1 1
12.22 0.1 1
18.04 0.1 1
19.97 0.1 1
22.1 0.1 1
24.07 0.1 1
25.92 0.1 1
33.94 0.1 1
35.94 0.1 1
37.99 0.1 1
41.93 0.1 1
45.86 0.1 1
47.81 0.1 1
49.85 0.1 1
51.7 0.1 1
57.73 0.1 1
67.59 0.1 1
69.56 0.1 1
71.56 0.1 1
73.69 0.1 1
77.62 0.1 1
79.66 0.1 1
81.54 0.1 1
85.55 0.1 1
87.59 0.1 1
89.51 0.1 1
91.5 0.1 1
95.33 0.1 1
107.24 0.1 1
121.14 0.1 1
125.18 0.1 1
127.19 0.1 1
131.13 0.1 1
133.16 0.1 1
135.03 0.1 1
137.03 0.1 1
139.06 0.1 1
145.1 0.1 1
146.98 0.1 1
151.07 0.1 1
152.9 0.1 1
155 0.1 1
162.96 0.1 1
166.88 0.1 1
168.91 0.1 1
170.83 0.1 1
172.76 0.1 1
176.68 0.1 1
182.75 0.1 1
184.63 0.1 1
190.63 0.1 1
194.57 0.1 1
198.67 0.1 1
202.56 0.1 1
208.39 0.1 1
214.49 0.1 1
218.33 0.1 1
224.35 0.1 1
228.28 0.1 1
238.28 0.1 1
244.22 0.1 1
246.14 0.1 1
250.19 0.1 1
257.98 0.1 1
260.09 0.1 1
262.13 0.1 1
264.11 0.1 1
266 0.1 1
269.88 0.1 1
274.01 0.1 1
275.9 0.1 1
279.9 0.1 1
285.82 0.1 1
289.8 0.1 1
295.76 0.1 1
297.67 0.1 1
299.62 0.1 1
301.68 0.1 1
303.76 0.1 1
305.64 0.1 1
307.66 0.1 1
309.55 0.1 1
325.53 0.1 1
327.49 0.1 1
331.49 0.1 1
333.52 0.1 1
337.5 0.1 1
341.47 0.1 1
349.38 0.1 1
355.18 0.1 1
359.15 0.1 1
361.13 0.1 1
363.28 0.1 1
365.23 0.1 1
371.12 0.1 1
375.2 0.1 1
377.12 0.1 1
385.11 0.1 1
392.99 0.1 1
395.04 0.1 1
400.91 0.1 1
402.98 0.1 1
410.73 0.1 1
412.82 0.1 1
414.83 0.1 1
424.62 0.1 1
426.65 0.1 1
438.69 0.1 1
440.59 0.1 1
442.55 0.1 1
446.5 0.1 1
448.46 0.1 1
458.53 0.1 1
462.49 0.1 1
466.29 0.1 1
468.47 0.1 1
474.26 0.1 1
480.23 0.1 1
482.29 0.1 1
484.31 0.1 1
486.23 0.1 1
492.08 0.1 1
494.15 0.1 1
496.12 0.1 1
500.03 0.1 1
504.07 0.1 1
