4.28 0.1 1
6.1 0.1 1
10.1 0.1 1
12.08 0.1 1
18.17 0.1 1
20.07 0.1 1
21.94 0.1 1
24.1 0.1 1
26.09 0.1 1
33.84 0.1 1
35.91 0.1 1
37.86 0.1 1
41.86 0.1 1
45.9 0.1 1
47.75 0.1 1
49.83 0.1 1
51.75 0.1 1
57.68 0.1 1
67.77 0.1 1
69.64 0.1 1
71.57 0.1 1
73.52 0.1 1
77.64 0.1 1
79.51 0.1 1
81.56 0.1 1
85.54 0.1 1
87.58 0.1 1
89.39 0.1 1
91.51 0.1 1
95.36 0.1 1
107.45 0.1 1
121.34 0.1 1
125.14 0.1 1
127.24 0.1 1
131.19 0.1 1
133.09 0.1 1
135.21 0.1 1
137.21 0.1 1
139.2 0.1 1
145.1 0.1 1
147.05 0.1 1
150.97 0.1 1
152.93 0.1 1
154.87 0.1 1
162.94 0.1 1
166.86 0.1 1
168.86 0.1 1
170.77 0.1 1
172.84 0.1 1
176.79 0.1 1
182.65 0.1 1
184.66 0.1 1
190.63 0.1 1
194.58 0.1 1
198.62 0.1 1
202.59 0.1 1
208.49 0.1 1
214.46 0.1 1
218.41 0.1 1
224.36 0.1 1
228.33 0.1 1
238.28 0.1 1
244.27 0.1 1
246.2 0.1 1
250.12 0.1 1
258.22 0.1 1
260.12 0.1 1
262.07 0.1 1
264.12 0.1 1
266.09 0.1 1
270.11 0.1 1
273.96 0.1 1
276.05 0.1 1
280.05 0.1 1
286 0.1 1
289.88 0.1 1
295.84 0.1 1
297.89 0.1 1
299.77 0.1 1
301.75 0.1 1
303.72 0.1 1
305.79 0.1 1
307.82 0.1 1
309.62 0.1 1
325.51 0.1 1
327.58 0.1 1
331.63 0.1 1
333.48 0.1 1
337.43 0.1 1
341.49 0.1 1
349.34 0.1 1
355.34 0.1 1
359.23 0.1 1
361.31 0.1 1
363.36 0.1 1
365.31 0.1 1
371.25 0.1 1
375.16 0.1 1
377.15 0.1 1
385.03 0.1 1
393.07 0.1 1
395.02 0.1 1
400.96 0.1 1
403.01 0.1 1
410.88 0.1 1
412.94 0.1 1
414.83 0.1 1
424.75 0.1 1
426.73 0.1 1
438.59 0.1 1
440.62 0.1 1
442.52 0.1 1
446.59 0.1 1
448.59 0.1 1
458.54 0.1 1
462.46 0.1 1
466.5 0.1 1
468.48 0.1 1
474.47 0.1 1
480.24 0.1 1
482.25 0.1 1
484.37 0.1 1
486.22 0.1 1
492.16 0.1 1
494.11 0.1 1
496.21 0.1 1
500.09 0.1 1
504.04 0.1 1
