4.29 0.1 1
6.15 0.1 1
10.22 0.1 1
12.19 0.1 1
17.98 0.1 1
20.16 0.1 1
22.01 0.1 1
24.09 0.1 1
26.09 0.1 1
33.93 0.1 1
35.87 0.1 1
37.83 0.1 1
41.94 0.1 1
45.84 0.1 1
47.79 0.1 1
49.85 0.1 1
51.74 0.1 1
57.77 0.1 1
67.56 0.1 1
69.75 0.1 1
71.55 0.1 1
73.63 0.1 1
77.48 0.1 1
79.57 0.1 1
81.53 0.1 1
85.44 0.1 1
87.45 0.1 1
89.47 0.1 1
91.44 0.1 1
95.42 0.1 1
107.36 0.1 1
121.31 0.1 1
125.17 0.1 1
127.08 0.1 1
131.24 0.1 1
133.04 0.1 1
135.19 0.1 1
137.12 0.1 1
138.97 0.1 1
145.04 0.1 1
146.96 0.1 1
150.98 0.1 1
152.89 0.1 1
154.98 0.1 1
162.93 0.1 1
166.8 0.1 1
168.87 0.1 1
170.73 0.1 1
172.77 0.1 1
176.79 0.1 1
182.81 0.1 1
184.69 0.1 1
190.71 0.1 1
194.71 0.1 1
198.64 0.1 1
202.46 0.1 1
208.58 0.1 1
214.5 0.1 1
218.32 0.1 1
224.42 0.1 1
228.41 0.1 1
238.36 0.1 1
244.18 0.1 1
246.23 0.1 1
250.08 0.1 1
258.17 0.1 1
260.17 0.1 1
262.1 0.1 1
263.95 0.1 1
265.99 0.1 1
269.89 0.1 1
274.06 0.1 1
276.04 0.1 1
279.94 0.1 1
285.89 0.1 1
289.86 0.1 1
295.81 0.1 1
297.83 0.1 1
299.73 0.1 1
301.7 0.1 1
303.65 0.1 1
305.77 0.1 1
307.7 0.1 1
309.59 0.1 1
325.44 0.1 1
327.53 0.1 1
331.5 0.1 1
333.43 0.1 1
337.4 0.1 1
341.45 0.1 1
349.3 0.1 1
355.22 0.1 1
359.36 0.1 1
361.31 0.1 1
363.17 0.1 1
365.29 0.1 1
371.18 0.1 1
375.18 0.1 1
377.23 0.1 1
385 0.1 1
393.07 0.1 1
395.02 0.1 1
400.97 0.1 1
402.84 0.1 1
410.82 0.1 1
412.74 0.1 1
414.86 0.1 1
424.85 0.1 1
426.8 0.1 1
438.67 0.1 1
440.65 0.1 1
442.6 0.1 1
446.64 0.1 1
448.57 0.1 1
458.51 0.1 1
462.36 0.1 1
466.5 0.1 1
468.38 0.1 1
474.42 0.1 1
480.35 0.1 1
482.3 0.1 1
484.27 0.1 1
486.27 0.1 1
492.12 0.1 1
494.09 0.1 1
496.23 0.1 1
500.11 0.1 1
504.19 0.1 1
