4.14 0.1 1
6.19 0.1 1
10.16 0.1 1
12.1 0.1 1
18.07 0.1 1
20.05 0.1 1
22.02 0.1 1
24.03 0.1 1
25.92 0.1 1
33.9 0.1 1
35.97 0.1 1
37.85 0.1 1
41.94 0.1 1
45.76 0.1 1
47.93 0.1 1
49.73 0.1 1
51.73 0.1 1
57.78 0.1 1
67.6 0.1 1
69.68 0.1 1
71.68 0.1 1
73.6 0.1 1
77.67 0.1 1
79.67 0.1 1
81.54 0.1 1
85.46 0.1 1
87.51 0.1 1
89.46 0.1 1
91.53 0.1 1
95.39 0.1 1
107.35 0.1 1
121.22 0.1 1
125.14 0.1 1
127.16 0.1 1
131.19 0.1 1
133.07 0.1 1
135.02 0.1 1
137.03 0.1 1
138.98 0.1 1
145.04 0.1 1
147.04 0.1 1
151.03 0.1 1
153.03 0.1 1
154.85 0.1 1
162.78 0.1 1
166.89 0.1 1
168.82 0.1 1
170.84 0.1 1
172.87 0.1 1
176.74 0.1 1
182.64 0.1 1
184.61 0.1 1
190.69 0.1 1
194.66 0.1 1
198.61 0.1 1
202.53 0.1 1
208.47 0.1 1
214.34 0.1 1
218.34 0.1 1
224.34 0.1 1
228.22 0.1 1
238.18 0.1 1
244.3 0.1 1
246.2 0.1 1
250.2 0.1 1
258.09 0.1 1
260.09 0.1 1
261.99 0.1 1
264.09 0.1 1
265.95 0.1 1
270.06 0.1 1
273.99 0.1 1
276.04 0.1 1
279.86 0.1 1
285.83 0.1 1
289.86 0.1 1
295.85 0.1 1
297.78 0.1 1
299.83 0.1 1
301.63 0.1 1
303.7 0.1 1
305.72 0.1 1
307.7 0.1 1
309.77 0.1 1
325.48 0.1 1
327.49 0.1 1
331.51 0.1 1
333.46 0.1 1
337.5 0.1 1
341.35 0.1 1
349.37 0.1 1
355.37 0.1 1
359.17 0.1 1
361.21 0.1 1
363.21 0.1 1
365.21 0.1 1
371.16 0.1 1
375.16 0.1 1
377.08 0.1 1
385.15 0.1 1
392.9 0.1 1
394.9 0.1 1
400.87 0.1 1
402.92 0.1 1
410.82 0.1 1
412.82 0.1 1
414.81 0.1 1
424.85 0.1 1
426.78 0.1 1
438.67 0.1 1
440.52 0.1 1
442.7 0.1 1
446.64 0.1 1
448.49 0.1 1
458.49 0.1 1
462.48 0.1 1
466.44 0.1 1
468.33 0.1 1
474.45 0.1 1
480.2 0.1 1
482.22 0.1 1
484.32 0.1 1
486.24 0.1 1
492.27 0.1 1
494.09 0.1 1
496.17 0.1 1
500.24 0.1 1
504.02 0.1 1
