4.22 0.1 1
6.27 0.1 1
10.22 0.1 1
12.22 0.1 1
18.14 0.1 1
20.16 0.1 1
22.11 0.1 1
23.99 0.1 1
25.94 0.1 1
33.9 0.1 1
35.99 0.1 1
37.83 0.1 1
41.96 0.1 1
45.85 0.1 1
47.83 0.1 1
49.92 0.1 1
51.8 0.1 1
57.84 0.1 1
67.74 0.1 1
69.72 0.1 1
71.67 0.1 1
73.64 0.1 1
77.66 0.1 1
79.56 0.1 1
81.5 0.1 1
85.48 0.1 1
87.61 0.1 1
89.56 0.1 1
91.53 0.1 1
95.47 0.1 1
107.34 0.1 1
121.26 0.1 1
125.19 0.1 1
127.21 0.1 1
131.1 0.1 1
133.18 0.1 1
135.13 0.1 1
136.98 0.1 1
139.03 0.1 1
144.97 0.1 1
146.99 0.1 1
150.87 0.1 1
152.97 0.1 1
154.87 0.1 1
162.96 0.1 1
166.74 0.1 1
168.84 0.1 1
170.75 0.1 1
172.88 0.1 1
176.8 0.1 1
182.8 0.1 1
184.72 0.1 1
190.54 0.1 1
194.7 0.1 1
198.49 0.1 1
202.62 0.1 1
208.59 0.1 1
214.46 0.1 1
218.45 0.1 1
224.26 0.1 1
228.33 0.1 1
238.3 0.1 1
244.1 0.1 1
246.07 0.1 1
250.06 0.1 1
258.14 0.1 1
260.06 0.1 1
262.06 0.1 1
263.96 0.1 1
266.01 0.1 1
269.87 0.1 1
273.92 0.1 1
275.92 0.1 1
279.97 0.1 1
285.84 0.1 1
289.87 0.1 1
295.66 0.1 1
297.69 0.1 1
299.78 0.1 1
301.69 0.1 1
303.59 0.1 1
305.64 0.1 1
307.56 0.1 1
309.56 0.1 1
325.42 0.1 1
327.5 0.1 1
331.37 0.1 1
333.37 0.1 1
337.44 0.1 1
341.32 0.1 1
349.41 0.1 1
355.3 0.1 1
359.16 0.1 1
361.23 0.1 1
363.25 0.1 1
365.1 0.1 1
371.22 0.1 1
375.15 0.1 1
377.17 0.1 1
384.96 0.1 1
393.06 0.1 1
395.04 0.1 1
400.81 0.1 1
402.88 0.1 1
410.75 0.1 1
412.82 0.1 1
414.88 0.1 1
424.74 0.1 1
426.79 0.1 1
438.59 0.1 1
440.53 0.1 1
442.5 0.1 1
446.58 0.1 1
448.48 0.1 1
458.45 0.1 1
462.39 0.1 1
466.32 0.1 1
468.4 0.1 1
474.22 0.1 1
480.24 0.1 1
482.23 0.1 1
484.21 0.1 1
486.31 0.1 1
492.06 0.1 1
494.15 0.1 1
496.23 0.1 1
500.2 0.1 1
504.08 0.1 1
