4.12 0.1 1
6.12 0.1 1
10.12 0.1 1
12.12 0.1 1
18.12 0.1 1
20.06 0.1 1
21.96 0.1 1
23.98 0.1 1
26.03 0.1 1
33.9 0.1 1
35.96 0.1 1
37.88 0.1 1
41.8 0.1 1
45.77 0.1 1
47.87 0.1 1
49.88 0.1 1
51.72 0.1 1
57.67 0.1 1
67.56 0.1 1
69.64 0.1 1
71.71 0.1 1
73.61 0.1 1
77.66 0.1 1
79.55 0.1 1
81.46 0.1 1
85.61 0.1 1
87.43 0.1 1
89.45 0.1 1
91.43 0.1 1
95.39 0.1 1
107.39 0.1 1
121.21 0.1 1
125.18 0.1 1
127.26 0.1 1
131.08 0.1 1
133.18 0.1 1
135.18 0.1 1
137.03 0.1 1
139.18 0.1 1
145.14 0.1 1
146.94 0.1 1
150.92 0.1 1
153.02 0.1 1
154.94 0.1 1
162.86 0.1 1
166.83 0.1 1
168.78 0.1 1
170.8 0.1 1
172.78 0.1 1
176.68 0.1 1
182.82 0.1 1
184.68 0.1 1
190.65 0.1 1
194.7 0.1 1
198.51 0.1 1
202.62 0.1 1
208.46 0.1 1
214.43 0.1 1
218.33 0.1 1
224.38 0.1 1
228.27 0.1 1
238.15 0.1 1
244.12 0.1 1
246.07 0.1 1
250.24 0.1 1
258.18 0.1 1
260.06 0.1 1
261.94 0.1 1
263.98 0.1 1
266.01 0.1 1
269.92 0.1 1
273.88 0.1 1
276.03 0.1 1
280 0.1 1
285.87 0.1 1
289.87 0.1 1
295.86 0.1 1
297.79 0.1 1
299.68 0.1 1
301.78 0.1 1
303.69 0.1 1
305.75 0.1 1
307.69 0.1 1
309.63 0.1 1
325.52 0.1 1
327.6 0.1 1
331.49 0.1 1
333.39 0.1 1
337.46 0.1 1
341.34 0.1 1
349.36 0.1 1
355.28 0.1 1
359.28 0.1 1
361.23 0.1 1
363.17 0.1 1
365.22 0.1 1
371.25 0.1 1
375.19 0.1 1
377.05 0.1 1
385.04 0.1 1
392.94 0.1 1
394.94 0.1 1
400.98 0.1 1
402.96 0.1 1
410.8 0.1 1
412.85 0.1 1
414.75 0.1 1
424.65 0.1 1
426.74 0.1 1
438.64 0.1 1
440.58 0.1 1
442.49 0.1 1
446.58 0.1 1
448.5 0.1 1
458.38 0.1 1
462.45 0.1 1
466.47 0.1 1
468.47 0.1 1
474.39 0.1 1
480.23 0.1 1
482.31 0.1 1
484.24 0.1 1
486.29 0.1 1
492.25 0.1 1
494.25 0.1 1
496.23 0.1 1
500.06 0.1 1
504.05 0.1 1
