4.24 0.1 1
6.17 0.1 1
10.18 0.1 1
12.14 0.1 1
18.15 0.1 1
20.06 0.1 1
22.11 0.1 1
24.07 0.1 1
25.98 0.1 1
33.99 0.1 1
35.9 0.1 1
37.92 0.1 1
41.8 0.1 1
45.91 0.1 1
47.86 0.1 1
49.91 0.1 1
51.71 0.1 1
57.68 0.1 1
67.63 0.1 1
69.63 0.1 1
71.57 0.1 1
73.53 0.1 1
77.57 0.1 1
79.52 0.1 1
81.59 0.1 1
85.5 0.1 1
87.44 0.1 1
89.44 0.1 1
91.52 0.1 1
95.34 0.1 1
107.3 0.1 1
121.15 0.1 1
125.17 0.1 1
127.15 0.1 1
131.16 0.1 1
133.19 0.1 1
135.07 0.1 1
137.16 0.1 1
139.09 0.1 1
145.13 0.1 1
146.93 0.1 1
151.06 0.1 1
152.95 0.1 1
154.95 0.1 1
162.95 0.1 1
166.82 0.1 1
168.75 0.1 1
170.94 0.1 1
172.87 0.1 1
176.72 0.1 1
182.72 0.1 1
184.76 0.1 1
190.74 0.1 1
194.65 0.1 1
198.6 0.1 1
202.66 0.1 1
208.57 0.1 1
214.57 0.1 1
218.5 0.1 1
224.31 0.1 1
228.27 0.1 1
238.34 0.1 1
244.35 0.1 1
246.18 0.1 1
250.28 0.1 1
258.05 0.1 1
260.2 0.1 1
262.19 0.1 1
264 0.1 1
266.06 0.1 1
269.97 0.1 1
274.02 0.1 1
276.09 0.1 1
279.89 0.1 1
286 0.1 1
289.98 0.1 1
295.78 0.1 1
297.92 0.1 1
299.85 0.1 1
301.77 0.1 1
303.7 0.1 1
305.75 0.1 1
307.8 0.1 1
309.64 0.1 1
325.58 0.1 1
327.56 0.1 1
331.61 0.1 1
333.56 0.1 1
337.51 0.1 1
341.5 0.1 1
349.49 0.1 1
355.32 0.1 1
359.37 0.1 1
361.32 0.1 1
363.26 0.1 1
365.23 0.1 1
371.29 0.1 1
375.16 0.1 1
377.18 0.1 1
385.15 0.1 1
393.05 0.1 1
395.1 0.1 1
400.92 0.1 1
403.04 0.1 1
410.96 0.1 1
412.98 0.1 1
414.96 0.1 1
424.81 0.1 1
426.73 0.1 1
438.69 0.1 1
440.62 0.1 1
442.72 0.1 1
446.65 0.1 1
448.64 0.1 1
458.59 0.1 1
462.46 0.1 1
466.38 0.1 1
468.36 0.1 1
474.46 0.1 1
480.28 0.1 1
482.37 0.1 1
484.22 0.1 1
486.19 0.1 1
492.31 0.1 1
494.19 0.1 1
496.17 0.1 1
500.17 0.1 1
504.13 0.1 1
