4.2 0.1 1
6.15 0.1 1
10.24 0.1 1
12.14 0.1 1
18.12 0.1 1
20.01 0.1 1
21.94 0.1 1
24.13 0.1 1
26.04 0.1 1
33.98 0.1 1
35.83 0.1 1
37.97 0.1 1
41.92 0.1 1
45.78 0.1 1
47.94 0.1 1
49.74 0.1 1
51.84 0.1 1
57.79 0.1 1
67.59 0.1 1
69.66 0.1 1
71.68 0.1 1
73.64 0.1 1
77.63 0.1 1
79.6 0.1 1
81.66 0.1 1
85.63 0.1 1
87.47 0.1 1
89.45 0.1 1
91.55 0.1 1
95.49 0.1 1
107.44 0.1 1
121.19 0.1 1
125.28 0.1 1
127.2 0.1 1
131.12 0.1 1
133.1 0.1 1
135.03 0.1 1
137.12 0.1 1
139.09 0.1 1
145 0.1 1
147.04 0.1 1
151.11 0.1 1
152.99 0.1 1
154.94 0.1 1
162.91 0.1 1
166.81 0.1 1
168.81 0.1 1
170.9 0.1 1
172.86 0.1 1
176.75 0.1 1
182.85 0.1 1
184.72 0.1 1
190.64 0.1 1
194.59 0.1 1
198.72 0.1 1
202.51 0.1 1
208.63 0.1 1
214.51 0.1 1
218.43 0.1 1
224.31 0.1 1
228.37 0.1 1
238.4 0.1 1
244.29 0.1 1
246.34 0.1 1
250.21 0.1 1
258.06 0.1 1
260.06 0.1 1
262.1 0.1 1
264 0.1 1
266.05 0.1 1
269.96 0.1 1
274.03 0.1 1
275.9 0.1 1
280 0.1 1
285.95 0.1 1
289.81 0.1 1
295.77 0.1 1
297.73 0.1 1
299.84 0.1 1
301.83 0.1 1
303.71 0.1 1
305.83 0.1 1
307.83 0.1 1
309.81 0.1 1
325.57 0.1 1
327.63 0.1 1
331.65 0.1 1
333.44 0.1 1
337.44 0.1 1
341.37 0.1 1
349.48 0.1 1
355.46 0.1 1
359.4 0.1 1
361.25 0.1 1
363.4 0.1 1
365.25 0.1 1
371.23 0.1 1
375.25 0.1 1
377.24 0.1 1
385.06 0.1 1
393.11 0.1 1
395.14 0.1 1
400.93 0.1 1
403 0.1 1
410.87 0.1 1
413 0.1 1
414.93 0.1 1
424.82 0.1 1
426.72 0.1 1
438.74 0.1 1
440.68 0.1 1
442.64 0.1 1
446.54 0.1 1
448.6 0.1 1
458.58 0.1 1
462.55 0.1 1
466.37 0.1 1
468.4 0.1 1
474.47 0.1 1
480.46 0.1 1
482.37 0.1 1
484.36 0.1 1
486.41 0.1 1
492.19 0.1 1
494.35 0.1 1
496.26 0.1 1
500.11 0.1 1
504.06 0.1 1
