4.09 0.1 1
6.17 0.1 1
10.24 0.1 1
12.23 0.1 1
18.05 0.1 1
20.05 0.1 1
22 0.1 1
23.98 0.1 1
26.05 0.1 1
33.98 0.1 1
35.97 0.1 1
37.9 0.1 1
41.97 0.1 1
45.87 0.1 1
47.82 0.1 1
49.81 0.1 1
51.77 0.1 1
57.68 0.1 1
67.73 0.1 1
69.65 0.1 1
71.56 0.1 1
73.53 0.1 1
77.53 0.1 1
79.48 0.1 1
81.47 0.1 1
85.52 0.1 1
87.45 0.1 1
89.55 0.1 1
91.42 0.1 1
95.37 0.1 1
107.34 0.1 1
121.3 0.1 1
125.27 0.1 1
127.28 0.1 1
131.19 0.1 1
133.05 0.1 1
135.05 0.1 1
137.02 0.1 1
139.12 0.1 1
145.07 0.1 1
146.93 0.1 1
150.93 0.1 1
152.99 0.1 1
154.89 0.1 1
162.88 0.1 1
166.8 0.1 1
168.92 0.1 1
170.88 0.1 1
172.77 0.1 1
176.8 0.1 1
182.75 0.1 1
184.82 0.1 1
190.59 0.1 1
194.56 0.1 1
198.56 0.1 1
202.66 0.1 1
208.51 0.1 1
214.45 0.1 1
218.43 0.1 1
224.5 0.1 1
228.47 0.1 1
238.38 0.1 1
244.24 0.1 1
246.21 0.1 1
250.25 0.1 1
258.2 0.1 1
260.1 0.1 1
262.05 0.1 1
264.02 0.1 1
266.05 0.1 1
270.02 0.1 1
273.94 0.1 1
275.94 0.1 1
279.97 0.1 1
285.89 0.1 1
289.83 0.1 1
295.91 0.1 1
297.85 0.1 1
299.75 0.1 1
301.73 0.1 1
303.78 0.1 1
305.65 0.1 1
307.73 0.1 1
309.6 0.1 1
325.49 0.1 1
327.56 0.1 1
331.43 0.1 1
333.41 0.1 1
337.41 0.1 1
341.33 0.1 1
349.3 0.1 1
355.37 0.1 1
359.35 0.1 1
361.32 0.1 1
363.17 0.1 1
365.2 0.1 1
371.14 0.1 1
375.12 0.1 1
377.11 0.1 1
385.16 0.1 1
392.91 0.1 1
394.95 0.1 1
401 0.1 1
403 0.1 1
410.9 0.1 1
412.74 0.1 1
414.87 0.1 1
424.76 0.1 1
426.73 0.1 1
438.6 0.1 1
440.55 0.1 1
442.53 0.1 1
446.6 0.1 1
448.63 0.1 1
458.56 0.1 1
462.41 0.1 1
466.31 0.1 1
468.38 0.1 1
474.24 0.1 1
480.18 0.1 1
482.31 0.1 1
484.33 0.1 1
486.26 0.1 1
492.23 0.1 1
494.17 0.1 1
496.15 0.1 1
500.1 0.1 1
503.99 0.1 1
