4.22 0.1 1
6.14 0.1 1
10.24 0.1 1
12.09 0.1 1
18.08 0.1 1
20.13 0.1 1
22.01 0.1 1
24.01 0.1 1
25.98 0.1 1
33.93 0.1 1
36 0.1 1
37.85 0.1 1
41.88 0.1 1
45.89 0.1 1
47.87 0.1 1
49.85 0.1 1
51.74 0.1 1
57.66 0.1 1
67.63 0.1 1
69.64 0.1 1
71.63 0.1 1
73.73 0.1 1
77.58 0.1 1
79.61 0.1 1
81.5 0.1 1
85.55 0.1 1
87.43 0.1 1
89.44 0.1 1
91.45 0.1 1
95.5 0.1 1
107.44 0.1 1
121.21 0.1 1
125.3 0.1 1
127.25 0.1 1
131.22 0.1 1
133.18 0.1 1
135.1 0.1 1
137.22 0.1 1
139.07 0.1 1
145.1 0.1 1
147.07 0.1 1
151.01 0.1 1
153.06 0.1 1
155.04 0.1 1
162.83 0.1 1
166.88 0.1 1
168.96 0.1 1
170.93 0.1 1
172.88 0.1 1
176.7 0.1 1
182.67 0.1 1
184.75 0.1 1
190.64 0.1 1
194.69 0.1 1
198.64 0.1 1
202.49 0.1 1
208.44 0.1 1
214.43 0.1 1
218.41 0.1 1
224.33 0.1 1
228.28 0.1 1
238.19 0.1 1
244.26 0.1 1
246.29 0.1 1
250.29 0.1 1
258.23 0.1 1
260.2 0.1 1
262.18 0.1 1
264.03 0.1 1
266.17 0.1 1
269.98 0.1 1
273.92 0.1 1
275.89 0.1 1
279.89 0.1 1
285.82 0.1 1
289.92 0.1 1
295.88 0.1 1
297.86 0.1 1
299.79 0.1 1
301.86 0.1 1
303.81 0.1 1
305.85 0.1 1
307.65 0.1 1
309.71 0.1 1
325.54 0.1 1
327.5 0.1 1
331.51 0.1 1
333.51 0.1 1
337.39 0.1 1
341.39 0.1 1
349.36 0.1 1
355.4 0.1 1
359.28 0.1 1
361.27 0.1 1
363.23 0.1 1
365.27 0.1 1
371.19 0.1 1
375.17 0.1 1
377.12 0.1 1
385.18 0.1 1
393.11 0.1 1
395.13 0.1 1
401 0.1 1
402.96 0.1 1
411 0.1 1
412.9 0.1 1
414.77 0.1 1
424.72 0.1 1
426.71 0.1 1
438.69 0.1 1
440.68 0.1 1
442.58 0.1 1
446.6 0.1 1
448.53 0.1 1
458.49 0.1 1
462.54 0.1 1
466.54 0.1 1
468.5 0.1 1
474.32 0.1 1
480.28 0.1 1
482.29 0.1 1
484.29 0.1 1
486.21 0.1 1
492.2 0.1 1
494.23 0.1 1
496.26 0.1 1
500.27 0.1 1
504.08 0.1 1
