4.21 0.1 1
6.11 0.1 1
10.07 0.1 1
12.07 0.1 1
18.06 0.1 1
20 0.1 1
21.95 0.1 1
24.03 0.1 1
26.06 0.1 1
33.87 0.1 1
35.87 0.1 1
37.9 0.1 1
41.99 0.1 1
45.87 0.1 1
47.76 0.1 1
49.81 0.1 1
51.86 0.1 1
57.79 0.1 1
67.68 0.1 1
69.68 0.1 1
71.73 0.1 1
73.53 0.1 1
77.7 0.1 1
79.65 0.1 1
81.57 0.1 1
85.5 0.1 1
87.57 0.1 1
89.4 0.1 1
91.45 0.1 1
95.37 0.1 1
107.43 0.1 1
121.22 0.1 1
125.28 0.1 1
127.23 0.1 1
131.25 0.1 1
133.04 0.1 1
135.09 0.1 1
137.04 0.1 1
138.99 0.1 1
145.01 0.1 1
146.97 0.1 1
150.93 0.1 1
153.04 0.1 1
154.89 0.1 1
162.95 0.1 1
166.81 0.1 1
168.85 0.1 1
170.77 0.1 1
172.83 0.1 1
176.75 0.1 1
182.64 0.1 1
184.64 0.1 1
190.57 0.1 1
194.68 0.1 1
198.59 0.1 1
202.44 0.1 1
208.45 0.1 1
214.4 0.1 1
218.33 0.1 1
224.27 0.1 1
228.42 0.1 1
238.31 0.1 1
244.14 0.1 1
246.26 0.1 1
250.08 0.1 1
258.1 0.1 1
260.03 0.1 1
262.15 0.1 1
263.95 0.1 1
266.02 0.1 1
269.97 0.1 1
273.92 0.1 1
275.92 0.1 1
280.01 0.1 1
285.96 0.1 1
289.73 0.1 1
295.78 0.1 1
297.7 0.1 1
299.73 0.1 1
301.73 0.1 1
303.62 0.1 1
305.68 0.1 1
307.72 0.1 1
309.67 0.1 1
325.52 0.1 1
327.52 0.1 1
331.52 0.1 1
333.49 0.1 1
337.43 0.1 1
341.36 0.1 1
349.3 0.1 1
355.27 0.1 1
359.22 0.1 1
361.32 0.1 1
363.3 0.1 1
365.12 0.1 1
371.14 0.1 1
375.07 0.1 1
377.21 0.1 1
385.01 0.1 1
393.01 0.1 1
395 0.1 1
400.8 0.1 1
402.92 0.1 1
410.87 0.1 1
412.72 0.1 1
414.7 0.1 1
424.61 0.1 1
426.68 0.1 1
438.6 0.1 1
440.67 0.1 1
442.58 0.1 1
446.52 0.1 1
448.47 0.1 1
458.42 0.1 1
462.49 0.1 1
466.36 0.1 1
468.27 0.1 1
474.21 0.1 1
480.26 0.1 1
482.2 0.1 1
484.28 0.1 1
486.2 0.1 1
492.05 0.1 1
494.17 0.1 1
496.17 0.1 1
500.15 0.1 1
504.14 0.1 1
