4.13 0.1 1
6.08 0.1 1
10.13 0.1 1
12.06 0.1 1
18 0.1 1
20.15 0.1 1
22.1 0.1 1
24 0.1 1
26.12 0.1 1
33.9 0.1 1
35.85 0.1 1
37.91 0.1 1
41.79 0.1 1
45.77 0.1 1
47.83 0.1 1
49.88 0.1 1
51.88 0.1 1
57.73 0.1 1
67.63 0.1 1
69.62 0.1 1
71.7 0.1 1
73.65 0.1 1
77.54 0.1 1
79.54 0.1 1
81.65 0.1 1
85.45 0.1 1
87.54 0.1 1
89.52 0.1 1
91.54 0.1 1
95.49 0.1 1
107.25 0.1 1
121.23 0.1 1
125.25 0.1 1
127.22 0.1 1
131.21 0.1 1
133.16 0.1 1
135.02 0.1 1
137.16 0.1 1
139.16 0.1 1
144.98 0.1 1
147.06 0.1 1
150.93 0.1 1
152.95 0.1 1
154.96 0.1 1
162.82 0.1 1
166.74 0.1 1
168.85 0.1 1
170.77 0.1 1
172.69 0.1 1
176.81 0.1 1
182.72 0.1 1
184.61 0.1 1
190.63 0.1 1
194.65 0.1 1
198.51 0.1 1
202.48 0.1 1
208.4 0.1 1
214.47 0.1 1
218.44 0.1 1
224.44 0.1 1
228.41 0.1 1
238.33 0.1 1
244.11 0.1 1
246.06 0.1 1
250.08 0.1 1
258 0.1 1
260.14 0.1 1
261.95 0.1 1
263.94 0.1 1
265.99 0.1 1
269.99 0.1 1
273.94 0.1 1
275.84 0.1 1
279.91 0.1 1
285.88 0.1 1
289.86 0.1 1
295.7 0.1 1
297.67 0.1 1
299.68 0.1 1
301.72 0.1 1
303.57 0.1 1
305.6 0.1 1
307.64 0.1 1
309.69 0.1 1
325.46 0.1 1
327.43 0.1 1
331.39 0.1 1
333.4 0.1 1
337.41 0.1 1
341.4 0.1 1
349.35 0.1 1
355.17 0.1 1
359.19 0.1 1
361.12 0.1 1
363.21 0.1 1
365.17 0.1 1
371.19 0.1 1
374.99 0.1 1
377.1 0.1 1
385.05 0.1 1
392.83 0.1 1
394.99 0.1 1
400.8 0.1 1
402.89 0.1 1
410.81 0.1 1
412.66 0.1 1
414.64 0.1 1
424.58 0.1 1
426.58 0.1 1
438.65 0.1 1
440.5 0.1 1
442.55 0.1 1
446.55 0.1 1
448.54 0.1 1
458.46 0.1 1
462.43 0.1 1
466.38 0.1 1
468.26 0.1 1
474.21 0.1 1
480.15 0.1 1
482.1 0.1 1
484.12 0.1 1
486.19 0.1 1
492.17 0.1 1
494.12 0.1 1
496 0.1 1
499.97 0.1 1
503.92 0.1 1
