4.12 0.1 1
6.14 0.1 1
10.18 0.1 1
12.1 0.1 1
17.9 0.1 1
20.02 0.1 1
21.91 0.1 1
23.93 0.1 1
25.81 0.1 1
33.89 0.1 1
35.69 0.1 1
37.64 0.1 1
41.76 0.1 1
45.75 0.1 1
47.72 0.1 1
49.67 0.1 1
51.57 0.1 1
57.41 0.1 1
67.39 0.1 1
69.27 0.1 1
71.31 0.1 1
73.38 0.1 1
77.18 0.1 1
79.28 0.1 1
81.3 0.1 1
85.15 0.1 1
87.11 0.1 1
89.03 0.1 1
91.03 0.1 1
95.11 0.1 1
106.88 0.1 1
120.84 0.1 1
124.73 0.1 1
126.66 0.1 1
130.68 0.1 1
132.6 0.1 1
134.69 0.1 1
136.67 0.1 1
138.62 0.1 1
144.41 0.1 1
146.38 0.1 1
150.32 0.1 1
152.47 0.1 1
154.26 0.1 1
162.33 0.1 1
166.25 0.1 1
168.19 0.1 1
170.19 0.1 1
172.11 0.1 1
176 0.1 1
182.09 0.1 1
183.94 0.1 1
189.94 0.1 1
193.86 0.1 1
197.88 0.1 1
201.69 0.1 1
207.81 0.1 1
213.62 0.1 1
217.64 0.1 1
223.66 0.1 1
227.55 0.1 1
237.39 0.1 1
243.38 0.1 1
245.28 0.1 1
249.29 0.1 1
257.26 0.1 1
259.28 0.1 1
261.15 0.1 1
263.17 0.1 1
265.02 0.1 1
269.04 0.1 1
273.08 0.1 1
274.88 0.1 1
278.98 0.1 1
284.91 0.1 1
288.71 0.1 1
294.85 0.1 1
296.65 0.1 1
298.75 0.1 1
300.61 0.1 1
302.62 0.1 1
304.64 0.1 1
306.56 0.1 1
308.45 0.1 1
324.41 0.1 1
326.3 0.1 1
330.22 0.1 1
332.19 0.1 1
336.31 0.1 1
340.23 0.1 1
348.14 0.1 1
354.04 0.1 1
358.11 0.1 1
360.06 0.1 1
362.02 0.1 1
363.94 0.1 1
369.91 0.1 1
373.88 0.1 1
375.76 0.1 1
383.62 0.1 1
391.53 0.1 1
393.55 0.1 1
399.54 0.1 1
401.52 0.1 1
409.51 0.1 1
411.48 0.1 1
413.3 0.1 1
423.19 0.1 1
425.15 0.1 1
437.21 0.1 1
439.03 0.1 1
441 0.1 1
445.08 0.1 1
447.02 0.1 1
456.81 0.1 1
460.77 0.1 1
464.8 0.1 1
466.71 0.1 1
472.63 0.1 1
478.65 0.1 1
480.72 0.1 1
482.59 0.1 1
484.49 0.1 1
490.45 0.1 1
492.58 0.1 1
494.55 0.1 1
498.45 0.1 1
502.38 0.1 1
