4.2 0.1 1
6.25 0.1 1
10.03 0.1 1
12.12 0.1 1
18.12 0.1 1
20.12 0.1 1
22.09 0.1 1
24.11 0.1 1
25.92 0.1 1
33.94 0.1 1
35.96 0.1 1
37.91 0.1 1
41.98 0.1 1
45.88 0.1 1
47.9 0.1 1
49.92 0.1 1
51.8 0.1 1
57.77 0.1 1
67.74 0.1 1
69.64 0.1 1
71.69 0.1 1
73.66 0.1 1
77.61 0.1 1
79.64 0.1 1
81.66 0.1 1
85.59 0.1 1
87.56 0.1 1
89.45 0.1 1
91.48 0.1 1
95.45 0.1 1
107.3 0.1 1
121.21 0.1 1
125.24 0.1 1
127.24 0.1 1
131.06 0.1 1
133.21 0.1 1
135.2 0.1 1
137.16 0.1 1
139.16 0.1 1
145.15 0.1 1
147.13 0.1 1
151.09 0.1 1
153.09 0.1 1
154.94 0.1 1
162.86 0.1 1
166.82 0.1 1
168.78 0.1 1
170.86 0.1 1
172.91 0.1 1
176.76 0.1 1
182.65 0.1 1
184.72 0.1 1
190.58 0.1 1
194.69 0.1 1
198.57 0.1 1
202.6 0.1 1
208.47 0.1 1
214.53 0.1 1
218.43 0.1 1
224.35 0.1 1
228.41 0.1 1
238.27 0.1 1
244.34 0.1 1
246.27 0.1 1
250.19 0.1 1
258.12 0.1 1
260.02 0.1 1
262.01 0.1 1
264.13 0.1 1
266.16 0.1 1
270.11 0.1 1
274.05 0.1 1
275.88 0.1 1
279.85 0.1 1
285.94 0.1 1
289.77 0.1 1
295.74 0.1 1
297.79 0.1 1
299.72 0.1 1
301.67 0.1 1
303.69 0.1 1
305.74 0.1 1
307.64 0.1 1
309.71 0.1 1
325.65 0.1 1
327.53 0.1 1
331.54 0.1 1
333.49 0.1 1
337.52 0.1 1
341.45 0.1 1
349.31 0.1 1
355.31 0.1 1
359.3 0.1 1
361.33 0.1 1
363.21 0.1 1
365.16 0.1 1
371.13 0.1 1
375.2 0.1 1
377.24 0.1 1
385.19 0.1 1
393.12 0.1 1
395.09 0.1 1
400.94 0.1 1
402.96 0.1 1
410.8 0.1 1
412.83 0.1 1
414.81 0.1 1
424.82 0.1 1
426.72 0.1 1
438.69 0.1 1
440.74 0.1 1
442.66 0.1 1
446.59 0.1 1
448.63 0.1 1
458.43 0.1 1
462.58 0.1 1
466.5 0.1 1
468.52 0.1 1
474.37 0.1 1
480.27 0.1 1
482.34 0.1 1
484.29 0.1 1
486.21 0.1 1
492.19 0.1 1
494.23 0.1 1
496.18 0.1 1
500.08 0.1 1
504.23 0.1 1
