4.21 0.1 1
6.21 0.1 1
10.18 0.1 1
12.2 0.1 1
18.1 0.1 1
19.96 0.1 1
22.13 0.1 1
24.13 0.1 1
26.08 0.1 1
34.04 0.1 1
35.92 0.1 1
37.85 0.1 1
41.96 0.1 1
45.76 0.1 1
47.86 0.1 1
49.78 0.1 1
51.73 0.1 1
57.78 0.1 1
67.58 0.1 1
69.77 0.1 1
71.62 0.1 1
73.63 0.1 1
77.67 0.1 1
79.5 0.1 1
81.54 0.1 1
85.45 0.1 1
87.42 0.1 1
89.54 0.1 1
91.57 0.1 1
95.53 0.1 1
107.36 0.1 1
121.32 0.1 1
125.3 0.1 1
127.09 0.1 1
131.22 0.1 1
133.07 0.1 1
135.07 0.1 1
137.07 0.1 1
138.97 0.1 1
145.13 0.1 1
147.04 0.1 1
150.98 0.1 1
153.05 0.1 1
154.86 0.1 1
162.92 0.1 1
166.94 0.1 1
168.77 0.1 1
170.87 0.1 1
172.79 0.1 1
176.71 0.1 1
182.71 0.1 1
184.69 0.1 1
190.59 0.1 1
194.54 0.1 1
198.58 0.1 1
202.45 0.1 1
208.42 0.1 1
214.39 0.1 1
218.45 0.1 1
224.39 0.1 1
228.32 0.1 1
238.33 0.1 1
244.15 0.1 1
246.26 0.1 1
250.18 0.1 1
258.02 0.1 1
260.12 0.1 1
262.05 0.1 1
264.05 0.1 1
266.12 0.1 1
269.89 0.1 1
273.91 0.1 1
275.99 0.1 1
279.98 0.1 1
285.86 0.1 1
289.88 0.1 1
295.75 0.1 1
297.82 0.1 1
299.78 0.1 1
301.77 0.1 1
303.75 0.1 1
305.75 0.1 1
307.74 0.1 1
309.59 0.1 1
325.59 0.1 1
327.43 0.1 1
331.43 0.1 1
333.38 0.1 1
337.33 0.1 1
341.43 0.1 1
349.37 0.1 1
355.32 0.1 1
359.17 0.1 1
361.31 0.1 1
363.17 0.1 1
365.26 0.1 1
371.16 0.1 1
375.03 0.1 1
377.1 0.1 1
385.12 0.1 1
393 0.1 1
395.04 0.1 1
400.99 0.1 1
402.79 0.1 1
410.77 0.1 1
412.74 0.1 1
414.76 0.1 1
424.8 0.1 1
426.6 0.1 1
438.67 0.1 1
440.55 0.1 1
442.54 0.1 1
446.6 0.1 1
448.55 0.1 1
458.51 0.1 1
462.51 0.1 1
466.31 0.1 1
468.35 0.1 1
474.28 0.1 1
480.32 0.1 1
482.23 0.1 1
484.2 0.1 1
486.29 0.1 1
492.17 0.1 1
494.05 0.1 1
496.09 0.1 1
500.14 0.1 1
504.09 0.1 1
