4.22 0.1 1
6.19 0.1 1
10.13 0.1 1
12.15 0.1 1
17.97 0.1 1
19.92 0.1 1
22.01 0.1 1
23.89 0.1 1
25.88 0.1 1
33.8 0.1 1
35.74 0.1 1
37.81 0.1 1
41.61 0.1 1
45.55 0.1 1
47.7 0.1 1
49.52 0.1 1
51.52 0.1 1
57.41 0.1 1
67.47 0.1 1
69.31 0.1 1
71.29 0.1 1
73.36 0.1 1
77.25 0.1 1
79.23 0.1 1
81.28 0.1 1
85.12 0.1 1
87.09 0.1 1
89.08 0.1 1
91.03 0.1 1
95.05 0.1 1
106.86 0.1 1
120.71 0.1 1
124.71 0.1 1
126.76 0.1 1
130.62 0.1 1
132.72 0.1 1
134.56 0.1 1
136.51 0.1 1
138.53 0.1 1
144.41 0.1 1
146.52 0.1 1
150.34 0.1 1
152.37 0.1 1
154.36 0.1 1
162.32 0.1 1
166.12 0.1 1
168.14 0.1 1
170.19 0.1 1
172.03 0.1 1
175.98 0.1 1
181.95 0.1 1
183.97 0.1 1
189.99 0.1 1
193.8 0.1 1
197.82 0.1 1
201.87 0.1 1
207.73 0.1 1
213.7 0.1 1
217.59 0.1 1
223.48 0.1 1
227.55 0.1 1
237.47 0.1 1
243.31 0.1 1
245.32 0.1 1
249.24 0.1 1
257.16 0.1 1
259.06 0.1 1
261.13 0.1 1
263.08 0.1 1
265.07 0.1 1
269.09 0.1 1
272.98 0.1 1
275.03 0.1 1
278.97 0.1 1
284.82 0.1 1
288.86 0.1 1
294.73 0.1 1
296.8 0.1 1
298.77 0.1 1
300.69 0.1 1
302.56 0.1 1
304.68 0.1 1
306.56 0.1 1
308.41 0.1 1
324.33 0.1 1
326.26 0.1 1
330.4 0.1 1
332.35 0.1 1
336.22 0.1 1
340.23 0.1 1
348.05 0.1 1
354.07 0.1 1
357.93 0.1 1
359.88 0.1 1
361.93 0.1 1
363.99 0.1 1
369.91 0.1 1
373.88 0.1 1
375.76 0.1 1
383.67 0.1 1
391.58 0.1 1
393.5 0.1 1
399.54 0.1 1
401.42 0.1 1
409.46 0.1 1
411.48 0.1 1
413.37 0.1 1
423.23 0.1 1
425.18 0.1 1
437.11 0.1 1
439.19 0.1 1
441.14 0.1 1
445.02 0.1 1
447.03 0.1 1
456.84 0.1 1
460.87 0.1 1
464.72 0.1 1
466.82 0.1 1
472.78 0.1 1
478.73 0.1 1
480.69 0.1 1
482.52 0.1 1
484.5 0.1 1
490.56 0.1 1
492.56 0.1 1
494.4 0.1 1
498.37 0.1 1
502.24 0.1 1
