4.1 0.1 1
6.13 0.1 1
10.12 0.1 1
12.07 0.1 1
18.05 0.1 1
19.97 0.1 1
22 0.1 1
23.92 0.1 1
25.91 0.1 1
33.91 0.1 1
35.83 0.1 1
37.96 0.1 1
41.96 0.1 1
45.85 0.1 1
47.88 0.1 1
49.83 0.1 1
51.78 0.1 1
57.7 0.1 1
67.7 0.1 1
69.59 0.1 1
71.72 0.1 1
73.61 0.1 1
77.51 0.1 1
79.62 0.1 1
81.61 0.1 1
85.54 0.1 1
87.51 0.1 1
89.55 0.1 1
91.53 0.1 1
95.48 0.1 1
107.25 0.1 1
121.16 0.1 1
125.24 0.1 1
127.26 0.1 1
131.25 0.1 1
133.04 0.1 1
135.18 0.1 1
137.13 0.1 1
139.18 0.1 1
145.07 0.1 1
146.97 0.1 1
151.07 0.1 1
153.02 0.1 1
155.07 0.1 1
163.01 0.1 1
166.81 0.1 1
168.84 0.1 1
170.83 0.1 1
172.81 0.1 1
176.69 0.1 1
182.7 0.1 1
184.78 0.1 1
190.63 0.1 1
194.57 0.1 1
198.69 0.1 1
202.67 0.1 1
208.49 0.1 1
214.54 0.1 1
218.49 0.1 1
224.31 0.1 1
228.41 0.1 1
238.28 0.1 1
244.35 0.1 1
246.34 0.1 1
250.27 0.1 1
258.16 0.1 1
260.23 0.1 1
262.13 0.1 1
264.11 0.1 1
266.08 0.1 1
269.96 0.1 1
274.01 0.1 1
275.9 0.1 1
279.92 0.1 1
285.85 0.1 1
289.94 0.1 1
295.92 0.1 1
297.91 0.1 1
299.88 0.1 1
301.86 0.1 1
303.68 0.1 1
305.76 0.1 1
307.83 0.1 1
309.83 0.1 1
325.54 0.1 1
327.69 0.1 1
331.52 0.1 1
333.62 0.1 1
337.51 0.1 1
341.39 0.1 1
349.51 0.1 1
355.33 0.1 1
359.31 0.1 1
361.28 0.1 1
363.22 0.1 1
365.27 0.1 1
371.32 0.1 1
375.27 0.1 1
377.24 0.1 1
385.22 0.1 1
393.06 0.1 1
395.09 0.1 1
401.08 0.1 1
403.06 0.1 1
410.92 0.1 1
412.8 0.1 1
414.82 0.1 1
424.72 0.1 1
426.74 0.1 1
438.61 0.1 1
440.76 0.1 1
442.75 0.1 1
446.56 0.1 1
448.65 0.1 1
458.58 0.1 1
462.5 0.1 1
466.49 0.1 1
468.45 0.1 1
474.42 0.1 1
480.41 0.1 1
482.38 0.1 1
484.23 0.1 1
486.28 0.1 1
492.36 0.1 1
494.17 0.1 1
496.23 0.1 1
500.15 0.1 1
504.12 0.1 1
