4.26 0.1 1
6.18 0.1 1
10.13 0.1 1
12.08 0.1 1
18.07 0.1 1
20.07 0.1 1
22.15 0.1 1
24.1 0.1 1
25.92 0.1 1
34.05 0.1 1
35.84 0.1 1
37.92 0.1 1
41.87 0.1 1
45.96 0.1 1
47.76 0.1 1
49.76 0.1 1
51.89 0.1 1
57.83 0.1 1
67.67 0.1 1
69.62 0.1 1
71.67 0.1 1
73.58 0.1 1
77.55 0.1 1
79.59 0.1 1
81.5 0.1 1
85.44 0.1 1
87.46 0.1 1
89.52 0.1 1
91.44 0.1 1
95.41 0.1 1
107.43 0.1 1
121.27 0.1 1
125.12 0.1 1
127.19 0.1 1
131.16 0.1 1
133.07 0.1 1
135.06 0.1 1
137.17 0.1 1
139.16 0.1 1
145.11 0.1 1
147.09 0.1 1
150.9 0.1 1
153 0.1 1
154.86 0.1 1
162.77 0.1 1
166.82 0.1 1
168.74 0.1 1
170.75 0.1 1
172.84 0.1 1
176.81 0.1 1
182.81 0.1 1
184.62 0.1 1
190.63 0.1 1
194.51 0.1 1
198.58 0.1 1
202.55 0.1 1
208.45 0.1 1
214.38 0.1 1
218.39 0.1 1
224.27 0.1 1
228.34 0.1 1
238.26 0.1 1
244.25 0.1 1
246.2 0.1 1
250.11 0.1 1
258.03 0.1 1
260.13 0.1 1
262.1 0.1 1
263.99 0.1 1
265.94 0.1 1
269.9 0.1 1
273.94 0.1 1
275.96 0.1 1
279.94 0.1 1
285.78 0.1 1
289.81 0.1 1
295.81 0.1 1
297.73 0.1 1
299.73 0.1 1
301.75 0.1 1
303.82 0.1 1
305.63 0.1 1
307.65 0.1 1
309.67 0.1 1
325.48 0.1 1
327.44 0.1 1
331.41 0.1 1
333.44 0.1 1
337.5 0.1 1
341.51 0.1 1
349.37 0.1 1
355.38 0.1 1
359.2 0.1 1
361.35 0.1 1
363.34 0.1 1
365.15 0.1 1
371.26 0.1 1
375.09 0.1 1
377.23 0.1 1
385.1 0.1 1
392.96 0.1 1
394.93 0.1 1
400.85 0.1 1
403.02 0.1 1
410.84 0.1 1
412.79 0.1 1
414.86 0.1 1
424.83 0.1 1
426.68 0.1 1
438.67 0.1 1
440.62 0.1 1
442.6 0.1 1
446.58 0.1 1
448.57 0.1 1
458.45 0.1 1
462.47 0.1 1
466.31 0.1 1
468.43 0.1 1
474.34 0.1 1
480.38 0.1 1
482.33 0.1 1
484.21 0.1 1
486.31 0.1 1
492.3 0.1 1
494.17 0.1 1
496.19 0.1 1
500.22 0.1 1
504 0.1 1
