4.2 0.1 1
6.17 0.1 1
10.16 0.1 1
12.16 0.1 1
18.11 0.1 1
20.06 0.1 1
22.14 0.1 1
24 0.1 1
25.91 0.1 1
34 0.1 1
36.03 0.1 1
37.83 0.1 1
41.8 0.1 1
45.9 0.1 1
47.79 0.1 1
49.9 0.1 1
51.79 0.1 1
57.69 0.1 1
67.59 0.1 1
69.66 0.1 1
71.63 0.1 1
73.65 0.1 1
77.6 0.1 1
79.61 0.1 1
81.5 0.1 1
85.62 0.1 1
87.43 0.1 1
89.44 0.1 1
91.57 0.1 1
95.35 0.1 1
107.34 0.1 1
121.25 0.1 1
125.31 0.1 1
127.13 0.1 1
131.23 0.1 1
133.23 0.1 1
135.03 0.1 1
137.1 0.1 1
139.2 0.1 1
145 0.1 1
146.99 0.1 1
150.94 0.1 1
152.97 0.1 1
154.97 0.1 1
162.9 0.1 1
166.96 0.1 1
168.88 0.1 1
170.83 0.1 1
172.8 0.1 1
176.77 0.1 1
182.67 0.1 1
184.64 0.1 1
190.72 0.1 1
194.71 0.1 1
198.56 0.1 1
202.48 0.1 1
208.44 0.1 1
214.5 0.1 1
218.48 0.1 1
224.5 0.1 1
228.27 0.1 1
238.34 0.1 1
244.28 0.1 1
246.29 0.1 1
250.19 0.1 1
258.05 0.1 1
260.16 0.1 1
262.15 0.1 1
264.15 0.1 1
266.05 0.1 1
270.05 0.1 1
273.92 0.1 1
276.07 0.1 1
279.94 0.1 1
285.82 0.1 1
289.91 0.1 1
295.83 0.1 1
297.74 0.1 1
299.76 0.1 1
301.76 0.1 1
303.66 0.1 1
305.8 0.1 1
307.81 0.1 1
309.76 0.1 1
325.54 0.1 1
327.5 0.1 1
331.49 0.1 1
333.46 0.1 1
337.36 0.1 1
341.38 0.1 1
349.28 0.1 1
355.37 0.1 1
359.25 0.1 1
361.15 0.1 1
363.13 0.1 1
365.24 0.1 1
371.22 0.1 1
375.17 0.1 1
377.09 0.1 1
385.13 0.1 1
393 0.1 1
394.91 0.1 1
400.87 0.1 1
402.98 0.1 1
410.88 0.1 1
412.85 0.1 1
414.7 0.1 1
424.71 0.1 1
426.66 0.1 1
438.58 0.1 1
440.55 0.1 1
442.68 0.1 1
446.5 0.1 1
448.6 0.1 1
458.49 0.1 1
462.42 0.1 1
466.42 0.1 1
468.42 0.1 1
474.41 0.1 1
480.38 0.1 1
482.36 0.1 1
484.35 0.1 1
486.25 0.1 1
492.08 0.1 1
494.17 0.1 1
496.2 0.1 1
500.12 0.1 1
504.12 0.1 1
