4.24 0.1 1
6.09 0.1 1
10.09 0.1 1
12.17 0.1 1
18.11 0.1 1
20.07 0.1 1
21.96 0.1 1
24.09 0.1 1
26.01 0.1 1
33.86 0.1 1
35.95 0.1 1
37.98 0.1 1
41.85 0.1 1
45.78 0.1 1
47.8 0.1 1
49.85 0.1 1
51.7 0.1 1
57.66 0.1 1
67.74 0.1 1
69.63 0.1 1
71.69 0.1 1
73.73 0.1 1
77.53 0.1 1
79.6 0.1 1
81.63 0.1 1
85.52 0.1 1
87.58 0.1 1
89.53 0.1 1
91.55 0.1 1
95.42 0.1 1
107.46 0.1 1
121.23 0.1 1
125.25 0.1 1
127.11 0.1 1
131.08 0.1 1
133.2 0.1 1
135.13 0.1 1
137.09 0.1 1
139.04 0.1 1
144.99 0.1 1
147.1 0.1 1
151.02 0.1 1
153.01 0.1 1
154.99 0.1 1
162.93 0.1 1
166.93 0.1 1
168.81 0.1 1
170.9 0.1 1
172.76 0.1 1
176.73 0.1 1
182.77 0.1 1
184.77 0.1 1
190.69 0.1 1
194.72 0.1 1
198.66 0.1 1
202.61 0.1 1
208.51 0.1 1
214.5 0.1 1
218.35 0.1 1
224.45 0.1 1
228.27 0.1 1
238.25 0.1 1
244.14 0.1 1
246.24 0.1 1
250.18 0.1 1
258.2 0.1 1
260.05 0.1 1
262.03 0.1 1
264.03 0.1 1
266.13 0.1 1
270 0.1 1
274.07 0.1 1
276.02 0.1 1
279.9 0.1 1
285.82 0.1 1
289.91 0.1 1
295.91 0.1 1
297.91 0.1 1
299.85 0.1 1
301.76 0.1 1
303.85 0.1 1
305.73 0.1 1
307.83 0.1 1
309.68 0.1 1
325.62 0.1 1
327.67 0.1 1
331.57 0.1 1
333.62 0.1 1
337.52 0.1 1
341.56 0.1 1
349.35 0.1 1
355.35 0.1 1
359.22 0.1 1
361.3 0.1 1
363.22 0.1 1
365.24 0.1 1
371.19 0.1 1
375.27 0.1 1
377.17 0.1 1
385.21 0.1 1
393.15 0.1 1
394.98 0.1 1
400.92 0.1 1
402.97 0.1 1
410.9 0.1 1
412.94 0.1 1
414.94 0.1 1
424.77 0.1 1
426.88 0.1 1
438.61 0.1 1
440.76 0.1 1
442.7 0.1 1
446.67 0.1 1
448.55 0.1 1
458.45 0.1 1
462.54 0.1 1
466.41 0.1 1
468.46 0.1 1
474.29 0.1 1
480.26 0.1 1
482.25 0.1 1
484.4 0.1 1
486.35 0.1 1
492.2 0.1 1
494.28 0.1 1
496.2 0.1 1
500.08 0.1 1
504.09 0.1 1
