4.24 0.1 1
6.08 0.1 1
10.16 0.1 1
12.21 0.1 1
18.05 0.1 1
20.13 0.1 1
22.15 0.1 1
23.97 0.1 1
25.97 0.1 1
33.9 0.1 1
36.02 0.1 1
37.97 0.1 1
41.94 0.1 1
45.92 0.1 1
47.92 0.1 1
49.79 0.1 1
51.88 0.1 1
57.7 0.1 1
67.75 0.1 1
69.63 0.1 1
71.67 0.1 1
73.6 0.1 1
77.62 0.1 1
79.64 0.1 1
81.54 0.1 1
85.57 0.1 1
87.57 0.1 1
89.49 0.1 1
91.41 0.1 1
95.38 0.1 1
107.35 0.1 1
121.32 0.1 1
125.22 0.1 1
127.19 0.1 1
131.24 0.1 1
133.22 0.1 1
135.04 0.1 1
137.14 0.1 1
138.99 0.1 1
145.01 0.1 1
147.11 0.1 1
151.01 0.1 1
152.91 0.1 1
155 0.1 1
162.92 0.1 1
166.77 0.1 1
168.9 0.1 1
170.92 0.1 1
172.89 0.1 1
176.69 0.1 1
182.66 0.1 1
184.82 0.1 1
190.66 0.1 1
194.59 0.1 1
198.6 0.1 1
202.48 0.1 1
208.48 0.1 1
214.42 0.1 1
218.5 0.1 1
224.37 0.1 1
228.41 0.1 1
238.26 0.1 1
244.31 0.1 1
246.16 0.1 1
250.15 0.1 1
258.14 0.1 1
260.14 0.1 1
262.04 0.1 1
264.07 0.1 1
265.95 0.1 1
270.12 0.1 1
274.06 0.1 1
276.01 0.1 1
279.91 0.1 1
286 0.1 1
289.9 0.1 1
295.92 0.1 1
297.8 0.1 1
299.72 0.1 1
301.69 0.1 1
303.7 0.1 1
305.74 0.1 1
307.8 0.1 1
309.7 0.1 1
325.53 0.1 1
327.58 0.1 1
331.51 0.1 1
333.5 0.1 1
337.5 0.1 1
341.55 0.1 1
349.4 0.1 1
355.39 0.1 1
359.41 0.1 1
361.26 0.1 1
363.36 0.1 1
365.34 0.1 1
371.24 0.1 1
375.21 0.1 1
377.15 0.1 1
385.08 0.1 1
392.99 0.1 1
395 0.1 1
400.94 0.1 1
402.92 0.1 1
410.84 0.1 1
412.83 0.1 1
414.94 0.1 1
424.86 0.1 1
426.8 0.1 1
438.58 0.1 1
440.65 0.1 1
442.62 0.1 1
446.64 0.1 1
448.51 0.1 1
458.43 0.1 1
462.44 0.1 1
466.38 0.1 1
468.43 0.1 1
474.28 0.1 1
480.37 0.1 1
482.32 0.1 1
484.32 0.1 1
486.37 0.1 1
492.19 0.1 1
494.26 0.1 1
496.17 0.1 1
500.23 0.1 1
504.11 0.1 1
