4.28 0.1 1
6.2 0.1 1
10.23 0.1 1
12.02 0.1 1
18.12 0.1 1
20.04 0.1 1
21.97 0.1 1
23.97 0.1 1
26.07 0.1 1
33.89 0.1 1
35.88 0.1 1
37.89 0.1 1
41.84 0.1 1
45.88 0.1 1
47.76 0.1 1
49.73 0.1 1
51.81 0.1 1
57.67 0.1 1
67.65 0.1 1
69.7 0.1 1
71.72 0.1 1
73.51 0.1 1
77.54 0.1 1
79.61 0.1 1
81.64 0.1 1
85.48 0.1 1
87.39 0.1 1
89.39 0.1 1
91.45 0.1 1
95.38 0.1 1
107.23 0.1 1
121.21 0.1 1
125.24 0.1 1
127.14 0.1 1
131.08 0.1 1
133.01 0.1 1
135.18 0.1 1
137.13 0.1 1
139.06 0.1 1
145.03 0.1 1
147.08 0.1 1
151.03 0.1 1
152.94 0.1 1
154.85 0.1 1
162.91 0.1 1
166.92 0.1 1
168.84 0.1 1
170.69 0.1 1
172.68 0.1 1
176.78 0.1 1
182.59 0.1 1
184.63 0.1 1
190.53 0.1 1
194.57 0.1 1
198.63 0.1 1
202.64 0.1 1
208.49 0.1 1
214.41 0.1 1
218.43 0.1 1
224.31 0.1 1
228.31 0.1 1
238.22 0.1 1
244.18 0.1 1
246.22 0.1 1
250.14 0.1 1
258.09 0.1 1
260.02 0.1 1
261.99 0.1 1
264.14 0.1 1
265.94 0.1 1
270.08 0.1 1
274.06 0.1 1
275.85 0.1 1
279.81 0.1 1
285.95 0.1 1
289.77 0.1 1
295.8 0.1 1
297.75 0.1 1
299.74 0.1 1
301.7 0.1 1
303.69 0.1 1
305.67 0.1 1
307.64 0.1 1
309.59 0.1 1
325.51 0.1 1
327.55 0.1 1
331.4 0.1 1
333.5 0.1 1
337.45 0.1 1
341.37 0.1 1
349.4 0.1 1
355.39 0.1 1
359.29 0.1 1
361.34 0.1 1
363.16 0.1 1
365.16 0.1 1
371.13 0.1 1
375.15 0.1 1
377.05 0.1 1
385.04 0.1 1
392.97 0.1 1
394.94 0.1 1
400.86 0.1 1
403.02 0.1 1
410.96 0.1 1
412.91 0.1 1
414.93 0.1 1
424.78 0.1 1
426.73 0.1 1
438.7 0.1 1
440.61 0.1 1
442.65 0.1 1
446.47 0.1 1
448.49 0.1 1
458.41 0.1 1
462.4 0.1 1
466.4 0.1 1
468.46 0.1 1
474.3 0.1 1
480.25 0.1 1
482.35 0.1 1
484.2 0.1 1
486.29 0.1 1
492.24 0.1 1
494.21 0.1 1
496.12 0.1 1
500.06 0.1 1
504.09 0.1 1
