4.24 0.1 1
6.14 0.1 1
10.21 0.1 1
12.04 0.1 1
18.1 0.1 1
20.05 0.1 1
22.05 0.1 1
24.13 0.1 1
26.02 0.1 1
33.95 0.1 1
35.95 0.1 1
37.94 0.1 1
41.85 0.1 1
45.91 0.1 1
47.84 0.1 1
49.76 0.1 1
51.77 0.1 1
57.69 0.1 1
67.78 0.1 1
69.72 0.1 1
71.75 0.1 1
73.62 0.1 1
77.63 0.1 1
79.52 0.1 1
81.65 0.1 1
85.44 0.1 1
87.5 0.1 1
89.47 0.1 1
91.41 0.1 1
95.41 0.1 1
107.43 0.1 1
121.33 0.1 1
125.23 0.1 1
127.14 0.1 1
131.1 0.1 1
133.12 0.1 1
135.12 0.1 1
137.19 0.1 1
139.16 0.1 1
144.94 0.1 1
147.08 0.1 1
151.01 0.1 1
152.98 0.1 1
154.91 0.1 1
162.81 0.1 1
166.87 0.1 1
168.87 0.1 1
170.88 0.1 1
172.9 0.1 1
176.87 0.1 1
182.71 0.1 1
184.77 0.1 1
190.61 0.1 1
194.69 0.1 1
198.56 0.1 1
202.68 0.1 1
208.5 0.1 1
214.5 0.1 1
218.38 0.1 1
224.42 0.1 1
228.25 0.1 1
238.38 0.1 1
244.16 0.1 1
246.13 0.1 1
250.18 0.1 1
258.07 0.1 1
260.18 0.1 1
262.08 0.1 1
264.12 0.1 1
265.97 0.1 1
270.05 0.1 1
274.02 0.1 1
276.06 0.1 1
279.86 0.1 1
285.96 0.1 1
289.83 0.1 1
295.9 0.1 1
297.83 0.1 1
299.7 0.1 1
301.75 0.1 1
303.8 0.1 1
305.65 0.1 1
307.78 0.1 1
309.75 0.1 1
325.61 0.1 1
327.61 0.1 1
331.57 0.1 1
333.56 0.1 1
337.51 0.1 1
341.31 0.1 1
349.4 0.1 1
355.27 0.1 1
359.29 0.1 1
361.35 0.1 1
363.32 0.1 1
365.3 0.1 1
371.16 0.1 1
375.06 0.1 1
377.07 0.1 1
385.06 0.1 1
392.9 0.1 1
394.92 0.1 1
401.03 0.1 1
402.85 0.1 1
410.75 0.1 1
412.82 0.1 1
414.89 0.1 1
424.71 0.1 1
426.71 0.1 1
438.66 0.1 1
440.53 0.1 1
442.6 0.1 1
446.53 0.1 1
448.65 0.1 1
458.54 0.1 1
462.52 0.1 1
466.44 0.1 1
468.48 0.1 1
474.26 0.1 1
480.4 0.1 1
482.35 0.1 1
484.2 0.1 1
486.26 0.1 1
492.13 0.1 1
494.13 0.1 1
496.22 0.1 1
500.15 0.1 1
504.19 0.1 1
