4.16 0.1 1
6.16 0.1 1
10.1 0.1 1
12.21 0.1 1
18.02 0.1 1
20 0.1 1
22.05 0.1 1
23.93 0.1 1
26.04 0.1 1
33.94 0.1 1
35.96 0.1 1
38.01 0.1 1
41.79 0.1 1
45.83 0.1 1
47.78 0.1 1
49.84 0.1 1
51.81 0.1 1
57.68 0.1 1
67.69 0.1 1
69.64 0.1 1
71.64 0.1 1
73.62 0.1 1
77.56 0.1 1
79.56 0.1 1
81.64 0.1 1
85.62 0.1 1
87.49 0.1 1
89.54 0.1 1
91.54 0.1 1
95.41 0.1 1
107.27 0.1 1
121.34 0.1 1
125.19 0.1 1
127.21 0.1 1
131.07 0.1 1
133.04 0.1 1
135.04 0.1 1
137.13 0.1 1
138.99 0.1 1
145 0.1 1
147.11 0.1 1
150.93 0.1 1
152.95 0.1 1
154.92 0.1 1
162.92 0.1 1
166.91 0.1 1
168.85 0.1 1
170.87 0.1 1
172.81 0.1 1
176.66 0.1 1
182.64 0.1 1
184.63 0.1 1
190.63 0.1 1
194.63 0.1 1
198.53 0.1 1
202.53 0.1 1
208.54 0.1 1
214.44 0.1 1
218.36 0.1 1
224.26 0.1 1
228.29 0.1 1
238.28 0.1 1
244.23 0.1 1
246.17 0.1 1
250.2 0.1 1
258.09 0.1 1
260.01 0.1 1
261.96 0.1 1
263.94 0.1 1
266.12 0.1 1
270.06 0.1 1
273.94 0.1 1
276.03 0.1 1
279.96 0.1 1
285.92 0.1 1
289.77 0.1 1
295.8 0.1 1
297.75 0.1 1
299.8 0.1 1
301.82 0.1 1
303.81 0.1 1
305.74 0.1 1
307.62 0.1 1
309.71 0.1 1
325.63 0.1 1
327.63 0.1 1
331.58 0.1 1
333.57 0.1 1
337.53 0.1 1
341.42 0.1 1
349.32 0.1 1
355.36 0.1 1
359.31 0.1 1
361.23 0.1 1
363.18 0.1 1
365.23 0.1 1
371.11 0.1 1
375.12 0.1 1
377.23 0.1 1
385.13 0.1 1
393.11 0.1 1
394.97 0.1 1
400.89 0.1 1
402.99 0.1 1
410.93 0.1 1
412.78 0.1 1
414.83 0.1 1
424.8 0.1 1
426.78 0.1 1
438.74 0.1 1
440.57 0.1 1
442.62 0.1 1
446.49 0.1 1
448.64 0.1 1
458.48 0.1 1
462.5 0.1 1
466.35 0.1 1
468.37 0.1 1
474.37 0.1 1
480.29 0.1 1
482.2 0.1 1
484.27 0.1 1
486.32 0.1 1
492.12 0.1 1
494.14 0.1 1
496.23 0.1 1
500.24 0.1 1
504.21 0.1 1
