4.21 0.1 1
6.19 0.1 1
10.17 0.1 1
12.06 0.1 1
18.03 0.1 1
20.14 0.1 1
22.14 0.1 1
24.05 0.1 1
26.08 0.1 1
34.02 0.1 1
35.88 0.1 1
37.82 0.1 1
41.94 0.1 1
45.87 0.1 1
47.84 0.1 1
49.87 0.1 1
51.72 0.1 1
57.86 0.1 1
67.78 0.1 1
69.68 0.1 1
71.58 0.1 1
73.53 0.1 1
77.68 0.1 1
79.58 0.1 1
81.48 0.1 1
85.58 0.1 1
87.52 0.1 1
89.55 0.1 1
91.42 0.1 1
95.47 0.1 1
107.46 0.1 1
121.33 0.1 1
125.13 0.1 1
127.1 0.1 1
131.07 0.1 1
133.13 0.1 1
135.17 0.1 1
137.07 0.1 1
139.19 0.1 1
145.04 0.1 1
147.14 0.1 1
150.99 0.1 1
152.96 0.1 1
154.91 0.1 1
162.85 0.1 1
166.85 0.1 1
168.91 0.1 1
170.85 0.1 1
172.8 0.1 1
176.77 0.1 1
182.69 0.1 1
184.84 0.1 1
190.72 0.1 1
194.67 0.1 1
198.63 0.1 1
202.68 0.1 1
208.63 0.1 1
214.56 0.1 1
218.38 0.1 1
224.4 0.1 1
228.35 0.1 1
238.24 0.1 1
244.31 0.1 1
246.23 0.1 1
250.11 0.1 1
258.06 0.1 1
260.2 0.1 1
262.06 0.1 1
264.13 0.1 1
266.12 0.1 1
270 0.1 1
274.1 0.1 1
276.09 0.1 1
280.04 0.1 1
285.87 0.1 1
289.86 0.1 1
295.78 0.1 1
297.89 0.1 1
299.91 0.1 1
301.83 0.1 1
303.86 0.1 1
305.78 0.1 1
307.8 0.1 1
309.67 0.1 1
325.64 0.1 1
327.69 0.1 1
331.51 0.1 1
333.64 0.1 1
337.57 0.1 1
341.58 0.1 1
349.46 0.1 1
355.28 0.1 1
359.28 0.1 1
361.27 0.1 1
363.4 0.1 1
365.3 0.1 1
371.17 0.1 1
375.24 0.1 1
377.21 0.1 1
385.18 0.1 1
393.1 0.1 1
395.13 0.1 1
401 0.1 1
403.05 0.1 1
410.88 0.1 1
412.9 0.1 1
414.9 0.1 1
424.87 0.1 1
426.87 0.1 1
438.6 0.1 1
440.65 0.1 1
442.7 0.1 1
446.67 0.1 1
448.65 0.1 1
458.49 0.1 1
462.6 0.1 1
466.57 0.1 1
468.42 0.1 1
474.31 0.1 1
480.43 0.1 1
482.31 0.1 1
484.31 0.1 1
486.35 0.1 1
492.35 0.1 1
494.31 0.1 1
496.18 0.1 1
500.13 0.1 1
504.08 0.1 1
