4.14 0.1 1
6.12 0.1 1
10.19 0.1 1
12.11 0.1 1
18.06 0.1 1
20.1 0.1 1
22.02 0.1 1
24.1 0.1 1
26.05 0.1 1
34.04 0.1 1
35.97 0.1 1
37.92 0.1 1
41.99 0.1 1
45.92 0.1 1
47.79 0.1 1
49.93 0.1 1
51.73 0.1 1
57.86 0.1 1
67.77 0.1 1
69.72 0.1 1
71.72 0.1 1
73.69 0.1 1
77.69 0.1 1
79.5 0.1 1
81.55 0.1 1
85.52 0.1 1
87.54 0.1 1
89.57 0.1 1
91.49 0.1 1
95.38 0.1 1
107.43 0.1 1
121.29 0.1 1
125.15 0.1 1
127.12 0.1 1
131.11 0.1 1
133.21 0.1 1
135.01 0.1 1
137.13 0.1 1
139.13 0.1 1
144.93 0.1 1
147.08 0.1 1
151.03 0.1 1
152.87 0.1 1
155 0.1 1
162.9 0.1 1
166.92 0.1 1
168.9 0.1 1
170.79 0.1 1
172.91 0.1 1
176.69 0.1 1
182.71 0.1 1
184.71 0.1 1
190.76 0.1 1
194.66 0.1 1
198.57 0.1 1
202.67 0.1 1
208.45 0.1 1
214.37 0.1 1
218.34 0.1 1
224.34 0.1 1
228.43 0.1 1
238.23 0.1 1
244.28 0.1 1
246.23 0.1 1
250.19 0.1 1
258.14 0.1 1
260.11 0.1 1
262.11 0.1 1
263.96 0.1 1
266.02 0.1 1
269.93 0.1 1
274.04 0.1 1
275.94 0.1 1
279.81 0.1 1
285.88 0.1 1
289.9 0.1 1
295.82 0.1 1
297.67 0.1 1
299.67 0.1 1
301.64 0.1 1
303.62 0.1 1
305.74 0.1 1
307.71 0.1 1
309.77 0.1 1
325.51 0.1 1
327.5 0.1 1
331.6 0.1 1
333.57 0.1 1
337.49 0.1 1
341.47 0.1 1
349.44 0.1 1
355.39 0.1 1
359.36 0.1 1
361.24 0.1 1
363.14 0.1 1
365.2 0.1 1
371.2 0.1 1
375.13 0.1 1
377.18 0.1 1
385.02 0.1 1
392.96 0.1 1
394.92 0.1 1
400.89 0.1 1
402.84 0.1 1
410.8 0.1 1
412.93 0.1 1
414.83 0.1 1
424.82 0.1 1
426.65 0.1 1
438.57 0.1 1
440.56 0.1 1
442.63 0.1 1
446.54 0.1 1
448.54 0.1 1
458.56 0.1 1
462.33 0.1 1
466.42 0.1 1
468.4 0.1 1
474.27 0.1 1
480.26 0.1 1
482.27 0.1 1
484.23 0.1 1
486.18 0.1 1
492.29 0.1 1
494.21 0.1 1
496.06 0.1 1
500.21 0.1 1
504.03 0.1 1
