4.2 0.1 1
6.1 0.1 1
10.23 0.1 1
12.2 0.1 1
18.09 0.1 1
20.05 0.1 1
21.95 0.1 1
24.09 0.1 1
25.96 0.1 1
33.94 0.1 1
35.99 0.1 1
37.99 0.1 1
41.81 0.1 1
45.83 0.1 1
47.78 0.1 1
49.82 0.1 1
51.85 0.1 1
57.82 0.1 1
67.57 0.1 1
69.61 0.1 1
71.64 0.1 1
73.53 0.1 1
77.59 0.1 1
79.68 0.1 1
81.48 0.1 1
85.51 0.1 1
87.41 0.1 1
89.46 0.1 1
91.56 0.1 1
95.38 0.1 1
107.44 0.1 1
121.21 0.1 1
125.21 0.1 1
127.16 0.1 1
131.08 0.1 1
133.08 0.1 1
135.2 0.1 1
137 0.1 1
139.15 0.1 1
145.12 0.1 1
147.05 0.1 1
150.92 0.1 1
152.99 0.1 1
154.96 0.1 1
162.88 0.1 1
166.78 0.1 1
168.83 0.1 1
170.81 0.1 1
172.83 0.1 1
176.83 0.1 1
182.63 0.1 1
184.77 0.1 1
190.65 0.1 1
194.74 0.1 1
198.59 0.1 1
202.54 0.1 1
208.49 0.1 1
214.51 0.1 1
218.4 0.1 1
224.28 0.1 1
228.3 0.1 1
238.34 0.1 1
244.26 0.1 1
246.29 0.1 1
250.06 0.1 1
258.11 0.1 1
260.03 0.1 1
261.95 0.1 1
264.05 0.1 1
266.01 0.1 1
269.98 0.1 1
273.99 0.1 1
275.83 0.1 1
279.97 0.1 1
285.79 0.1 1
289.82 0.1 1
295.79 0.1 1
297.68 0.1 1
299.8 0.1 1
301.71 0.1 1
303.8 0.1 1
305.8 0.1 1
307.78 0.1 1
309.62 0.1 1
325.55 0.1 1
327.62 0.1 1
331.59 0.1 1
333.52 0.1 1
337.43 0.1 1
341.43 0.1 1
349.4 0.1 1
355.4 0.1 1
359.2 0.1 1
361.19 0.1 1
363.29 0.1 1
365.14 0.1 1
371.24 0.1 1
375.12 0.1 1
377.21 0.1 1
385.09 0.1 1
392.91 0.1 1
394.98 0.1 1
401 0.1 1
402.95 0.1 1
410.77 0.1 1
412.9 0.1 1
414.82 0.1 1
424.71 0.1 1
426.83 0.1 1
438.66 0.1 1
440.55 0.1 1
442.58 0.1 1
446.53 0.1 1
448.58 0.1 1
458.44 0.1 1
462.41 0.1 1
466.51 0.1 1
468.33 0.1 1
474.34 0.1 1
480.33 0.1 1
482.31 0.1 1
484.33 0.1 1
486.25 0.1 1
492.3 0.1 1
494.24 0.1 1
496.25 0.1 1
500.1 0.1 1
504.19 0.1 1
