4.12 0.1 1
6.24 0.1 1
10.15 0.1 1
12.12 0.1 1
18.07 0.1 1
20.06 0.1 1
22.01 0.1 1
24.11 0.1 1
26.11 0.1 1
33.9 0.1 1
35.83 0.1 1
37.95 0.1 1
41.88 0.1 1
45.8 0.1 1
47.92 0.1 1
49.8 0.1 1
51.77 0.1 1
57.7 0.1 1
67.62 0.1 1
69.74 0.1 1
71.74 0.1 1
73.61 0.1 1
77.58 0.1 1
79.49 0.1 1
81.58 0.1 1
85.6 0.1 1
87.61 0.1 1
89.51 0.1 1
91.52 0.1 1
95.37 0.1 1
107.39 0.1 1
121.29 0.1 1
125.31 0.1 1
127.23 0.1 1
131.18 0.1 1
133.18 0.1 1
135.16 0.1 1
137.15 0.1 1
139.08 0.1 1
145.13 0.1 1
147.12 0.1 1
151.07 0.1 1
152.9 0.1 1
154.97 0.1 1
162.94 0.1 1
166.78 0.1 1
168.86 0.1 1
170.89 0.1 1
172.81 0.1 1
176.8 0.1 1
182.78 0.1 1
184.68 0.1 1
190.63 0.1 1
194.7 0.1 1
198.55 0.1 1
202.6 0.1 1
208.56 0.1 1
214.59 0.1 1
218.39 0.1 1
224.43 0.1 1
228.48 0.1 1
238.38 0.1 1
244.24 0.1 1
246.34 0.1 1
250.31 0.1 1
258.12 0.1 1
260.09 0.1 1
262.13 0.1 1
264.18 0.1 1
266.03 0.1 1
270.11 0.1 1
274 0.1 1
275.9 0.1 1
280.07 0.1 1
285.92 0.1 1
289.84 0.1 1
295.82 0.1 1
297.89 0.1 1
299.76 0.1 1
301.89 0.1 1
303.76 0.1 1
305.71 0.1 1
307.66 0.1 1
309.66 0.1 1
325.55 0.1 1
327.52 0.1 1
331.48 0.1 1
333.57 0.1 1
337.52 0.1 1
341.4 0.1 1
349.42 0.1 1
355.33 0.1 1
359.31 0.1 1
361.25 0.1 1
363.31 0.1 1
365.25 0.1 1
371.23 0.1 1
375.22 0.1 1
377.1 0.1 1
385.04 0.1 1
393.07 0.1 1
395.02 0.1 1
400.96 0.1 1
402.96 0.1 1
411 0.1 1
412.95 0.1 1
414.95 0.1 1
424.77 0.1 1
426.87 0.1 1
438.74 0.1 1
440.76 0.1 1
442.69 0.1 1
446.66 0.1 1
448.69 0.1 1
458.45 0.1 1
462.48 0.1 1
466.4 0.1 1
468.38 0.1 1
474.45 0.1 1
480.27 0.1 1
482.4 0.1 1
484.25 0.1 1
486.37 0.1 1
492.19 0.1 1
494.16 0.1 1
496.21 0.1 1
500.28 0.1 1
504.18 0.1 1
