4.29 0.1 1
6.2 0.1 1
10.09 0.1 1
12.12 0.1 1
18.04 0.1 1
20.16 0.1 1
22.14 0.1 1
23.94 0.1 1
26.03 0.1 1
33.85 0.1 1
35.95 0.1 1
37.83 0.1 1
41.85 0.1 1
45.92 0.1 1
47.92 0.1 1
49.75 0.1 1
51.87 0.1 1
57.82 0.1 1
67.59 0.1 1
69.54 0.1 1
71.66 0.1 1
73.51 0.1 1
77.51 0.1 1
79.46 0.1 1
81.47 0.1 1
85.48 0.1 1
87.42 0.1 1
89.37 0.1 1
91.39 0.1 1
95.32 0.1 1
107.36 0.1 1
121.11 0.1 1
125.08 0.1 1
127.07 0.1 1
131.08 0.1 1
133.13 0.1 1
135.09 0.1 1
136.97 0.1 1
138.99 0.1 1
144.92 0.1 1
146.91 0.1 1
150.97 0.1 1
152.88 0.1 1
155.01 0.1 1
162.8 0.1 1
166.71 0.1 1
168.87 0.1 1
170.87 0.1 1
172.77 0.1 1
176.74 0.1 1
182.65 0.1 1
184.77 0.1 1
190.61 0.1 1
194.49 0.1 1
198.46 0.1 1
202.56 0.1 1
208.51 0.1 1
214.4 0.1 1
218.35 0.1 1
224.32 0.1 1
228.34 0.1 1
238.32 0.1 1
244.28 0.1 1
246.16 0.1 1
250.25 0.1 1
258 0.1 1
260.02 0.1 1
261.95 0.1 1
264.12 0.1 1
266 0.1 1
270.02 0.1 1
274.02 0.1 1
275.94 0.1 1
279.82 0.1 1
285.88 0.1 1
289.86 0.1 1
295.8 0.1 1
297.66 0.1 1
299.83 0.1 1
301.63 0.1 1
303.73 0.1 1
305.73 0.1 1
307.7 0.1 1
309.65 0.1 1
325.56 0.1 1
327.41 0.1 1
331.39 0.1 1
333.44 0.1 1
337.5 0.1 1
341.31 0.1 1
349.23 0.1 1
355.37 0.1 1
359.25 0.1 1
361.19 0.1 1
363.26 0.1 1
365.26 0.1 1
371.06 0.1 1
375.04 0.1 1
377.13 0.1 1
385.15 0.1 1
393.05 0.1 1
394.9 0.1 1
400.92 0.1 1
402.89 0.1 1
410.84 0.1 1
412.93 0.1 1
414.88 0.1 1
424.71 0.1 1
426.68 0.1 1
438.63 0.1 1
440.64 0.1 1
442.5 0.1 1
446.52 0.1 1
448.54 0.1 1
458.56 0.1 1
462.48 0.1 1
466.38 0.1 1
468.46 0.1 1
474.38 0.1 1
480.23 0.1 1
482.24 0.1 1
484.2 0.1 1
486.27 0.1 1
492.27 0.1 1
494.21 0.1 1
496.21 0.1 1
500.16 0.1 1
504.09 0.1 1
