4.24 0.1 1
6.09 0.1 1
10.24 0.1 1
12.14 0.1 1
18.14 0.1 1
19.96 0.1 1
22.01 0.1 1
24.11 0.1 1
26.09 0.1 1
33.95 0.1 1
36.03 0.1 1
37.93 0.1 1
41.83 0.1 1
45.95 0.1 1
47.87 0.1 1
49.9 0.1 1
51.72 0.1 1
57.8 0.1 1
67.58 0.1 1
69.68 0.1 1
71.69 0.1 1
73.73 0.1 1
77.58 0.1 1
79.68 0.1 1
81.53 0.1 1
85.61 0.1 1
87.45 0.1 1
89.53 0.1 1
91.5 0.1 1
95.44 0.1 1
107.26 0.1 1
121.3 0.1 1
125.21 0.1 1
127.3 0.1 1
131.2 0.1 1
133.05 0.1 1
135.12 0.1 1
137.03 0.1 1
139.17 0.1 1
144.94 0.1 1
147.02 0.1 1
151.06 0.1 1
152.97 0.1 1
155.01 0.1 1
162.93 0.1 1
166.93 0.1 1
168.76 0.1 1
170.88 0.1 1
172.71 0.1 1
176.81 0.1 1
182.68 0.1 1
184.73 0.1 1
190.65 0.1 1
194.67 0.1 1
198.59 0.1 1
202.64 0.1 1
208.43 0.1 1
214.43 0.1 1
218.31 0.1 1
224.47 0.1 1
228.38 0.1 1
238.19 0.1 1
244.24 0.1 1
246.29 0.1 1
250.09 0.1 1
258.04 0.1 1
260.01 0.1 1
262 0.1 1
264.13 0.1 1
266.1 0.1 1
269.93 0.1 1
273.9 0.1 1
275.85 0.1 1
279.95 0.1 1
285.87 0.1 1
289.77 0.1 1
295.76 0.1 1
297.71 0.1 1
299.68 0.1 1
301.71 0.1 1
303.81 0.1 1
305.79 0.1 1
307.71 0.1 1
309.73 0.1 1
325.62 0.1 1
327.54 0.1 1
331.52 0.1 1
333.49 0.1 1
337.42 0.1 1
341.39 0.1 1
349.36 0.1 1
355.36 0.1 1
359.28 0.1 1
361.15 0.1 1
363.16 0.1 1
365.2 0.1 1
371.13 0.1 1
375.1 0.1 1
377.17 0.1 1
385.06 0.1 1
392.91 0.1 1
395.06 0.1 1
400.81 0.1 1
402.86 0.1 1
410.81 0.1 1
412.92 0.1 1
414.9 0.1 1
424.75 0.1 1
426.8 0.1 1
438.62 0.1 1
440.64 0.1 1
442.61 0.1 1
446.44 0.1 1
448.55 0.1 1
458.37 0.1 1
462.4 0.1 1
466.49 0.1 1
468.37 0.1 1
474.37 0.1 1
480.26 0.1 1
482.32 0.1 1
484.34 0.1 1
486.21 0.1 1
492.21 0.1 1
494.11 0.1 1
496.19 0.1 1
500.21 0.1 1
504 0.1 1
