4.12 0.1 1
6.13 0.1 1
10.12 0.1 1
12.22 0.1 1
18.16 0.1 1
20.06 0.1 1
21.99 0.1 1
23.97 0.1 1
25.93 0.1 1
34.01 0.1 1
35.91 0.1 1
37.95 0.1 1
41.95 0.1 1
45.88 0.1 1
47.78 0.1 1
49.85 0.1 1
51.77 0.1 1
57.67 0.1 1
67.69 0.1 1
69.56 0.1 1
71.56 0.1 1
73.56 0.1 1
77.69 0.1 1
79.49 0.1 1
81.58 0.1 1
85.5 0.1 1
87.55 0.1 1
89.38 0.1 1
91.53 0.1 1
95.4 0.1 1
107.24 0.1 1
121.13 0.1 1
125.16 0.1 1
127.21 0.1 1
131.16 0.1 1
133.2 0.1 1
135.08 0.1 1
137.06 0.1 1
138.98 0.1 1
145 0.1 1
147.02 0.1 1
151.05 0.1 1
152.9 0.1 1
154.91 0.1 1
162.89 0.1 1
166.84 0.1 1
168.74 0.1 1
170.71 0.1 1
172.68 0.1 1
176.78 0.1 1
182.6 0.1 1
184.78 0.1 1
190.57 0.1 1
194.69 0.1 1
198.49 0.1 1
202.62 0.1 1
208.59 0.1 1
214.48 0.1 1
218.31 0.1 1
224.45 0.1 1
228.25 0.1 1
238.15 0.1 1
244.25 0.1 1
246.15 0.1 1
250.21 0.1 1
258.09 0.1 1
259.98 0.1 1
261.99 0.1 1
264.01 0.1 1
265.96 0.1 1
270.06 0.1 1
273.93 0.1 1
275.85 0.1 1
279.83 0.1 1
285.79 0.1 1
289.9 0.1 1
295.82 0.1 1
297.66 0.1 1
299.74 0.1 1
301.79 0.1 1
303.74 0.1 1
305.73 0.1 1
307.61 0.1 1
309.58 0.1 1
325.48 0.1 1
327.47 0.1 1
331.4 0.1 1
333.34 0.1 1
337.37 0.1 1
341.45 0.1 1
349.38 0.1 1
355.21 0.1 1
359.11 0.1 1
361.11 0.1 1
363.23 0.1 1
365.18 0.1 1
371.18 0.1 1
375 0.1 1
377.02 0.1 1
384.92 0.1 1
392.97 0.1 1
394.89 0.1 1
400.84 0.1 1
402.84 0.1 1
410.85 0.1 1
412.68 0.1 1
414.75 0.1 1
424.65 0.1 1
426.69 0.1 1
438.62 0.1 1
440.62 0.1 1
442.49 0.1 1
446.43 0.1 1
448.58 0.1 1
458.46 0.1 1
462.31 0.1 1
466.4 0.1 1
468.32 0.1 1
474.37 0.1 1
480.15 0.1 1
482.22 0.1 1
484.22 0.1 1
486.19 0.1 1
492.11 0.1 1
494.18 0.1 1
496.06 0.1 1
500.01 0.1 1
503.93 0.1 1
