4.15 0.1 1
6.08 0.1 1
10.05 0.1 1
12.15 0.1 1
18 0.1 1
20.1 0.1 1
21.99 0.1 1
23.92 0.1 1
25.97 0.1 1
33.89 0.1 1
36.03 0.1 1
37.81 0.1 1
41.88 0.1 1
45.9 0.1 1
47.73 0.1 1
49.73 0.1 1
51.85 0.1 1
57.69 0.1 1
67.62 0.1 1
69.67 0.1 1
71.71 0.1 1
73.59 0.1 1
77.69 0.1 1
79.61 0.1 1
81.64 0.1 1
85.55 0.1 1
87.43 0.1 1
89.46 0.1 1
91.5 0.1 1
95.47 0.1 1
107.3 0.1 1
121.24 0.1 1
125.14 0.1 1
127.18 0.1 1
131.06 0.1 1
133.11 0.1 1
135.1 0.1 1
137.1 0.1 1
139.02 0.1 1
145 0.1 1
147.07 0.1 1
150.92 0.1 1
152.92 0.1 1
154.91 0.1 1
162.89 0.1 1
166.96 0.1 1
168.86 0.1 1
170.81 0.1 1
172.9 0.1 1
176.8 0.1 1
182.75 0.1 1
184.68 0.1 1
190.7 0.1 1
194.69 0.1 1
198.59 0.1 1
202.56 0.1 1
208.58 0.1 1
214.56 0.1 1
218.43 0.1 1
224.5 0.1 1
228.4 0.1 1
238.24 0.1 1
244.27 0.1 1
246.26 0.1 1
250.18 0.1 1
258.1 0.1 1
260.05 0.1 1
262.16 0.1 1
264.05 0.1 1
266.11 0.1 1
270.12 0.1 1
274.12 0.1 1
275.99 0.1 1
280 0.1 1
285.86 0.1 1
289.81 0.1 1
295.79 0.1 1
297.78 0.1 1
299.91 0.1 1
301.81 0.1 1
303.78 0.1 1
305.68 0.1 1
307.71 0.1 1
309.65 0.1 1
325.64 0.1 1
327.59 0.1 1
331.62 0.1 1
333.64 0.1 1
337.59 0.1 1
341.58 0.1 1
349.46 0.1 1
355.3 0.1 1
359.38 0.1 1
361.28 0.1 1
363.29 0.1 1
365.27 0.1 1
371.3 0.1 1
375.31 0.1 1
377.26 0.1 1
385.19 0.1 1
393.15 0.1 1
395.03 0.1 1
401.08 0.1 1
402.97 0.1 1
411 0.1 1
412.95 0.1 1
414.9 0.1 1
424.89 0.1 1
426.88 0.1 1
438.73 0.1 1
440.56 0.1 1
442.73 0.1 1
446.7 0.1 1
448.68 0.1 1
458.59 0.1 1
462.54 0.1 1
466.47 0.1 1
468.48 0.1 1
474.39 0.1 1
480.38 0.1 1
482.25 0.1 1
484.33 0.1 1
486.37 0.1 1
492.2 0.1 1
494.32 0.1 1
496.13 0.1 1
500.2 0.1 1
504.12 0.1 1
