4.14 0.1 1
6.14 0.1 1
10.06 0.1 1
12.21 0.1 1
18.13 0.1 1
20.11 0.1 1
22.02 0.1 1
24.02 0.1 1
25.93 0.1 1
33.85 0.1 1
35.85 0.1 1
37.97 0.1 1
41.79 0.1 1
45.79 0.1 1
47.81 0.1 1
49.74 0.1 1
51.91 0.1 1
57.86 0.1 1
67.65 0.1 1
69.77 0.1 1
71.75 0.1 1
73.57 0.1 1
77.64 0.1 1
79.62 0.1 1
81.55 0.1 1
85.5 0.1 1
87.47 0.1 1
89.52 0.1 1
91.39 0.1 1
95.36 0.1 1
107.33 0.1 1
121.15 0.1 1
125.12 0.1 1
127.2 0.1 1
131.05 0.1 1
133.09 0.1 1
135.09 0.1 1
137.06 0.1 1
139.04 0.1 1
144.93 0.1 1
147.03 0.1 1
150.91 0.1 1
153.06 0.1 1
155.01 0.1 1
162.95 0.1 1
166.78 0.1 1
168.92 0.1 1
170.85 0.1 1
172.72 0.1 1
176.84 0.1 1
182.72 0.1 1
184.76 0.1 1
190.61 0.1 1
194.68 0.1 1
198.66 0.1 1
202.53 0.1 1
208.45 0.1 1
214.43 0.1 1
218.32 0.1 1
224.4 0.1 1
228.32 0.1 1
238.23 0.1 1
244.16 0.1 1
246.23 0.1 1
250.05 0.1 1
257.98 0.1 1
260.12 0.1 1
261.98 0.1 1
264.08 0.1 1
265.97 0.1 1
269.99 0.1 1
273.86 0.1 1
276.01 0.1 1
279.89 0.1 1
285.94 0.1 1
289.76 0.1 1
295.88 0.1 1
297.76 0.1 1
299.68 0.1 1
301.68 0.1 1
303.78 0.1 1
305.67 0.1 1
307.6 0.1 1
309.75 0.1 1
325.49 0.1 1
327.46 0.1 1
331.58 0.1 1
333.49 0.1 1
337.44 0.1 1
341.46 0.1 1
349.26 0.1 1
355.23 0.1 1
359.17 0.1 1
361.34 0.1 1
363.25 0.1 1
365.17 0.1 1
371.24 0.1 1
375.04 0.1 1
377.04 0.1 1
385.1 0.1 1
392.95 0.1 1
394.98 0.1 1
400.85 0.1 1
402.97 0.1 1
410.95 0.1 1
412.94 0.1 1
414.92 0.1 1
424.81 0.1 1
426.68 0.1 1
438.73 0.1 1
440.51 0.1 1
442.5 0.1 1
446.65 0.1 1
448.55 0.1 1
458.52 0.1 1
462.44 0.1 1
466.46 0.1 1
468.44 0.1 1
474.33 0.1 1
480.39 0.1 1
482.21 0.1 1
484.36 0.1 1
486.23 0.1 1
492.15 0.1 1
494.17 0.1 1
496.23 0.1 1
500.24 0.1 1
504.1 0.1 1
