4.09 0.1 1
6.09 0.1 1
10.23 0.1 1
12.23 0.1 1
18.03 0.1 1
20.1 0.1 1
22.12 0.1 1
23.98 0.1 1
25.92 0.1 1
33.94 0.1 1
35.99 0.1 1
37.87 0.1 1
41.79 0.1 1
45.83 0.1 1
47.79 0.1 1
49.79 0.1 1
51.86 0.1 1
57.75 0.1 1
67.62 0.1 1
69.63 0.1 1
71.73 0.1 1
73.72 0.1 1
77.6 0.1 1
79.67 0.1 1
81.5 0.1 1
85.47 0.1 1
87.51 0.1 1
89.51 0.1 1
91.59 0.1 1
95.44 0.1 1
107.26 0.1 1
121.27 0.1 1
125.24 0.1 1
127.29 0.1 1
131.21 0.1 1
133.24 0.1 1
135.22 0.1 1
137.17 0.1 1
139.11 0.1 1
145.03 0.1 1
146.94 0.1 1
150.95 0.1 1
152.93 0.1 1
154.9 0.1 1
163.02 0.1 1
166.82 0.1 1
168.9 0.1 1
170.85 0.1 1
172.82 0.1 1
176.72 0.1 1
182.64 0.1 1
184.62 0.1 1
190.63 0.1 1
194.63 0.1 1
198.58 0.1 1
202.58 0.1 1
208.52 0.1 1
214.39 0.1 1
218.49 0.1 1
224.49 0.1 1
228.47 0.1 1
238.38 0.1 1
244.21 0.1 1
246.13 0.1 1
250.13 0.1 1
258.12 0.1 1
260.17 0.1 1
262.04 0.1 1
264.04 0.1 1
266.07 0.1 1
269.96 0.1 1
273.92 0.1 1
275.98 0.1 1
279.98 0.1 1
285.86 0.1 1
289.78 0.1 1
295.92 0.1 1
297.78 0.1 1
299.8 0.1 1
301.83 0.1 1
303.75 0.1 1
305.74 0.1 1
307.64 0.1 1
309.77 0.1 1
325.59 0.1 1
327.49 0.1 1
331.64 0.1 1
333.44 0.1 1
337.56 0.1 1
341.43 0.1 1
349.42 0.1 1
355.44 0.1 1
359.32 0.1 1
361.34 0.1 1
363.24 0.1 1
365.21 0.1 1
371.18 0.1 1
375.14 0.1 1
377.21 0.1 1
385.05 0.1 1
393 0.1 1
395.1 0.1 1
401.02 0.1 1
402.9 0.1 1
410.99 0.1 1
412.82 0.1 1
414.76 0.1 1
424.76 0.1 1
426.81 0.1 1
438.68 0.1 1
440.63 0.1 1
442.62 0.1 1
446.7 0.1 1
448.69 0.1 1
458.54 0.1 1
462.56 0.1 1
466.49 0.1 1
468.36 0.1 1
474.36 0.1 1
480.43 0.1 1
482.27 0.1 1
484.37 0.1 1
486.33 0.1 1
492.22 0.1 1
494.12 0.1 1
496.2 0.1 1
500.12 0.1 1
504.09 0.1 1
