4.28 0.1 1
6.18 0.1 1
10.03 0.1 1
12.1 0.1 1
18.07 0.1 1
19.95 0.1 1
22.04 0.1 1
24.04 0.1 1
26.1 0.1 1
33.91 0.1 1
35.94 0.1 1
37.94 0.1 1
41.91 0.1 1
45.8 0.1 1
47.93 0.1 1
49.91 0.1 1
51.75 0.1 1
57.83 0.1 1
67.67 0.1 1
69.67 0.1 1
71.72 0.1 1
73.64 0.1 1
77.52 0.1 1
79.52 0.1 1
81.56 0.1 1
85.59 0.1 1
87.54 0.1 1
89.39 0.1 1
91.5 0.1 1
95.33 0.1 1
107.25 0.1 1
121.31 0.1 1
125.12 0.1 1
127.26 0.1 1
131.04 0.1 1
133.04 0.1 1
135.11 0.1 1
137.18 0.1 1
139.13 0.1 1
144.97 0.1 1
146.9 0.1 1
150.97 0.1 1
153.05 0.1 1
154.97 0.1 1
162.85 0.1 1
166.84 0.1 1
168.87 0.1 1
170.81 0.1 1
172.72 0.1 1
176.86 0.1 1
182.79 0.1 1
184.65 0.1 1
190.63 0.1 1
194.55 0.1 1
198.5 0.1 1
202.6 0.1 1
208.6 0.1 1
214.47 0.1 1
218.41 0.1 1
224.33 0.1 1
228.43 0.1 1
238.22 0.1 1
244.25 0.1 1
246.19 0.1 1
250.2 0.1 1
258.09 0.1 1
260.04 0.1 1
261.98 0.1 1
263.96 0.1 1
266.01 0.1 1
270.03 0.1 1
273.93 0.1 1
275.88 0.1 1
279.95 0.1 1
285.82 0.1 1
289.82 0.1 1
295.72 0.1 1
297.74 0.1 1
299.72 0.1 1
301.82 0.1 1
303.79 0.1 1
305.67 0.1 1
307.74 0.1 1
309.74 0.1 1
325.53 0.1 1
327.46 0.1 1
331.45 0.1 1
333.42 0.1 1
337.34 0.1 1
341.5 0.1 1
349.31 0.1 1
355.24 0.1 1
359.29 0.1 1
361.21 0.1 1
363.28 0.1 1
365.26 0.1 1
371.1 0.1 1
375.22 0.1 1
377.17 0.1 1
385.05 0.1 1
392.99 0.1 1
394.92 0.1 1
400.93 0.1 1
402.91 0.1 1
410.88 0.1 1
412.78 0.1 1
414.85 0.1 1
424.68 0.1 1
426.77 0.1 1
438.59 0.1 1
440.52 0.1 1
442.51 0.1 1
446.46 0.1 1
448.49 0.1 1
458.35 0.1 1
462.38 0.1 1
466.33 0.1 1
468.45 0.1 1
474.39 0.1 1
480.34 0.1 1
482.31 0.1 1
484.29 0.1 1
486.27 0.1 1
492.26 0.1 1
494.18 0.1 1
496.14 0.1 1
500.06 0.1 1
504 0.1 1
