4.25 0.1 1
6.13 0.1 1
10.22 0.1 1
12.18 0.1 1
18.17 0.1 1
19.97 0.1 1
21.99 0.1 1
24.05 0.1 1
26.09 0.1 1
33.84 0.1 1
35.86 0.1 1
37.99 0.1 1
41.84 0.1 1
45.93 0.1 1
47.88 0.1 1
49.77 0.1 1
51.8 0.1 1
57.73 0.1 1
67.61 0.1 1
69.64 0.1 1
71.57 0.1 1
73.67 0.1 1
77.58 0.1 1
79.56 0.1 1
81.58 0.1 1
85.59 0.1 1
87.43 0.1 1
89.46 0.1 1
91.5 0.1 1
95.38 0.1 1
107.37 0.1 1
121.22 0.1 1
125.13 0.1 1
127.26 0.1 1
131.23 0.1 1
133.11 0.1 1
135.23 0.1 1
137.11 0.1 1
139.15 0.1 1
145.08 0.1 1
147.13 0.1 1
151.1 0.1 1
153.04 0.1 1
154.94 0.1 1
162.87 0.1 1
166.91 0.1 1
168.91 0.1 1
170.76 0.1 1
172.73 0.1 1
176.88 0.1 1
182.66 0.1 1
184.72 0.1 1
190.58 0.1 1
194.7 0.1 1
198.65 0.1 1
202.57 0.1 1
208.64 0.1 1
214.49 0.1 1
218.38 0.1 1
224.46 0.1 1
228.41 0.1 1
238.34 0.1 1
244.22 0.1 1
246.2 0.1 1
250.31 0.1 1
258.11 0.1 1
260.16 0.1 1
262.03 0.1 1
264.14 0.1 1
266.16 0.1 1
269.98 0.1 1
274.06 0.1 1
276 0.1 1
279.9 0.1 1
285.85 0.1 1
289.84 0.1 1
295.81 0.1 1
297.82 0.1 1
299.72 0.1 1
301.86 0.1 1
303.86 0.1 1
305.74 0.1 1
307.69 0.1 1
309.76 0.1 1
325.58 0.1 1
327.6 0.1 1
331.62 0.1 1
333.6 0.1 1
337.49 0.1 1
341.39 0.1 1
349.31 0.1 1
355.46 0.1 1
359.35 0.1 1
361.26 0.1 1
363.33 0.1 1
365.23 0.1 1
371.28 0.1 1
375.19 0.1 1
377.1 0.1 1
385.19 0.1 1
393.13 0.1 1
395.09 0.1 1
400.98 0.1 1
403.08 0.1 1
410.82 0.1 1
412.9 0.1 1
414.93 0.1 1
424.79 0.1 1
426.82 0.1 1
438.61 0.1 1
440.61 0.1 1
442.61 0.1 1
446.68 0.1 1
448.68 0.1 1
458.63 0.1 1
462.57 0.1 1
466.47 0.1 1
468.39 0.1 1
474.37 0.1 1
480.32 0.1 1
482.24 0.1 1
484.34 0.1 1
486.29 0.1 1
492.33 0.1 1
494.28 0.1 1
496.2 0.1 1
500.12 0.1 1
504.2 0.1 1
