4.28 0.1 1
6.23 0.1 1
10.15 0.1 1
12.1 0.1 1
18.05 0.1 1
19.97 0.1 1
22.07 0.1 1
23.98 0.1 1
25.99 0.1 1
34.02 0.1 1
35.89 0.1 1
37.99 0.1 1
41.83 0.1 1
45.94 0.1 1
47.84 0.1 1
49.81 0.1 1
51.73 0.1 1
57.76 0.1 1
67.67 0.1 1
69.65 0.1 1
71.74 0.1 1
73.7 0.1 1
77.54 0.1 1
79.59 0.1 1
81.46 0.1 1
85.62 0.1 1
87.58 0.1 1
89.41 0.1 1
91.41 0.1 1
95.44 0.1 1
107.37 0.1 1
121.15 0.1 1
125.14 0.1 1
127.19 0.1 1
131.09 0.1 1
133.03 0.1 1
135.16 0.1 1
137.19 0.1 1
139.13 0.1 1
145.11 0.1 1
146.98 0.1 1
151.08 0.1 1
152.87 0.1 1
154.92 0.1 1
162.85 0.1 1
166.82 0.1 1
168.85 0.1 1
170.81 0.1 1
172.84 0.1 1
176.82 0.1 1
182.78 0.1 1
184.64 0.1 1
190.71 0.1 1
194.65 0.1 1
198.6 0.1 1
202.67 0.1 1
208.52 0.1 1
214.57 0.1 1
218.52 0.1 1
224.31 0.1 1
228.44 0.1 1
238.33 0.1 1
244.22 0.1 1
246.23 0.1 1
250.08 0.1 1
258.05 0.1 1
260.17 0.1 1
262.09 0.1 1
264.06 0.1 1
265.97 0.1 1
270.12 0.1 1
273.96 0.1 1
276.04 0.1 1
279.85 0.1 1
285.83 0.1 1
289.81 0.1 1
295.85 0.1 1
297.9 0.1 1
299.8 0.1 1
301.79 0.1 1
303.79 0.1 1
305.65 0.1 1
307.75 0.1 1
309.67 0.1 1
325.68 0.1 1
327.56 0.1 1
331.61 0.1 1
333.51 0.1 1
337.55 0.1 1
341.42 0.1 1
349.39 0.1 1
355.29 0.1 1
359.31 0.1 1
361.39 0.1 1
363.24 0.1 1
365.31 0.1 1
371.13 0.1 1
375.08 0.1 1
377.18 0.1 1
385.2 0.1 1
393.04 0.1 1
395.04 0.1 1
400.92 0.1 1
402.94 0.1 1
410.91 0.1 1
412.94 0.1 1
414.81 0.1 1
424.75 0.1 1
426.67 0.1 1
438.74 0.1 1
440.65 0.1 1
442.72 0.1 1
446.71 0.1 1
448.61 0.1 1
458.54 0.1 1
462.51 0.1 1
466.55 0.1 1
468.4 0.1 1
474.47 0.1 1
480.4 0.1 1
482.29 0.1 1
484.35 0.1 1
486.27 0.1 1
492.19 0.1 1
494.31 0.1 1
496.29 0.1 1
500.09 0.1 1
504.06 0.1 1
