4.11 0.1 1
6.17 0.1 1
10.06 0.1 1
12.06 0.1 1
18.06 0.1 1
20.16 0.1 1
22.05 0.1 1
24.08 0.1 1
25.95 0.1 1
33.88 0.1 1
36.02 0.1 1
37.93 0.1 1
41.87 0.1 1
45.84 0.1 1
47.82 0.1 1
49.8 0.1 1
51.72 0.1 1
57.86 0.1 1
67.69 0.1 1
69.63 0.1 1
71.65 0.1 1
73.58 0.1 1
77.7 0.1 1
79.67 0.1 1
81.57 0.1 1
85.45 0.1 1
87.52 0.1 1
89.52 0.1 1
91.54 0.1 1
95.47 0.1 1
107.43 0.1 1
121.3 0.1 1
125.13 0.1 1
127.13 0.1 1
131.24 0.1 1
133.13 0.1 1
135.19 0.1 1
137.19 0.1 1
139.17 0.1 1
144.94 0.1 1
146.91 0.1 1
150.91 0.1 1
152.89 0.1 1
154.93 0.1 1
162.93 0.1 1
166.76 0.1 1
168.9 0.1 1
170.75 0.1 1
172.8 0.1 1
176.67 0.1 1
182.77 0.1 1
184.57 0.1 1
190.69 0.1 1
194.69 0.1 1
198.51 0.1 1
202.54 0.1 1
208.56 0.1 1
214.38 0.1 1
218.4 0.1 1
224.37 0.1 1
228.35 0.1 1
238.16 0.1 1
244.18 0.1 1
246.11 0.1 1
250.24 0.1 1
258 0.1 1
259.96 0.1 1
262.1 0.1 1
263.95 0.1 1
265.93 0.1 1
269.87 0.1 1
273.94 0.1 1
275.85 0.1 1
279.89 0.1 1
285.94 0.1 1
289.71 0.1 1
295.81 0.1 1
297.85 0.1 1
299.68 0.1 1
301.81 0.1 1
303.71 0.1 1
305.78 0.1 1
307.58 0.1 1
309.65 0.1 1
325.62 0.1 1
327.61 0.1 1
331.51 0.1 1
333.37 0.1 1
337.31 0.1 1
341.38 0.1 1
349.31 0.1 1
355.2 0.1 1
359.17 0.1 1
361.28 0.1 1
363.29 0.1 1
365.07 0.1 1
371.04 0.1 1
375.07 0.1 1
377.09 0.1 1
384.96 0.1 1
392.91 0.1 1
394.9 0.1 1
400.81 0.1 1
402.8 0.1 1
410.9 0.1 1
412.82 0.1 1
414.85 0.1 1
424.66 0.1 1
426.71 0.1 1
438.5 0.1 1
440.45 0.1 1
442.58 0.1 1
446.56 0.1 1
448.52 0.1 1
458.44 0.1 1
462.32 0.1 1
466.32 0.1 1
468.36 0.1 1
474.27 0.1 1
480.28 0.1 1
482.31 0.1 1
484.26 0.1 1
486.11 0.1 1
492.03 0.1 1
494.08 0.1 1
496.12 0.1 1
500.05 0.1 1
503.94 0.1 1
