4.12 0.1 1
6.22 0.1 1
10.24 0.1 1
12.14 0.1 1
18.17 0.1 1
20.06 0.1 1
21.94 0.1 1
23.94 0.1 1
25.98 0.1 1
34.05 0.1 1
35.88 0.1 1
37.83 0.1 1
41.88 0.1 1
45.78 0.1 1
47.93 0.1 1
49.77 0.1 1
51.84 0.1 1
57.85 0.1 1
67.57 0.1 1
69.66 0.1 1
71.61 0.1 1
73.73 0.1 1
77.56 0.1 1
79.64 0.1 1
81.6 0.1 1
85.43 0.1 1
87.52 0.1 1
89.43 0.1 1
91.38 0.1 1
95.35 0.1 1
107.36 0.1 1
121.26 0.1 1
125.26 0.1 1
127.28 0.1 1
131.1 0.1 1
133.13 0.1 1
135.03 0.1 1
137.03 0.1 1
139.02 0.1 1
145.09 0.1 1
147.12 0.1 1
150.92 0.1 1
152.91 0.1 1
154.92 0.1 1
162.81 0.1 1
166.93 0.1 1
168.86 0.1 1
170.91 0.1 1
172.81 0.1 1
176.88 0.1 1
182.83 0.1 1
184.78 0.1 1
190.67 0.1 1
194.69 0.1 1
198.69 0.1 1
202.59 0.1 1
208.49 0.1 1
214.48 0.1 1
218.46 0.1 1
224.46 0.1 1
228.42 0.1 1
238.24 0.1 1
244.27 0.1 1
246.16 0.1 1
250.14 0.1 1
258.16 0.1 1
260.01 0.1 1
261.98 0.1 1
263.96 0.1 1
266.06 0.1 1
269.96 0.1 1
273.88 0.1 1
275.85 0.1 1
279.99 0.1 1
285.9 0.1 1
289.75 0.1 1
295.71 0.1 1
297.81 0.1 1
299.82 0.1 1
301.79 0.1 1
303.61 0.1 1
305.69 0.1 1
307.63 0.1 1
309.6 0.1 1
325.43 0.1 1
327.42 0.1 1
331.52 0.1 1
333.37 0.1 1
337.51 0.1 1
341.37 0.1 1
349.44 0.1 1
355.31 0.1 1
359.2 0.1 1
361.33 0.1 1
363.26 0.1 1
365.18 0.1 1
371.1 0.1 1
375.19 0.1 1
377.15 0.1 1
385.02 0.1 1
392.94 0.1 1
394.86 0.1 1
400.98 0.1 1
403 0.1 1
410.92 0.1 1
412.77 0.1 1
414.82 0.1 1
424.7 0.1 1
426.64 0.1 1
438.68 0.1 1
440.59 0.1 1
442.68 0.1 1
446.58 0.1 1
448.45 0.1 1
458.38 0.1 1
462.32 0.1 1
466.32 0.1 1
468.29 0.1 1
474.22 0.1 1
480.29 0.1 1
482.18 0.1 1
484.18 0.1 1
486.18 0.1 1
492.28 0.1 1
494.18 0.1 1
496.25 0.1 1
500.18 0.1 1
504.05 0.1 1
