4.16 0.1 1
6.08 0.1 1
10.1 0.1 1
12.18 0.1 1
18.14 0.1 1
20.15 0.1 1
21.94 0.1 1
23.95 0.1 1
26.02 0.1 1
33.92 0.1 1
35.91 0.1 1
38.01 0.1 1
41.98 0.1 1
45.86 0.1 1
47.9 0.1 1
49.75 0.1 1
51.71 0.1 1
57.85 0.1 1
67.7 0.1 1
69.7 0.1 1
71.59 0.1 1
73.67 0.1 1
77.56 0.1 1
79.57 0.1 1
81.54 0.1 1
85.51 0.1 1
87.44 0.1 1
89.56 0.1 1
91.38 0.1 1
95.53 0.1 1
107.38 0.1 1
121.31 0.1 1
125.17 0.1 1
127.08 0.1 1
131.13 0.1 1
133.06 0.1 1
135.09 0.1 1
137.16 0.1 1
139.03 0.1 1
144.95 0.1 1
146.91 0.1 1
150.95 0.1 1
152.87 0.1 1
155.03 0.1 1
162.85 0.1 1
166.82 0.1 1
168.89 0.1 1
170.76 0.1 1
172.68 0.1 1
176.74 0.1 1
182.69 0.1 1
184.58 0.1 1
190.62 0.1 1
194.63 0.1 1
198.47 0.1 1
202.57 0.1 1
208.49 0.1 1
214.51 0.1 1
218.46 0.1 1
224.43 0.1 1
228.29 0.1 1
238.2 0.1 1
244.27 0.1 1
246.1 0.1 1
250.05 0.1 1
258.14 0.1 1
260.09 0.1 1
262.07 0.1 1
264.11 0.1 1
265.98 0.1 1
270.08 0.1 1
273.98 0.1 1
275.85 0.1 1
279.8 0.1 1
285.78 0.1 1
289.87 0.1 1
295.74 0.1 1
297.72 0.1 1
299.72 0.1 1
301.75 0.1 1
303.69 0.1 1
305.59 0.1 1
307.77 0.1 1
309.71 0.1 1
325.43 0.1 1
327.56 0.1 1
331.48 0.1 1
333.52 0.1 1
337.49 0.1 1
341.4 0.1 1
349.29 0.1 1
355.39 0.1 1
359.24 0.1 1
361.24 0.1 1
363.18 0.1 1
365.21 0.1 1
371.2 0.1 1
375.06 0.1 1
377.22 0.1 1
384.95 0.1 1
393.09 0.1 1
395.01 0.1 1
400.99 0.1 1
403.01 0.1 1
410.94 0.1 1
412.9 0.1 1
414.83 0.1 1
424.67 0.1 1
426.8 0.1 1
438.65 0.1 1
440.59 0.1 1
442.64 0.1 1
446.66 0.1 1
448.46 0.1 1
458.36 0.1 1
462.53 0.1 1
466.38 0.1 1
468.43 0.1 1
474.25 0.1 1
480.3 0.1 1
482.29 0.1 1
484.25 0.1 1
486.34 0.1 1
492.22 0.1 1
494.09 0.1 1
496.14 0.1 1
500.03 0.1 1
504.16 0.1 1
