4.12 0.1 1
6.28 0.1 1
10.16 0.1 1
12.08 0.1 1
18.05 0.1 1
20 0.1 1
22.07 0.1 1
24.07 0.1 1
25.98 0.1 1
34.02 0.1 1
35.92 0.1 1
37.82 0.1 1
41.8 0.1 1
45.86 0.1 1
47.79 0.1 1
49.73 0.1 1
51.84 0.1 1
57.66 0.1 1
67.67 0.1 1
69.73 0.1 1
71.58 0.1 1
73.68 0.1 1
77.6 0.1 1
79.64 0.1 1
81.54 0.1 1
85.52 0.1 1
87.45 0.1 1
89.49 0.1 1
91.52 0.1 1
95.46 0.1 1
107.36 0.1 1
121.22 0.1 1
125.22 0.1 1
127.07 0.1 1
131.04 0.1 1
133.12 0.1 1
135.04 0.1 1
137.06 0.1 1
139.01 0.1 1
145.03 0.1 1
146.93 0.1 1
150.98 0.1 1
153 0.1 1
154.88 0.1 1
162.87 0.1 1
166.77 0.1 1
168.8 0.1 1
170.72 0.1 1
172.74 0.1 1
176.75 0.1 1
182.72 0.1 1
184.64 0.1 1
190.56 0.1 1
194.56 0.1 1
198.53 0.1 1
202.6 0.1 1
208.52 0.1 1
214.57 0.1 1
218.47 0.1 1
224.35 0.1 1
228.42 0.1 1
238.18 0.1 1
244.13 0.1 1
246.18 0.1 1
250.11 0.1 1
258.15 0.1 1
260.05 0.1 1
262.1 0.1 1
264 0.1 1
266.05 0.1 1
269.99 0.1 1
274.01 0.1 1
275.91 0.1 1
280.02 0.1 1
285.91 0.1 1
289.93 0.1 1
295.86 0.1 1
297.76 0.1 1
299.82 0.1 1
301.83 0.1 1
303.68 0.1 1
305.67 0.1 1
307.74 0.1 1
309.6 0.1 1
325.57 0.1 1
327.61 0.1 1
331.44 0.1 1
333.51 0.1 1
337.55 0.1 1
341.4 0.1 1
349.43 0.1 1
355.22 0.1 1
359.3 0.1 1
361.24 0.1 1
363.34 0.1 1
365.17 0.1 1
371.11 0.1 1
375.06 0.1 1
377.23 0.1 1
384.98 0.1 1
392.97 0.1 1
394.9 0.1 1
400.94 0.1 1
402.97 0.1 1
410.74 0.1 1
412.79 0.1 1
414.72 0.1 1
424.73 0.1 1
426.76 0.1 1
438.6 0.1 1
440.53 0.1 1
442.47 0.1 1
446.52 0.1 1
448.47 0.1 1
458.47 0.1 1
462.43 0.1 1
466.39 0.1 1
468.46 0.1 1
474.25 0.1 1
480.25 0.1 1
482.26 0.1 1
484.2 0.1 1
486.27 0.1 1
492.07 0.1 1
494.09 0.1 1
496.22 0.1 1
500.14 0.1 1
504.12 0.1 1
