4.24 0.1 1
6.25 0.1 1
10.17 0.1 1
12.07 0.1 1
18.11 0.1 1
20.14 0.1 1
22.11 0.1 1
24.01 0.1 1
26.06 0.1 1
34 0.1 1
35.98 0.1 1
37.83 0.1 1
41.95 0.1 1
45.8 0.1 1
47.77 0.1 1
49.84 0.1 1
51.74 0.1 1
57.76 0.1 1
67.76 0.1 1
69.64 0.1 1
71.58 0.1 1
73.55 0.1 1
77.65 0.1 1
79.6 0.1 1
81.58 0.1 1
85.52 0.1 1
87.62 0.1 1
89.54 0.1 1
91.44 0.1 1
95.49 0.1 1
107.34 0.1 1
121.26 0.1 1
125.13 0.1 1
127.27 0.1 1
131.2 0.1 1
133.19 0.1 1
135.15 0.1 1
137.2 0.1 1
139.14 0.1 1
144.99 0.1 1
146.97 0.1 1
151.09 0.1 1
153.04 0.1 1
154.96 0.1 1
162.93 0.1 1
166.81 0.1 1
168.78 0.1 1
170.88 0.1 1
172.87 0.1 1
176.72 0.1 1
182.8 0.1 1
184.69 0.1 1
190.64 0.1 1
194.69 0.1 1
198.58 0.1 1
202.5 0.1 1
208.51 0.1 1
214.43 0.1 1
218.37 0.1 1
224.4 0.1 1
228.27 0.1 1
238.16 0.1 1
244.21 0.1 1
246.21 0.1 1
250.15 0.1 1
258.12 0.1 1
260.12 0.1 1
262.07 0.1 1
264.12 0.1 1
266.09 0.1 1
269.92 0.1 1
273.94 0.1 1
275.84 0.1 1
279.81 0.1 1
285.76 0.1 1
289.86 0.1 1
295.7 0.1 1
297.83 0.1 1
299.68 0.1 1
301.68 0.1 1
303.72 0.1 1
305.73 0.1 1
307.7 0.1 1
309.62 0.1 1
325.44 0.1 1
327.43 0.1 1
331.38 0.1 1
333.34 0.1 1
337.36 0.1 1
341.31 0.1 1
349.38 0.1 1
355.17 0.1 1
359.15 0.1 1
361.14 0.1 1
363.24 0.1 1
365.26 0.1 1
371.24 0.1 1
375.03 0.1 1
377.18 0.1 1
385.06 0.1 1
392.98 0.1 1
394.88 0.1 1
400.89 0.1 1
402.94 0.1 1
410.92 0.1 1
412.91 0.1 1
414.71 0.1 1
424.61 0.1 1
426.71 0.1 1
438.6 0.1 1
440.67 0.1 1
442.47 0.1 1
446.47 0.1 1
448.47 0.1 1
458.48 0.1 1
462.46 0.1 1
466.38 0.1 1
468.36 0.1 1
474.3 0.1 1
480.17 0.1 1
482.33 0.1 1
484.19 0.1 1
486.2 0.1 1
492.09 0.1 1
494.17 0.1 1
496.04 0.1 1
500.21 0.1 1
504.06 0.1 1
