4.24 0.1 1
6.27 0.1 1
10.12 0.1 1
12.21 0.1 1
17.97 0.1 1
19.96 0.1 1
22.04 0.1 1
23.96 0.1 1
26.06 0.1 1
34.05 0.1 1
36.03 0.1 1
37.93 0.1 1
41.95 0.1 1
45.87 0.1 1
47.73 0.1 1
49.87 0.1 1
51.8 0.1 1
57.66 0.1 1
67.66 0.1 1
69.64 0.1 1
71.73 0.1 1
73.69 0.1 1
77.65 0.1 1
79.68 0.1 1
81.55 0.1 1
85.61 0.1 1
87.62 0.1 1
89.42 0.1 1
91.43 0.1 1
95.45 0.1 1
107.27 0.1 1
121.16 0.1 1
125.2 0.1 1
127.13 0.1 1
131.08 0.1 1
133.08 0.1 1
135.07 0.1 1
137.07 0.1 1
139.19 0.1 1
144.95 0.1 1
147.04 0.1 1
151.09 0.1 1
153.04 0.1 1
154.97 0.1 1
162.83 0.1 1
166.9 0.1 1
168.86 0.1 1
170.76 0.1 1
172.8 0.1 1
176.7 0.1 1
182.78 0.1 1
184.78 0.1 1
190.59 0.1 1
194.66 0.1 1
198.56 0.1 1
202.62 0.1 1
208.53 0.1 1
214.53 0.1 1
218.45 0.1 1
224.32 0.1 1
228.38 0.1 1
238.35 0.1 1
244.14 0.1 1
246.22 0.1 1
250.22 0.1 1
258.1 0.1 1
259.98 0.1 1
261.98 0.1 1
264.06 0.1 1
266.05 0.1 1
269.92 0.1 1
273.9 0.1 1
275.9 0.1 1
279.95 0.1 1
285.94 0.1 1
289.84 0.1 1
295.77 0.1 1
297.88 0.1 1
299.84 0.1 1
301.68 0.1 1
303.64 0.1 1
305.64 0.1 1
307.8 0.1 1
309.6 0.1 1
325.59 0.1 1
327.44 0.1 1
331.45 0.1 1
333.41 0.1 1
337.56 0.1 1
341.32 0.1 1
349.44 0.1 1
355.38 0.1 1
359.25 0.1 1
361.28 0.1 1
363.3 0.1 1
365.28 0.1 1
371.24 0.1 1
375.05 0.1 1
377.14 0.1 1
384.97 0.1 1
392.91 0.1 1
395.03 0.1 1
401 0.1 1
402.93 0.1 1
410.78 0.1 1
412.79 0.1 1
414.94 0.1 1
424.82 0.1 1
426.76 0.1 1
438.71 0.1 1
440.58 0.1 1
442.55 0.1 1
446.51 0.1 1
448.48 0.1 1
458.45 0.1 1
462.44 0.1 1
466.49 0.1 1
468.39 0.1 1
474.44 0.1 1
480.26 0.1 1
482.21 0.1 1
484.26 0.1 1
486.21 0.1 1
492.3 0.1 1
494.1 0.1 1
496.13 0.1 1
500.13 0.1 1
504.22 0.1 1
