4.17 0.1 1
6.12 0.1 1
10.1 0.1 1
12.18 0.1 1
18.09 0.1 1
20.12 0.1 1
22.04 0.1 1
24.11 0.1 1
26.07 0.1 1
33.94 0.1 1
35.94 0.1 1
37.91 0.1 1
41.98 0.1 1
45.88 0.1 1
47.86 0.1 1
49.81 0.1 1
51.78 0.1 1
57.85 0.1 1
67.72 0.1 1
69.72 0.1 1
71.59 0.1 1
73.61 0.1 1
77.49 0.1 1
79.67 0.1 1
81.64 0.1 1
85.43 0.1 1
87.59 0.1 1
89.44 0.1 1
91.5 0.1 1
95.43 0.1 1
107.39 0.1 1
121.32 0.1 1
125.14 0.1 1
127.13 0.1 1
131.09 0.1 1
133.11 0.1 1
135.16 0.1 1
137.05 0.1 1
139.01 0.1 1
144.93 0.1 1
146.98 0.1 1
150.87 0.1 1
152.95 0.1 1
155 0.1 1
162.84 0.1 1
166.94 0.1 1
168.72 0.1 1
170.91 0.1 1
172.74 0.1 1
176.79 0.1 1
182.76 0.1 1
184.71 0.1 1
190.65 0.1 1
194.7 0.1 1
198.59 0.1 1
202.49 0.1 1
208.47 0.1 1
214.46 0.1 1
218.31 0.1 1
224.26 0.1 1
228.25 0.1 1
238.17 0.1 1
244.18 0.1 1
246.12 0.1 1
250.12 0.1 1
258.14 0.1 1
260.06 0.1 1
262.01 0.1 1
264.02 0.1 1
266.01 0.1 1
269.89 0.1 1
274.01 0.1 1
275.95 0.1 1
279.85 0.1 1
285.85 0.1 1
289.83 0.1 1
295.77 0.1 1
297.8 0.1 1
299.65 0.1 1
301.72 0.1 1
303.61 0.1 1
305.57 0.1 1
307.56 0.1 1
309.57 0.1 1
325.5 0.1 1
327.4 0.1 1
331.37 0.1 1
333.4 0.1 1
337.4 0.1 1
341.37 0.1 1
349.29 0.1 1
355.27 0.1 1
359.14 0.1 1
361.24 0.1 1
363.26 0.1 1
365.18 0.1 1
371.08 0.1 1
375.03 0.1 1
377.03 0.1 1
385.07 0.1 1
393 0.1 1
395.06 0.1 1
400.84 0.1 1
402.96 0.1 1
410.76 0.1 1
412.83 0.1 1
414.71 0.1 1
424.73 0.1 1
426.68 0.1 1
438.59 0.1 1
440.67 0.1 1
442.64 0.1 1
446.49 0.1 1
448.62 0.1 1
458.46 0.1 1
462.43 0.1 1
466.31 0.1 1
468.35 0.1 1
474.28 0.1 1
480.24 0.1 1
482.19 0.1 1
484.27 0.1 1
486.24 0.1 1
492.11 0.1 1
494.24 0.1 1
496.02 0.1 1
500.11 0.1 1
504.13 0.1 1
