4.21 0.1 1
6.17 0.1 1
10.17 0.1 1
12.13 0.1 1
17.97 0.1 1
20.09 0.1 1
22.14 0.1 1
23.94 0.1 1
25.99 0.1 1
33.86 0.1 1
35.91 0.1 1
37.99 0.1 1
41.85 0.1 1
45.91 0.1 1
47.91 0.1 1
49.72 0.1 1
51.85 0.1 1
57.85 0.1 1
67.74 0.1 1
69.71 0.1 1
71.59 0.1 1
73.56 0.1 1
77.62 0.1 1
79.58 0.1 1
81.64 0.1 1
85.53 0.1 1
87.55 0.1 1
89.45 0.1 1
91.4 0.1 1
95.55 0.1 1
107.42 0.1 1
121.27 0.1 1
125.21 0.1 1
127.19 0.1 1
131.25 0.1 1
133.19 0.1 1
135.16 0.1 1
137.1 0.1 1
139.06 0.1 1
145.07 0.1 1
147.03 0.1 1
150.94 0.1 1
152.99 0.1 1
154.94 0.1 1
162.97 0.1 1
166.77 0.1 1
168.88 0.1 1
170.76 0.1 1
172.74 0.1 1
176.84 0.1 1
182.8 0.1 1
184.63 0.1 1
190.58 0.1 1
194.58 0.1 1
198.59 0.1 1
202.55 0.1 1
208.57 0.1 1
214.41 0.1 1
218.49 0.1 1
224.29 0.1 1
228.33 0.1 1
238.35 0.1 1
244.28 0.1 1
246.25 0.1 1
250.19 0.1 1
258.07 0.1 1
260.09 0.1 1
262.02 0.1 1
264.08 0.1 1
266.13 0.1 1
270.05 0.1 1
273.96 0.1 1
276.03 0.1 1
279.93 0.1 1
285.87 0.1 1
289.87 0.1 1
295.7 0.1 1
297.69 0.1 1
299.64 0.1 1
301.66 0.1 1
303.71 0.1 1
305.62 0.1 1
307.62 0.1 1
309.64 0.1 1
325.51 0.1 1
327.5 0.1 1
331.57 0.1 1
333.53 0.1 1
337.32 0.1 1
341.39 0.1 1
349.27 0.1 1
355.34 0.1 1
359.19 0.1 1
361.29 0.1 1
363.13 0.1 1
365.13 0.1 1
371.06 0.1 1
375.2 0.1 1
377.17 0.1 1
385.1 0.1 1
392.94 0.1 1
394.99 0.1 1
400.88 0.1 1
402.98 0.1 1
410.93 0.1 1
412.83 0.1 1
414.7 0.1 1
424.7 0.1 1
426.73 0.1 1
438.62 0.1 1
440.61 0.1 1
442.64 0.1 1
446.46 0.1 1
448.53 0.1 1
458.41 0.1 1
462.31 0.1 1
466.38 0.1 1
468.37 0.1 1
474.22 0.1 1
480.35 0.1 1
482.19 0.1 1
484.2 0.1 1
486.31 0.1 1
492.27 0.1 1
494.11 0.1 1
496.14 0.1 1
500.11 0.1 1
504.15 0.1 1
