4.22 0.1 1
6.19 0.1 1
10.19 0.1 1
12.02 0.1 1
18.13 0.1 1
20.14 0.1 1
22.03 0.1 1
24.01 0.1 1
26 0.1 1
34.02 0.1 1
35.9 0.1 1
37.92 0.1 1
41.94 0.1 1
45.8 0.1 1
47.94 0.1 1
49.85 0.1 1
51.79 0.1 1
57.82 0.1 1
67.61 0.1 1
69.75 0.1 1
71.63 0.1 1
73.66 0.1 1
77.56 0.1 1
79.61 0.1 1
81.57 0.1 1
85.63 0.1 1
87.44 0.1 1
89.54 0.1 1
91.47 0.1 1
95.52 0.1 1
107.28 0.1 1
121.2 0.1 1
125.3 0.1 1
127.17 0.1 1
131.22 0.1 1
133.17 0.1 1
135.15 0.1 1
137.17 0.1 1
139.19 0.1 1
145.11 0.1 1
147.06 0.1 1
150.94 0.1 1
153.06 0.1 1
154.88 0.1 1
162.91 0.1 1
166.81 0.1 1
168.75 0.1 1
170.81 0.1 1
172.85 0.1 1
176.8 0.1 1
182.8 0.1 1
184.75 0.1 1
190.62 0.1 1
194.54 0.1 1
198.53 0.1 1
202.53 0.1 1
208.53 0.1 1
214.46 0.1 1
218.37 0.1 1
224.45 0.1 1
228.24 0.1 1
238.29 0.1 1
244.14 0.1 1
246.26 0.1 1
250.24 0.1 1
258 0.1 1
259.98 0.1 1
262.06 0.1 1
264.1 0.1 1
266.08 0.1 1
269.9 0.1 1
274.04 0.1 1
275.85 0.1 1
279.97 0.1 1
285.82 0.1 1
289.74 0.1 1
295.81 0.1 1
297.78 0.1 1
299.68 0.1 1
301.7 0.1 1
303.63 0.1 1
305.76 0.1 1
307.63 0.1 1
309.58 0.1 1
325.45 0.1 1
327.56 0.1 1
331.51 0.1 1
333.49 0.1 1
337.51 0.1 1
341.41 0.1 1
349.31 0.1 1
355.23 0.1 1
359.27 0.1 1
361.3 0.1 1
363.2 0.1 1
365.25 0.1 1
371.2 0.1 1
375.07 0.1 1
377.09 0.1 1
385.18 0.1 1
393.01 0.1 1
394.9 0.1 1
400.93 0.1 1
402.92 0.1 1
410.94 0.1 1
412.8 0.1 1
414.85 0.1 1
424.77 0.1 1
426.76 0.1 1
438.6 0.1 1
440.71 0.1 1
442.71 0.1 1
446.51 0.1 1
448.48 0.1 1
458.49 0.1 1
462.45 0.1 1
466.36 0.1 1
468.32 0.1 1
474.29 0.1 1
480.34 0.1 1
482.33 0.1 1
484.19 0.1 1
486.25 0.1 1
492.23 0.1 1
494.3 0.1 1
496.28 0.1 1
500.17 0.1 1
504.05 0.1 1
