4.28 0.1 1
6.27 0.1 1
10.15 0.1 1
12.13 0.1 1
18 0.1 1
20.16 0.1 1
22.06 0.1 1
24.09 0.1 1
26.02 0.1 1
34.01 0.1 1
35.99 0.1 1
37.98 0.1 1
41.83 0.1 1
45.9 0.1 1
47.83 0.1 1
49.82 0.1 1
51.82 0.1 1
57.7 0.1 1
67.62 0.1 1
69.62 0.1 1
71.71 0.1 1
73.69 0.1 1
77.59 0.1 1
79.58 0.1 1
81.58 0.1 1
85.44 0.1 1
87.5 0.1 1
89.48 0.1 1
91.38 0.1 1
95.45 0.1 1
107.3 0.1 1
121.16 0.1 1
125.24 0.1 1
127.13 0.1 1
131.19 0.1 1
133.11 0.1 1
135 0.1 1
137.1 0.1 1
139.03 0.1 1
144.92 0.1 1
146.97 0.1 1
150.95 0.1 1
152.95 0.1 1
154.94 0.1 1
162.91 0.1 1
166.74 0.1 1
168.81 0.1 1
170.73 0.1 1
172.73 0.1 1
176.66 0.1 1
182.7 0.1 1
184.56 0.1 1
190.67 0.1 1
194.57 0.1 1
198.52 0.1 1
202.57 0.1 1
208.42 0.1 1
214.41 0.1 1
218.36 0.1 1
224.36 0.1 1
228.4 0.1 1
238.33 0.1 1
244.22 0.1 1
246.22 0.1 1
250.16 0.1 1
258.02 0.1 1
260.16 0.1 1
262.01 0.1 1
263.96 0.1 1
266.03 0.1 1
269.88 0.1 1
273.88 0.1 1
275.88 0.1 1
279.8 0.1 1
285.83 0.1 1
289.89 0.1 1
295.67 0.1 1
297.84 0.1 1
299.67 0.1 1
301.64 0.1 1
303.73 0.1 1
305.69 0.1 1
307.73 0.1 1
309.54 0.1 1
325.57 0.1 1
327.45 0.1 1
331.47 0.1 1
333.49 0.1 1
337.32 0.1 1
341.42 0.1 1
349.24 0.1 1
355.31 0.1 1
359.25 0.1 1
361.23 0.1 1
363.15 0.1 1
365.18 0.1 1
371.13 0.1 1
375.1 0.1 1
377.19 0.1 1
385.11 0.1 1
392.87 0.1 1
395.04 0.1 1
400.83 0.1 1
402.79 0.1 1
410.86 0.1 1
412.92 0.1 1
414.83 0.1 1
424.65 0.1 1
426.7 0.1 1
438.59 0.1 1
440.56 0.1 1
442.53 0.1 1
446.63 0.1 1
448.49 0.1 1
458.45 0.1 1
462.5 0.1 1
466.32 0.1 1
468.32 0.1 1
474.42 0.1 1
480.32 0.1 1
482.34 0.1 1
484.21 0.1 1
486.18 0.1 1
492.19 0.1 1
494.06 0.1 1
496.18 0.1 1
500.13 0.1 1
504.01 0.1 1
