4.08 0.1 1
6.27 0.1 1
10.2 0.1 1
12.04 0.1 1
18.02 0.1 1
20.04 0.1 1
21.94 0.1 1
24.07 0.1 1
25.94 0.1 1
33.95 0.1 1
36.03 0.1 1
37.96 0.1 1
41.93 0.1 1
45.87 0.1 1
47.83 0.1 1
49.73 0.1 1
51.77 0.1 1
57.77 0.1 1
67.64 0.1 1
69.56 0.1 1
71.72 0.1 1
73.54 0.1 1
77.59 0.1 1
79.68 0.1 1
81.58 0.1 1
85.51 0.1 1
87.41 0.1 1
89.48 0.1 1
91.53 0.1 1
95.53 0.1 1
107.36 0.1 1
121.31 0.1 1
125.18 0.1 1
127.23 0.1 1
131.05 0.1 1
133.21 0.1 1
135.13 0.1 1
137.2 0.1 1
138.98 0.1 1
145.05 0.1 1
146.92 0.1 1
150.95 0.1 1
152.94 0.1 1
154.91 0.1 1
162.96 0.1 1
166.89 0.1 1
168.88 0.1 1
170.78 0.1 1
172.75 0.1 1
176.81 0.1 1
182.75 0.1 1
184.68 0.1 1
190.63 0.1 1
194.55 0.1 1
198.52 0.1 1
202.57 0.1 1
208.59 0.1 1
214.53 0.1 1
218.44 0.1 1
224.33 0.1 1
228.3 0.1 1
238.22 0.1 1
244.22 0.1 1
246.19 0.1 1
250.09 0.1 1
257.98 0.1 1
260.16 0.1 1
262.11 0.1 1
263.96 0.1 1
266.06 0.1 1
269.91 0.1 1
274 0.1 1
275.95 0.1 1
279.8 0.1 1
285.82 0.1 1
289.75 0.1 1
295.82 0.1 1
297.71 0.1 1
299.68 0.1 1
301.71 0.1 1
303.81 0.1 1
305.61 0.1 1
307.63 0.1 1
309.6 0.1 1
325.6 0.1 1
327.52 0.1 1
331.39 0.1 1
333.4 0.1 1
337.32 0.1 1
341.41 0.1 1
349.24 0.1 1
355.16 0.1 1
359.18 0.1 1
361.2 0.1 1
363.11 0.1 1
365.17 0.1 1
371.13 0.1 1
375.17 0.1 1
377.19 0.1 1
384.92 0.1 1
392.99 0.1 1
394.84 0.1 1
400.96 0.1 1
402.93 0.1 1
410.92 0.1 1
412.72 0.1 1
414.83 0.1 1
424.67 0.1 1
426.74 0.1 1
438.68 0.1 1
440.54 0.1 1
442.54 0.1 1
446.56 0.1 1
448.58 0.1 1
458.47 0.1 1
462.42 0.1 1
466.33 0.1 1
468.39 0.1 1
474.32 0.1 1
480.27 0.1 1
482.34 0.1 1
484.27 0.1 1
486.28 0.1 1
492.16 0.1 1
494.08 0.1 1
496.11 0.1 1
500.01 0.1 1
504.06 0.1 1
