4.27 0.1 1
6.22 0.1 1
10.07 0.1 1
12.22 0.1 1
17.99 0.1 1
20.16 0.1 1
21.94 0.1 1
23.93 0.1 1
25.98 0.1 1
34.05 0.1 1
35.93 0.1 1
37.88 0.1 1
41.97 0.1 1
45.9 0.1 1
47.87 0.1 1
49.79 0.1 1
51.89 0.1 1
57.71 0.1 1
67.78 0.1 1
69.76 0.1 1
71.59 0.1 1
73.66 0.1 1
77.7 0.1 1
79.58 0.1 1
81.63 0.1 1
85.63 0.1 1
87.48 0.1 1
89.58 0.1 1
91.45 0.1 1
95.47 0.1 1
107.37 0.1 1
121.2 0.1 1
125.11 0.1 1
127.1 0.1 1
131.22 0.1 1
133.15 0.1 1
135.2 0.1 1
137.07 0.1 1
138.99 0.1 1
145.1 0.1 1
147.02 0.1 1
151.07 0.1 1
152.96 0.1 1
154.93 0.1 1
162.86 0.1 1
166.76 0.1 1
168.9 0.1 1
170.73 0.1 1
172.75 0.1 1
176.78 0.1 1
182.65 0.1 1
184.75 0.1 1
190.72 0.1 1
194.67 0.1 1
198.59 0.1 1
202.49 0.1 1
208.46 0.1 1
214.43 0.1 1
218.31 0.1 1
224.4 0.1 1
228.37 0.1 1
238.27 0.1 1
244.11 0.1 1
246.21 0.1 1
250.19 0.1 1
258.18 0.1 1
260.16 0.1 1
262.15 0.1 1
264.1 0.1 1
266.05 0.1 1
270.03 0.1 1
273.94 0.1 1
275.84 0.1 1
279.97 0.1 1
285.81 0.1 1
289.81 0.1 1
295.86 0.1 1
297.76 0.1 1
299.66 0.1 1
301.83 0.1 1
303.7 0.1 1
305.73 0.1 1
307.58 0.1 1
309.56 0.1 1
325.55 0.1 1
327.44 0.1 1
331.47 0.1 1
333.52 0.1 1
337.43 0.1 1
341.36 0.1 1
349.26 0.1 1
355.33 0.1 1
359.25 0.1 1
361.32 0.1 1
363.15 0.1 1
365.22 0.1 1
371.07 0.1 1
375.09 0.1 1
377.16 0.1 1
384.96 0.1 1
393.03 0.1 1
394.9 0.1 1
400.81 0.1 1
402.81 0.1 1
410.92 0.1 1
412.85 0.1 1
414.87 0.1 1
424.72 0.1 1
426.66 0.1 1
438.55 0.1 1
440.63 0.1 1
442.53 0.1 1
446.58 0.1 1
448.43 0.1 1
458.45 0.1 1
462.35 0.1 1
466.42 0.1 1
468.39 0.1 1
474.32 0.1 1
480.29 0.1 1
482.33 0.1 1
484.14 0.1 1
486.21 0.1 1
492.08 0.1 1
494.2 0.1 1
496.13 0.1 1
500.12 0.1 1
504.19 0.1 1
