4.29 0.1 1
6.24 0.1 1
10.06 0.1 1
12.21 0.1 1
18.03 0.1 1
19.96 0.1 1
21.96 0.1 1
24.01 0.1 1
26.08 0.1 1
33.88 0.1 1
35.98 0.1 1
37.97 0.1 1
41.84 0.1 1
45.82 0.1 1
47.89 0.1 1
49.89 0.1 1
51.72 0.1 1
57.79 0.1 1
67.75 0.1 1
69.7 0.1 1
71.7 0.1 1
73.55 0.1 1
77.56 0.1 1
79.57 0.1 1
81.5 0.1 1
85.45 0.1 1
87.5 0.1 1
89.59 0.1 1
91.45 0.1 1
95.36 0.1 1
107.26 0.1 1
121.15 0.1 1
125.22 0.1 1
127.12 0.1 1
131.18 0.1 1
133.19 0.1 1
135.17 0.1 1
137.04 0.1 1
139.09 0.1 1
144.99 0.1 1
147.04 0.1 1
150.89 0.1 1
152.88 0.1 1
155.03 0.1 1
162.91 0.1 1
166.85 0.1 1
168.78 0.1 1
170.8 0.1 1
172.87 0.1 1
176.72 0.1 1
182.65 0.1 1
184.57 0.1 1
190.54 0.1 1
194.67 0.1 1
198.46 0.1 1
202.49 0.1 1
208.44 0.1 1
214.38 0.1 1
218.31 0.1 1
224.33 0.1 1
228.35 0.1 1
238.14 0.1 1
244.26 0.1 1
246.18 0.1 1
250.19 0.1 1
258.13 0.1 1
260.11 0.1 1
262.03 0.1 1
263.96 0.1 1
265.9 0.1 1
269.95 0.1 1
273.95 0.1 1
275.9 0.1 1
279.87 0.1 1
285.81 0.1 1
289.77 0.1 1
295.63 0.1 1
297.73 0.1 1
299.63 0.1 1
301.71 0.1 1
303.56 0.1 1
305.7 0.1 1
307.58 0.1 1
309.58 0.1 1
325.37 0.1 1
327.39 0.1 1
331.37 0.1 1
333.42 0.1 1
337.31 0.1 1
341.23 0.1 1
349.25 0.1 1
355.25 0.1 1
359.28 0.1 1
361.23 0.1 1
363.23 0.1 1
365.1 0.1 1
371.05 0.1 1
375.06 0.1 1
377 0.1 1
384.94 0.1 1
392.98 0.1 1
394.98 0.1 1
400.88 0.1 1
402.78 0.1 1
410.77 0.1 1
412.77 0.1 1
414.72 0.1 1
424.54 0.1 1
426.52 0.1 1
438.54 0.1 1
440.48 0.1 1
442.46 0.1 1
446.43 0.1 1
448.33 0.1 1
458.27 0.1 1
462.35 0.1 1
466.35 0.1 1
468.2 0.1 1
474.22 0.1 1
480.18 0.1 1
482.06 0.1 1
484.16 0.1 1
486.18 0.1 1
492.01 0.1 1
493.96 0.1 1
496.01 0.1 1
500.02 0.1 1
503.9 0.1 1
