4.23 0.1 1
6.16 0.1 1
10.2 0.1 1
12.08 0.1 1
18.02 0.1 1
20 0.1 1
21.98 0.1 1
23.93 0.1 1
26.09 0.1 1
33.96 0.1 1
35.89 0.1 1
37.84 0.1 1
41.89 0.1 1
45.94 0.1 1
47.86 0.1 1
49.73 0.1 1
51.73 0.1 1
57.85 0.1 1
67.7 0.1 1
69.6 0.1 1
71.57 0.1 1
73.57 0.1 1
77.57 0.1 1
79.66 0.1 1
81.64 0.1 1
85.57 0.1 1
87.42 0.1 1
89.44 0.1 1
91.51 0.1 1
95.53 0.1 1
107.43 0.1 1
121.25 0.1 1
125.31 0.1 1
127.09 0.1 1
131.11 0.1 1
133.04 0.1 1
135.21 0.1 1
137.06 0.1 1
139.04 0.1 1
145.03 0.1 1
147.05 0.1 1
151 0.1 1
152.98 0.1 1
154.93 0.1 1
162.94 0.1 1
166.8 0.1 1
168.79 0.1 1
170.75 0.1 1
172.71 0.1 1
176.71 0.1 1
182.81 0.1 1
184.68 0.1 1
190.63 0.1 1
194.68 0.1 1
198.53 0.1 1
202.57 0.1 1
208.45 0.1 1
214.44 0.1 1
218.47 0.1 1
224.29 0.1 1
228.46 0.1 1
238.33 0.1 1
244.23 0.1 1
246.16 0.1 1
250.22 0.1 1
258.12 0.1 1
260.04 0.1 1
262.05 0.1 1
264.04 0.1 1
266.01 0.1 1
270.07 0.1 1
273.89 0.1 1
276.04 0.1 1
279.94 0.1 1
285.95 0.1 1
289.8 0.1 1
295.83 0.1 1
297.85 0.1 1
299.83 0.1 1
301.87 0.1 1
303.77 0.1 1
305.64 0.1 1
307.72 0.1 1
309.61 0.1 1
325.64 0.1 1
327.63 0.1 1
331.43 0.1 1
333.61 0.1 1
337.46 0.1 1
341.37 0.1 1
349.29 0.1 1
355.34 0.1 1
359.36 0.1 1
361.29 0.1 1
363.17 0.1 1
365.16 0.1 1
371.28 0.1 1
375.13 0.1 1
377.13 0.1 1
385.05 0.1 1
393.02 0.1 1
394.97 0.1 1
400.94 0.1 1
402.97 0.1 1
410.79 0.1 1
412.93 0.1 1
414.83 0.1 1
424.86 0.1 1
426.7 0.1 1
438.75 0.1 1
440.62 0.1 1
442.6 0.1 1
446.62 0.1 1
448.54 0.1 1
458.44 0.1 1
462.39 0.1 1
466.41 0.1 1
468.36 0.1 1
474.33 0.1 1
480.28 0.1 1
482.22 0.1 1
484.23 0.1 1
486.32 0.1 1
492.3 0.1 1
494.22 0.1 1
496.15 0.1 1
500.12 0.1 1
504.16 0.1 1
