4.2 0.1 1
6.2 0.1 1
10.02 0.1 1
12.06 0.1 1
18.06 0.1 1
19.96 0.1 1
21.93 0.1 1
24 0.1 1
25.82 0.1 1
33.81 0.1 1
35.73 0.1 1
37.83 0.1 1
41.7 0.1 1
45.59 0.1 1
47.59 0.1 1
49.56 0.1 1
51.46 0.1 1
57.54 0.1 1
67.48 0.1 1
69.4 0.1 1
71.4 0.1 1
73.4 0.1 1
77.27 0.1 1
79.33 0.1 1
81.11 0.1 1
85.23 0.1 1
87.2 0.1 1
89.1 0.1 1
91.15 0.1 1
94.99 0.1 1
107 0.1 1
120.7 0.1 1
124.77 0.1 1
126.62 0.1 1
130.76 0.1 1
132.6 0.1 1
134.53 0.1 1
136.5 0.1 1
138.62 0.1 1
144.51 0.1 1
146.39 0.1 1
150.36 0.1 1
152.27 0.1 1
154.32 0.1 1
162.31 0.1 1
166.13 0.1 1
168.08 0.1 1
170.17 0.1 1
172.04 0.1 1
176.09 0.1 1
182.11 0.1 1
184.06 0.1 1
189.97 0.1 1
193.84 0.1 1
197.88 0.1 1
201.75 0.1 1
207.81 0.1 1
213.58 0.1 1
217.67 0.1 1
223.54 0.1 1
227.43 0.1 1
237.52 0.1 1
243.36 0.1 1
245.36 0.1 1
249.22 0.1 1
257.22 0.1 1
259.26 0.1 1
261.06 0.1 1
263.14 0.1 1
265.16 0.1 1
269.04 0.1 1
272.94 0.1 1
274.89 0.1 1
278.91 0.1 1
284.9 0.1 1
288.82 0.1 1
294.74 0.1 1
296.66 0.1 1
298.73 0.1 1
300.75 0.1 1
302.6 0.1 1
304.6 0.1 1
306.51 0.1 1
308.52 0.1 1
324.41 0.1 1
326.31 0.1 1
330.28 0.1 1
332.23 0.1 1
336.19 0.1 1
340.21 0.1 1
348.1 0.1 1
354.15 0.1 1
358.11 0.1 1
360.08 0.1 1
362.01 0.1 1
363.9 0.1 1
369.87 0.1 1
373.91 0.1 1
375.71 0.1 1
383.65 0.1 1
391.69 0.1 1
393.68 0.1 1
399.58 0.1 1
401.6 0.1 1
409.43 0.1 1
411.43 0.1 1
413.4 0.1 1
423.29 0.1 1
425.26 0.1 1
437.22 0.1 1
439.14 0.1 1
441.14 0.1 1
445.01 0.1 1
447.02 0.1 1
456.86 0.1 1
460.9 0.1 1
464.92 0.1 1
466.85 0.1 1
472.62 0.1 1
478.68 0.1 1
480.6 0.1 1
482.55 0.1 1
484.54 0.1 1
490.43 0.1 1
492.5 0.1 1
494.43 0.1 1
498.48 0.1 1
502.44 0.1 1
