4.17 0.1 1
6.21 0.1 1
10.12 0.1 1
12.06 0.1 1
18.14 0.1 1
20.04 0.1 1
21.95 0.1 1
24.08 0.1 1
25.98 0.1 1
33.9 0.1 1
35.93 0.1 1
37.82 0.1 1
41.88 0.1 1
45.94 0.1 1
47.8 0.1 1
49.79 0.1 1
51.76 0.1 1
57.77 0.1 1
67.69 0.1 1
69.75 0.1 1
71.75 0.1 1
73.58 0.1 1
77.55 0.1 1
79.56 0.1 1
81.58 0.1 1
85.5 0.1 1
87.58 0.1 1
89.59 0.1 1
91.59 0.1 1
95.52 0.1 1
107.44 0.1 1
121.33 0.1 1
125.18 0.1 1
127.2 0.1 1
131.23 0.1 1
133.22 0.1 1
135.17 0.1 1
137.12 0.1 1
139.19 0.1 1
144.96 0.1 1
147.04 0.1 1
151.01 0.1 1
152.96 0.1 1
154.94 0.1 1
162.85 0.1 1
166.8 0.1 1
168.75 0.1 1
170.78 0.1 1
172.78 0.1 1
176.8 0.1 1
182.75 0.1 1
184.75 0.1 1
190.66 0.1 1
194.62 0.1 1
198.61 0.1 1
202.68 0.1 1
208.58 0.1 1
214.4 0.1 1
218.52 0.1 1
224.45 0.1 1
228.37 0.1 1
238.29 0.1 1
244.19 0.1 1
246.13 0.1 1
250.23 0.1 1
258.15 0.1 1
260.05 0.1 1
262.15 0.1 1
263.97 0.1 1
266.08 0.1 1
269.97 0.1 1
274.02 0.1 1
276.07 0.1 1
280.02 0.1 1
285.97 0.1 1
289.89 0.1 1
295.86 0.1 1
297.78 0.1 1
299.69 0.1 1
301.68 0.1 1
303.75 0.1 1
305.65 0.1 1
307.63 0.1 1
309.6 0.1 1
325.49 0.1 1
327.5 0.1 1
331.51 0.1 1
333.46 0.1 1
337.39 0.1 1
341.44 0.1 1
349.46 0.1 1
355.43 0.1 1
359.22 0.1 1
361.35 0.1 1
363.19 0.1 1
365.32 0.1 1
371.22 0.1 1
375.19 0.1 1
377.26 0.1 1
385.01 0.1 1
392.95 0.1 1
395 0.1 1
401 0.1 1
403.05 0.1 1
410.99 0.1 1
412.94 0.1 1
414.89 0.1 1
424.72 0.1 1
426.69 0.1 1
438.7 0.1 1
440.58 0.1 1
442.7 0.1 1
446.6 0.1 1
448.55 0.1 1
458.54 0.1 1
462.54 0.1 1
466.51 0.1 1
468.32 0.1 1
474.29 0.1 1
480.43 0.1 1
482.28 0.1 1
484.19 0.1 1
486.18 0.1 1
492.31 0.1 1
494.25 0.1 1
496.18 0.1 1
500.08 0.1 1
504.2 0.1 1
