4.24 0.1 1
6.1 0.1 1
10.19 0.1 1
12.04 0.1 1
18.06 0.1 1
20.04 0.1 1
21.99 0.1 1
23.93 0.1 1
26.11 0.1 1
33.91 0.1 1
35.86 0.1 1
37.88 0.1 1
41.87 0.1 1
45.87 0.1 1
47.82 0.1 1
49.88 0.1 1
51.75 0.1 1
57.66 0.1 1
67.64 0.1 1
69.74 0.1 1
71.71 0.1 1
73.53 0.1 1
77.59 0.1 1
79.51 0.1 1
81.48 0.1 1
85.56 0.1 1
87.47 0.1 1
89.58 0.1 1
91.48 0.1 1
95.55 0.1 1
107.41 0.1 1
121.26 0.1 1
125.31 0.1 1
127.18 0.1 1
131.23 0.1 1
133.13 0.1 1
135.03 0.1 1
137.03 0.1 1
139.12 0.1 1
145.09 0.1 1
147.07 0.1 1
151.07 0.1 1
152.96 0.1 1
154.97 0.1 1
162.96 0.1 1
166.93 0.1 1
168.75 0.1 1
170.71 0.1 1
172.7 0.1 1
176.65 0.1 1
182.8 0.1 1
184.7 0.1 1
190.7 0.1 1
194.56 0.1 1
198.54 0.1 1
202.49 0.1 1
208.59 0.1 1
214.4 0.1 1
218.4 0.1 1
224.37 0.1 1
228.3 0.1 1
238.25 0.1 1
244.11 0.1 1
246.16 0.1 1
250.13 0.1 1
258.1 0.1 1
260.06 0.1 1
262.06 0.1 1
264 0.1 1
266.06 0.1 1
269.95 0.1 1
273.85 0.1 1
275.88 0.1 1
279.82 0.1 1
285.74 0.1 1
289.72 0.1 1
295.74 0.1 1
297.64 0.1 1
299.61 0.1 1
301.75 0.1 1
303.64 0.1 1
305.61 0.1 1
307.6 0.1 1
309.53 0.1 1
325.42 0.1 1
327.55 0.1 1
331.42 0.1 1
333.46 0.1 1
337.34 0.1 1
341.41 0.1 1
349.41 0.1 1
355.23 0.1 1
359.28 0.1 1
361.27 0.1 1
363.28 0.1 1
365.17 0.1 1
371.2 0.1 1
375.19 0.1 1
377.06 0.1 1
385.02 0.1 1
392.98 0.1 1
394.95 0.1 1
400.9 0.1 1
402.81 0.1 1
410.88 0.1 1
412.7 0.1 1
414.85 0.1 1
424.59 0.1 1
426.71 0.1 1
438.51 0.1 1
440.66 0.1 1
442.58 0.1 1
446.53 0.1 1
448.43 0.1 1
458.34 0.1 1
462.3 0.1 1
466.4 0.1 1
468.34 0.1 1
474.39 0.1 1
480.34 0.1 1
482.16 0.1 1
484.14 0.1 1
486.3 0.1 1
492.23 0.1 1
494.23 0.1 1
496.02 0.1 1
500.13 0.1 1
504 0.1 1
