4.16 0.1 1
6.27 0.1 1
10.09 0.1 1
12.03 0.1 1
18.04 0.1 1
20.16 0.1 1
22.11 0.1 1
24.1 0.1 1
26.01 0.1 1
33.9 0.1 1
35.85 0.1 1
37.88 0.1 1
41.8 0.1 1
45.79 0.1 1
47.8 0.1 1
49.72 0.1 1
51.77 0.1 1
57.74 0.1 1
67.61 0.1 1
69.7 0.1 1
71.56 0.1 1
73.63 0.1 1
77.7 0.1 1
79.5 0.1 1
81.65 0.1 1
85.5 0.1 1
87.48 0.1 1
89.49 0.1 1
91.4 0.1 1
95.45 0.1 1
107.26 0.1 1
121.28 0.1 1
125.23 0.1 1
127.3 0.1 1
131.2 0.1 1
133.25 0.1 1
135.05 0.1 1
137.22 0.1 1
139.07 0.1 1
145.06 0.1 1
147.02 0.1 1
151.07 0.1 1
152.91 0.1 1
155.06 0.1 1
162.88 0.1 1
166.98 0.1 1
168.81 0.1 1
170.92 0.1 1
172.8 0.1 1
176.9 0.1 1
182.82 0.1 1
184.77 0.1 1
190.62 0.1 1
194.59 0.1 1
198.56 0.1 1
202.58 0.1 1
208.45 0.1 1
214.6 0.1 1
218.55 0.1 1
224.52 0.1 1
228.34 0.1 1
238.41 0.1 1
244.24 0.1 1
246.23 0.1 1
250.13 0.1 1
258.15 0.1 1
260.15 0.1 1
262.13 0.1 1
264.15 0.1 1
266.13 0.1 1
270 0.1 1
274 0.1 1
275.99 0.1 1
280.06 0.1 1
285.84 0.1 1
289.93 0.1 1
295.75 0.1 1
297.85 0.1 1
299.8 0.1 1
301.85 0.1 1
303.71 0.1 1
305.7 0.1 1
307.67 0.1 1
309.65 0.1 1
325.56 0.1 1
327.66 0.1 1
331.61 0.1 1
333.46 0.1 1
337.54 0.1 1
341.48 0.1 1
349.31 0.1 1
355.42 0.1 1
359.37 0.1 1
361.24 0.1 1
363.22 0.1 1
365.2 0.1 1
371.14 0.1 1
375.27 0.1 1
377.29 0.1 1
385.11 0.1 1
393.08 0.1 1
394.95 0.1 1
401.08 0.1 1
403.02 0.1 1
411 0.1 1
413 0.1 1
414.97 0.1 1
424.81 0.1 1
426.83 0.1 1
438.76 0.1 1
440.7 0.1 1
442.71 0.1 1
446.73 0.1 1
448.52 0.1 1
458.45 0.1 1
462.59 0.1 1
466.54 0.1 1
468.37 0.1 1
474.41 0.1 1
480.46 0.1 1
482.31 0.1 1
484.35 0.1 1
486.31 0.1 1
492.22 0.1 1
494.22 0.1 1
496.25 0.1 1
500.1 0.1 1
504.07 0.1 1
