4.26 0.1 1
6.15 0.1 1
10.2 0.1 1
12.03 0.1 1
18.04 0.1 1
20.09 0.1 1
21.95 0.1 1
24.1 0.1 1
25.95 0.1 1
33.96 0.1 1
36.01 0.1 1
37.98 0.1 1
41.98 0.1 1
45.81 0.1 1
47.75 0.1 1
49.91 0.1 1
51.8 0.1 1
57.83 0.1 1
67.65 0.1 1
69.72 0.1 1
71.74 0.1 1
73.64 0.1 1
77.51 0.1 1
79.47 0.1 1
81.66 0.1 1
85.46 0.1 1
87.61 0.1 1
89.48 0.1 1
91.51 0.1 1
95.53 0.1 1
107.27 0.1 1
121.34 0.1 1
125.12 0.1 1
127.24 0.1 1
131.14 0.1 1
133.23 0.1 1
135.14 0.1 1
137.09 0.1 1
139.03 0.1 1
145.05 0.1 1
146.97 0.1 1
150.92 0.1 1
152.95 0.1 1
154.97 0.1 1
162.94 0.1 1
166.97 0.1 1
168.79 0.1 1
170.77 0.1 1
172.89 0.1 1
176.78 0.1 1
182.65 0.1 1
184.71 0.1 1
190.75 0.1 1
194.58 0.1 1
198.53 0.1 1
202.62 0.1 1
208.45 0.1 1
214.47 0.1 1
218.56 0.1 1
224.49 0.1 1
228.29 0.1 1
238.2 0.1 1
244.22 0.1 1
246.27 0.1 1
250.25 0.1 1
258.06 0.1 1
260.04 0.1 1
262.19 0.1 1
264.06 0.1 1
266.06 0.1 1
269.96 0.1 1
273.91 0.1 1
276.05 0.1 1
279.91 0.1 1
285.81 0.1 1
289.98 0.1 1
295.83 0.1 1
297.92 0.1 1
299.82 0.1 1
301.89 0.1 1
303.86 0.1 1
305.7 0.1 1
307.74 0.1 1
309.64 0.1 1
325.7 0.1 1
327.68 0.1 1
331.62 0.1 1
333.53 0.1 1
337.43 0.1 1
341.47 0.1 1
349.34 0.1 1
355.32 0.1 1
359.31 0.1 1
361.41 0.1 1
363.26 0.1 1
365.33 0.1 1
371.3 0.1 1
375.23 0.1 1
377.15 0.1 1
385.02 0.1 1
393.07 0.1 1
395.09 0.1 1
401.01 0.1 1
403.01 0.1 1
410.96 0.1 1
412.89 0.1 1
414.94 0.1 1
424.71 0.1 1
426.83 0.1 1
438.6 0.1 1
440.59 0.1 1
442.62 0.1 1
446.66 0.1 1
448.66 0.1 1
458.54 0.1 1
462.53 0.1 1
466.36 0.1 1
468.36 0.1 1
474.45 0.1 1
480.3 0.1 1
482.34 0.1 1
484.4 0.1 1
486.39 0.1 1
492.24 0.1 1
494.26 0.1 1
496.14 0.1 1
500.11 0.1 1
504.19 0.1 1
