4.18 0.1 1
6.25 0.1 1
10.1 0.1 1
12.07 0.1 1
18.07 0.1 1
20.01 0.1 1
22.04 0.1 1
24.11 0.1 1
25.94 0.1 1
33.93 0.1 1
35.95 0.1 1
37.98 0.1 1
41.85 0.1 1
45.85 0.1 1
47.73 0.1 1
49.83 0.1 1
51.78 0.1 1
57.8 0.1 1
67.61 0.1 1
69.72 0.1 1
71.58 0.1 1
73.53 0.1 1
77.69 0.1 1
79.56 0.1 1
81.6 0.1 1
85.58 0.1 1
87.5 0.1 1
89.55 0.1 1
91.43 0.1 1
95.47 0.1 1
107.36 0.1 1
121.24 0.1 1
125.11 0.1 1
127.16 0.1 1
131.11 0.1 1
133.16 0.1 1
135.13 0.1 1
137.22 0.1 1
139.15 0.1 1
145 0.1 1
146.97 0.1 1
150.91 0.1 1
153.02 0.1 1
155.04 0.1 1
162.99 0.1 1
166.98 0.1 1
168.83 0.1 1
170.88 0.1 1
172.88 0.1 1
176.81 0.1 1
182.72 0.1 1
184.7 0.1 1
190.74 0.1 1
194.55 0.1 1
198.69 0.1 1
202.67 0.1 1
208.56 0.1 1
214.46 0.1 1
218.48 0.1 1
224.41 0.1 1
228.35 0.1 1
238.34 0.1 1
244.21 0.1 1
246.16 0.1 1
250.11 0.1 1
258.16 0.1 1
260.08 0.1 1
262.08 0.1 1
264.2 0.1 1
266.05 0.1 1
269.95 0.1 1
273.97 0.1 1
276.03 0.1 1
279.92 0.1 1
285.8 0.1 1
289.82 0.1 1
295.91 0.1 1
297.82 0.1 1
299.83 0.1 1
301.81 0.1 1
303.73 0.1 1
305.83 0.1 1
307.66 0.1 1
309.61 0.1 1
325.57 0.1 1
327.64 0.1 1
331.55 0.1 1
333.52 0.1 1
337.52 0.1 1
341.43 0.1 1
349.31 0.1 1
355.41 0.1 1
359.33 0.1 1
361.31 0.1 1
363.23 0.1 1
365.2 0.1 1
371.15 0.1 1
375.22 0.1 1
377.24 0.1 1
385.02 0.1 1
393.04 0.1 1
394.94 0.1 1
400.98 0.1 1
402.93 0.1 1
410.82 0.1 1
412.85 0.1 1
414.83 0.1 1
424.84 0.1 1
426.81 0.1 1
438.73 0.1 1
440.74 0.1 1
442.73 0.1 1
446.7 0.1 1
448.55 0.1 1
458.52 0.1 1
462.55 0.1 1
466.54 0.1 1
468.44 0.1 1
474.47 0.1 1
480.36 0.1 1
482.33 0.1 1
484.39 0.1 1
486.21 0.1 1
492.25 0.1 1
494.28 0.1 1
496.21 0.1 1
500.18 0.1 1
504.13 0.1 1
