4.25 0.1 1
6.24 0.1 1
10.15 0.1 1
12.07 0.1 1
18.04 0.1 1
20.04 0.1 1
22.04 0.1 1
24.09 0.1 1
26.06 0.1 1
33.9 0.1 1
35.88 0.1 1
38.01 0.1 1
41.81 0.1 1
45.78 0.1 1
47.82 0.1 1
49.77 0.1 1
51.84 0.1 1
57.67 0.1 1
67.64 0.1 1
69.56 0.1 1
71.69 0.1 1
73.51 0.1 1
77.5 0.1 1
79.55 0.1 1
81.63 0.1 1
85.58 0.1 1
87.55 0.1 1
89.45 0.1 1
91.4 0.1 1
95.45 0.1 1
107.41 0.1 1
121.29 0.1 1
125.16 0.1 1
127.23 0.1 1
131.15 0.1 1
133.13 0.1 1
135.01 0.1 1
137.12 0.1 1
139 0.1 1
145.12 0.1 1
146.99 0.1 1
151.02 0.1 1
152.87 0.1 1
154.96 0.1 1
162.76 0.1 1
166.86 0.1 1
168.89 0.1 1
170.84 0.1 1
172.78 0.1 1
176.76 0.1 1
182.65 0.1 1
184.58 0.1 1
190.53 0.1 1
194.67 0.1 1
198.54 0.1 1
202.46 0.1 1
208.41 0.1 1
214.53 0.1 1
218.31 0.1 1
224.26 0.1 1
228.38 0.1 1
238.13 0.1 1
244.09 0.1 1
246.19 0.1 1
250.16 0.1 1
257.98 0.1 1
260.04 0.1 1
262.11 0.1 1
263.96 0.1 1
266.01 0.1 1
270.06 0.1 1
273.88 0.1 1
275.95 0.1 1
279.97 0.1 1
285.75 0.1 1
289.85 0.1 1
295.74 0.1 1
297.67 0.1 1
299.72 0.1 1
301.71 0.1 1
303.62 0.1 1
305.63 0.1 1
307.78 0.1 1
309.76 0.1 1
325.52 0.1 1
327.52 0.1 1
331.5 0.1 1
333.44 0.1 1
337.47 0.1 1
341.41 0.1 1
349.31 0.1 1
355.31 0.1 1
359.21 0.1 1
361.28 0.1 1
363.11 0.1 1
365.1 0.1 1
371.12 0.1 1
375.18 0.1 1
377.05 0.1 1
385.09 0.1 1
393.01 0.1 1
394.93 0.1 1
400.88 0.1 1
402.93 0.1 1
410.81 0.1 1
412.9 0.1 1
414.78 0.1 1
424.74 0.1 1
426.69 0.1 1
438.54 0.1 1
440.51 0.1 1
442.64 0.1 1
446.53 0.1 1
448.56 0.1 1
458.38 0.1 1
462.46 0.1 1
466.42 0.1 1
468.33 0.1 1
474.37 0.1 1
480.31 0.1 1
482.19 0.1 1
484.16 0.1 1
486.19 0.1 1
492.26 0.1 1
494.24 0.1 1
496.23 0.1 1
500.21 0.1 1
504.06 0.1 1
