4.16 0.1 1
6.1 0.1 1
10.08 0.1 1
12.1 0.1 1
18.17 0.1 1
19.98 0.1 1
22.05 0.1 1
24.1 0.1 1
25.94 0.1 1
34.01 0.1 1
35.96 0.1 1
37.92 0.1 1
41.88 0.1 1
45.79 0.1 1
47.84 0.1 1
49.89 0.1 1
51.84 0.1 1
57.66 0.1 1
67.72 0.1 1
69.64 0.1 1
71.69 0.1 1
73.69 0.1 1
77.64 0.1 1
79.49 0.1 1
81.51 0.1 1
85.62 0.1 1
87.47 0.1 1
89.53 0.1 1
91.56 0.1 1
95.36 0.1 1
107.33 0.1 1
121.29 0.1 1
125.24 0.1 1
127.11 0.1 1
131.21 0.1 1
133.22 0.1 1
135.19 0.1 1
137.12 0.1 1
139.14 0.1 1
145.03 0.1 1
147.06 0.1 1
151.01 0.1 1
153 0.1 1
155.05 0.1 1
162.82 0.1 1
166.82 0.1 1
168.82 0.1 1
170.89 0.1 1
172.74 0.1 1
176.72 0.1 1
182.79 0.1 1
184.71 0.1 1
190.71 0.1 1
194.6 0.1 1
198.63 0.1 1
202.45 0.1 1
208.53 0.1 1
214.47 0.1 1
218.52 0.1 1
224.44 0.1 1
228.36 0.1 1
238.31 0.1 1
244.3 0.1 1
246.08 0.1 1
250.12 0.1 1
258.12 0.1 1
260.05 0.1 1
262.09 0.1 1
263.99 0.1 1
266.07 0.1 1
270.06 0.1 1
273.92 0.1 1
275.93 0.1 1
279.88 0.1 1
285.76 0.1 1
289.88 0.1 1
295.7 0.1 1
297.7 0.1 1
299.77 0.1 1
301.67 0.1 1
303.69 0.1 1
305.74 0.1 1
307.79 0.1 1
309.7 0.1 1
325.54 0.1 1
327.44 0.1 1
331.51 0.1 1
333.46 0.1 1
337.4 0.1 1
341.5 0.1 1
349.42 0.1 1
355.34 0.1 1
359.34 0.1 1
361.27 0.1 1
363.31 0.1 1
365.32 0.1 1
371.26 0.1 1
375.16 0.1 1
377.16 0.1 1
384.98 0.1 1
392.98 0.1 1
395.02 0.1 1
400.89 0.1 1
403 0.1 1
410.84 0.1 1
412.76 0.1 1
414.84 0.1 1
424.73 0.1 1
426.68 0.1 1
438.65 0.1 1
440.53 0.1 1
442.67 0.1 1
446.47 0.1 1
448.5 0.1 1
458.51 0.1 1
462.49 0.1 1
466.38 0.1 1
468.43 0.1 1
474.35 0.1 1
480.35 0.1 1
482.18 0.1 1
484.33 0.1 1
486.27 0.1 1
492.27 0.1 1
494.24 0.1 1
496.24 0.1 1
500.14 0.1 1
504.17 0.1 1
