4.23 0.1 1
6.13 0.1 1
10.13 0.1 1
12.11 0.1 1
17.98 0.1 1
20.15 0.1 1
21.95 0.1 1
24.13 0.1 1
25.93 0.1 1
34.05 0.1 1
35.9 0.1 1
37.85 0.1 1
41.87 0.1 1
45.77 0.1 1
47.76 0.1 1
49.88 0.1 1
51.76 0.1 1
57.66 0.1 1
67.78 0.1 1
69.7 0.1 1
71.67 0.1 1
73.65 0.1 1
77.7 0.1 1
79.52 0.1 1
81.59 0.1 1
85.44 0.1 1
87.56 0.1 1
89.44 0.1 1
91.52 0.1 1
95.53 0.1 1
107.4 0.1 1
121.32 0.1 1
125.3 0.1 1
127.24 0.1 1
131.21 0.1 1
133.24 0.1 1
135.04 0.1 1
137.14 0.1 1
139.01 0.1 1
144.99 0.1 1
147.01 0.1 1
151.04 0.1 1
152.95 0.1 1
155 0.1 1
162.98 0.1 1
166.8 0.1 1
168.94 0.1 1
170.77 0.1 1
172.7 0.1 1
176.82 0.1 1
182.69 0.1 1
184.77 0.1 1
190.71 0.1 1
194.68 0.1 1
198.53 0.1 1
202.46 0.1 1
208.58 0.1 1
214.37 0.1 1
218.39 0.1 1
224.27 0.1 1
228.29 0.1 1
238.14 0.1 1
244.16 0.1 1
246.21 0.1 1
250.05 0.1 1
258.05 0.1 1
260.15 0.1 1
262.08 0.1 1
263.95 0.1 1
265.95 0.1 1
270.04 0.1 1
273.86 0.1 1
275.96 0.1 1
279.96 0.1 1
285.96 0.1 1
289.76 0.1 1
295.75 0.1 1
297.85 0.1 1
299.77 0.1 1
301.77 0.1 1
303.8 0.1 1
305.78 0.1 1
307.67 0.1 1
309.77 0.1 1
325.57 0.1 1
327.43 0.1 1
331.49 0.1 1
333.58 0.1 1
337.36 0.1 1
341.5 0.1 1
349.37 0.1 1
355.25 0.1 1
359.35 0.1 1
361.29 0.1 1
363.27 0.1 1
365.32 0.1 1
371.24 0.1 1
375.13 0.1 1
377.21 0.1 1
385 0.1 1
392.95 0.1 1
394.9 0.1 1
400.85 0.1 1
402.92 0.1 1
410.94 0.1 1
412.87 0.1 1
414.79 0.1 1
424.83 0.1 1
426.8 0.1 1
438.57 0.1 1
440.57 0.1 1
442.5 0.1 1
446.49 0.1 1
448.52 0.1 1
458.41 0.1 1
462.37 0.1 1
466.48 0.1 1
468.34 0.1 1
474.38 0.1 1
480.28 0.1 1
482.28 0.1 1
484.35 0.1 1
486.3 0.1 1
492.2 0.1 1
494.17 0.1 1
496.17 0.1 1
500.04 0.1 1
504.07 0.1 1
