4.14 0.1 1
6.28 0.1 1
10.16 0.1 1
12.1 0.1 1
18.16 0.1 1
20 0.1 1
21.95 0.1 1
24.13 0.1 1
26.12 0.1 1
34.04 0.1 1
35.91 0.1 1
37.82 0.1 1
41.81 0.1 1
45.77 0.1 1
47.76 0.1 1
49.88 0.1 1
51.73 0.1 1
57.7 0.1 1
67.77 0.1 1
69.63 0.1 1
71.72 0.1 1
73.62 0.1 1
77.67 0.1 1
79.64 0.1 1
81.59 0.1 1
85.52 0.1 1
87.54 0.1 1
89.42 0.1 1
91.39 0.1 1
95.44 0.1 1
107.43 0.1 1
121.32 0.1 1
125.32 0.1 1
127.16 0.1 1
131.27 0.1 1
133.07 0.1 1
135.04 0.1 1
137.06 0.1 1
139.13 0.1 1
145 0.1 1
147.05 0.1 1
150.98 0.1 1
153.05 0.1 1
154.88 0.1 1
162.82 0.1 1
166.8 0.1 1
168.8 0.1 1
170.87 0.1 1
172.89 0.1 1
176.71 0.1 1
182.68 0.1 1
184.64 0.1 1
190.73 0.1 1
194.61 0.1 1
198.6 0.1 1
202.52 0.1 1
208.6 0.1 1
214.42 0.1 1
218.39 0.1 1
224.37 0.1 1
228.39 0.1 1
238.28 0.1 1
244.2 0.1 1
246.15 0.1 1
250.1 0.1 1
258.14 0.1 1
260.09 0.1 1
262.09 0.1 1
264.06 0.1 1
266.16 0.1 1
269.94 0.1 1
274.04 0.1 1
275.89 0.1 1
280 0.1 1
285.93 0.1 1
289.88 0.1 1
295.8 0.1 1
297.87 0.1 1
299.8 0.1 1
301.72 0.1 1
303.7 0.1 1
305.77 0.1 1
307.65 0.1 1
309.79 0.1 1
325.63 0.1 1
327.51 0.1 1
331.56 0.1 1
333.46 0.1 1
337.52 0.1 1
341.47 0.1 1
349.35 0.1 1
355.37 0.1 1
359.24 0.1 1
361.39 0.1 1
363.19 0.1 1
365.31 0.1 1
371.18 0.1 1
375.15 0.1 1
377.11 0.1 1
385.02 0.1 1
393.1 0.1 1
395.09 0.1 1
400.94 0.1 1
403.02 0.1 1
410.91 0.1 1
412.81 0.1 1
414.81 0.1 1
424.78 0.1 1
426.7 0.1 1
438.55 0.1 1
440.69 0.1 1
442.59 0.1 1
446.52 0.1 1
448.67 0.1 1
458.56 0.1 1
462.36 0.1 1
466.36 0.1 1
468.35 0.1 1
474.47 0.1 1
480.37 0.1 1
482.39 0.1 1
484.35 0.1 1
486.24 0.1 1
492.26 0.1 1
494.19 0.1 1
496.09 0.1 1
500.16 0.1 1
504.23 0.1 1
