4.08 0.1 1
6.17 0.1 1
10.2 0.1 1
12.17 0.1 1
18.11 0.1 1
19.95 0.1 1
22.12 0.1 1
24.09 0.1 1
26.04 0.1 1
34.04 0.1 1
36.03 0.1 1
37.88 0.1 1
41.88 0.1 1
45.75 0.1 1
47.92 0.1 1
49.8 0.1 1
51.85 0.1 1
57.72 0.1 1
67.71 0.1 1
69.59 0.1 1
71.71 0.1 1
73.56 0.1 1
77.51 0.1 1
79.54 0.1 1
81.53 0.1 1
85.53 0.1 1
87.6 0.1 1
89.45 0.1 1
91.58 0.1 1
95.35 0.1 1
107.37 0.1 1
121.24 0.1 1
125.29 0.1 1
127.28 0.1 1
131.15 0.1 1
133.08 0.1 1
135.2 0.1 1
137.12 0.1 1
139.18 0.1 1
145 0.1 1
147.09 0.1 1
151.05 0.1 1
153.09 0.1 1
155 0.1 1
162.86 0.1 1
166.81 0.1 1
168.76 0.1 1
170.78 0.1 1
172.78 0.1 1
176.8 0.1 1
182.68 0.1 1
184.76 0.1 1
190.78 0.1 1
194.6 0.1 1
198.65 0.1 1
202.66 0.1 1
208.57 0.1 1
214.58 0.1 1
218.51 0.1 1
224.51 0.1 1
228.38 0.1 1
238.32 0.1 1
244.25 0.1 1
246.15 0.1 1
250.14 0.1 1
258.14 0.1 1
260.18 0.1 1
262.09 0.1 1
264.19 0.1 1
266.14 0.1 1
270.03 0.1 1
273.93 0.1 1
276 0.1 1
279.9 0.1 1
285.95 0.1 1
289.87 0.1 1
295.81 0.1 1
297.87 0.1 1
299.81 0.1 1
301.69 0.1 1
303.73 0.1 1
305.64 0.1 1
307.83 0.1 1
309.61 0.1 1
325.65 0.1 1
327.52 0.1 1
331.45 0.1 1
333.59 0.1 1
337.42 0.1 1
341.42 0.1 1
349.29 0.1 1
355.34 0.1 1
359.3 0.1 1
361.4 0.1 1
363.21 0.1 1
365.31 0.1 1
371.18 0.1 1
375.1 0.1 1
377.22 0.1 1
385.12 0.1 1
393.04 0.1 1
395.11 0.1 1
401.06 0.1 1
402.98 0.1 1
410.9 0.1 1
412.83 0.1 1
414.87 0.1 1
424.82 0.1 1
426.79 0.1 1
438.71 0.1 1
440.73 0.1 1
442.56 0.1 1
446.54 0.1 1
448.5 0.1 1
458.56 0.1 1
462.48 0.1 1
466.4 0.1 1
468.4 0.1 1
474.3 0.1 1
480.34 0.1 1
482.41 0.1 1
484.27 0.1 1
486.38 0.1 1
492.31 0.1 1
494.18 0.1 1
496.19 0.1 1
500.15 0.1 1
504.2 0.1 1
