4.28 0.1 1
6.11 0.1 1
10.11 0.1 1
12.14 0.1 1
18.15 0.1 1
20 0.1 1
22.1 0.1 1
24.08 0.1 1
25.97 0.1 1
33.92 0.1 1
35.97 0.1 1
37.95 0.1 1
41.91 0.1 1
45.84 0.1 1
47.79 0.1 1
49.76 0.1 1
51.83 0.1 1
57.86 0.1 1
67.75 0.1 1
69.65 0.1 1
71.72 0.1 1
73.6 0.1 1
77.63 0.1 1
79.58 0.1 1
81.62 0.1 1
85.44 0.1 1
87.54 0.1 1
89.61 0.1 1
91.39 0.1 1
95.36 0.1 1
107.46 0.1 1
121.2 0.1 1
125.25 0.1 1
127.1 0.1 1
131.17 0.1 1
133.14 0.1 1
135.22 0.1 1
137.21 0.1 1
139.17 0.1 1
145.11 0.1 1
146.96 0.1 1
150.91 0.1 1
152.91 0.1 1
154.93 0.1 1
162.87 0.1 1
166.9 0.1 1
168.93 0.1 1
170.8 0.1 1
172.85 0.1 1
176.87 0.1 1
182.84 0.1 1
184.76 0.1 1
190.62 0.1 1
194.66 0.1 1
198.58 0.1 1
202.65 0.1 1
208.55 0.1 1
214.52 0.1 1
218.42 0.1 1
224.47 0.1 1
228.46 0.1 1
238.19 0.1 1
244.34 0.1 1
246.23 0.1 1
250.11 0.1 1
258.15 0.1 1
260.22 0.1 1
262.17 0.1 1
264.1 0.1 1
265.97 0.1 1
270.05 0.1 1
274.11 0.1 1
275.92 0.1 1
280.02 0.1 1
286.01 0.1 1
289.86 0.1 1
295.83 0.1 1
297.71 0.1 1
299.78 0.1 1
301.8 0.1 1
303.67 0.1 1
305.77 0.1 1
307.7 0.1 1
309.69 0.1 1
325.62 0.1 1
327.47 0.1 1
331.46 0.1 1
333.59 0.1 1
337.55 0.1 1
341.36 0.1 1
349.45 0.1 1
355.44 0.1 1
359.4 0.1 1
361.22 0.1 1
363.3 0.1 1
365.2 0.1 1
371.12 0.1 1
375.19 0.1 1
377.11 0.1 1
385.06 0.1 1
393.13 0.1 1
395.12 0.1 1
401.08 0.1 1
402.97 0.1 1
410.8 0.1 1
412.81 0.1 1
414.92 0.1 1
424.69 0.1 1
426.69 0.1 1
438.73 0.1 1
440.63 0.1 1
442.63 0.1 1
446.63 0.1 1
448.57 0.1 1
458.57 0.1 1
462.57 0.1 1
466.39 0.1 1
468.49 0.1 1
474.31 0.1 1
480.28 0.1 1
482.23 0.1 1
484.36 0.1 1
486.28 0.1 1
492.2 0.1 1
494.24 0.1 1
496.2 0.1 1
500.22 0.1 1
504.07 0.1 1
