4.18 0.1 1
6.13 0.1 1
10.18 0.1 1
12.05 0.1 1
18.04 0.1 1
20.12 0.1 1
21.99 0.1 1
23.96 0.1 1
26.11 0.1 1
33.88 0.1 1
35.93 0.1 1
38.01 0.1 1
41.96 0.1 1
45.88 0.1 1
47.9 0.1 1
49.85 0.1 1
51.83 0.1 1
57.75 0.1 1
67.75 0.1 1
69.72 0.1 1
71.69 0.1 1
73.57 0.1 1
77.54 0.1 1
79.49 0.1 1
81.53 0.1 1
85.53 0.1 1
87.5 0.1 1
89.6 0.1 1
91.4 0.1 1
95.38 0.1 1
107.42 0.1 1
121.21 0.1 1
125.24 0.1 1
127.14 0.1 1
131.18 0.1 1
133.15 0.1 1
135.08 0.1 1
137 0.1 1
139.08 0.1 1
144.95 0.1 1
146.95 0.1 1
150.88 0.1 1
152.97 0.1 1
154.92 0.1 1
162.79 0.1 1
166.87 0.1 1
168.71 0.1 1
170.81 0.1 1
172.86 0.1 1
176.63 0.1 1
182.76 0.1 1
184.61 0.1 1
190.7 0.1 1
194.52 0.1 1
198.64 0.1 1
202.55 0.1 1
208.56 0.1 1
214.36 0.1 1
218.31 0.1 1
224.44 0.1 1
228.4 0.1 1
238.28 0.1 1
244.17 0.1 1
246.14 0.1 1
250.05 0.1 1
258.01 0.1 1
260.09 0.1 1
262.01 0.1 1
263.98 0.1 1
265.91 0.1 1
270.03 0.1 1
274.05 0.1 1
275.85 0.1 1
280 0.1 1
285.93 0.1 1
289.92 0.1 1
295.75 0.1 1
297.86 0.1 1
299.77 0.1 1
301.66 0.1 1
303.77 0.1 1
305.64 0.1 1
307.74 0.1 1
309.76 0.1 1
325.6 0.1 1
327.58 0.1 1
331.52 0.1 1
333.54 0.1 1
337.54 0.1 1
341.39 0.1 1
349.37 0.1 1
355.31 0.1 1
359.24 0.1 1
361.19 0.1 1
363.26 0.1 1
365.31 0.1 1
371.12 0.1 1
375.15 0.1 1
377.05 0.1 1
384.95 0.1 1
392.96 0.1 1
394.91 0.1 1
400.84 0.1 1
402.96 0.1 1
410.91 0.1 1
412.75 0.1 1
414.76 0.1 1
424.73 0.1 1
426.63 0.1 1
438.54 0.1 1
440.64 0.1 1
442.49 0.1 1
446.53 0.1 1
448.64 0.1 1
458.46 0.1 1
462.51 0.1 1
466.3 0.1 1
468.38 0.1 1
474.29 0.1 1
480.24 0.1 1
482.34 0.1 1
484.16 0.1 1
486.16 0.1 1
492.21 0.1 1
494.14 0.1 1
496.11 0.1 1
500.13 0.1 1
504.03 0.1 1
