4.24 0.1 1
6.12 0.1 1
10.19 0.1 1
12.08 0.1 1
18.16 0.1 1
20.15 0.1 1
22.01 0.1 1
24.02 0.1 1
26.05 0.1 1
34.02 0.1 1
35.94 0.1 1
38.02 0.1 1
41.94 0.1 1
45.82 0.1 1
47.91 0.1 1
49.88 0.1 1
51.81 0.1 1
57.81 0.1 1
67.6 0.1 1
69.72 0.1 1
71.63 0.1 1
73.57 0.1 1
77.69 0.1 1
79.52 0.1 1
81.65 0.1 1
85.64 0.1 1
87.57 0.1 1
89.47 0.1 1
91.54 0.1 1
95.38 0.1 1
107.28 0.1 1
121.35 0.1 1
125.15 0.1 1
127.27 0.1 1
131.24 0.1 1
133.25 0.1 1
135.22 0.1 1
137.17 0.1 1
139.17 0.1 1
145.06 0.1 1
147.13 0.1 1
151.06 0.1 1
152.91 0.1 1
154.96 0.1 1
162.85 0.1 1
166.95 0.1 1
168.94 0.1 1
170.75 0.1 1
172.72 0.1 1
176.79 0.1 1
182.69 0.1 1
184.77 0.1 1
190.74 0.1 1
194.66 0.1 1
198.56 0.1 1
202.63 0.1 1
208.52 0.1 1
214.52 0.1 1
218.54 0.1 1
224.34 0.1 1
228.42 0.1 1
238.23 0.1 1
244.15 0.1 1
246.18 0.1 1
250.1 0.1 1
258.02 0.1 1
260.02 0.1 1
262.02 0.1 1
264.15 0.1 1
266.14 0.1 1
270.11 0.1 1
273.92 0.1 1
275.87 0.1 1
279.86 0.1 1
285.96 0.1 1
289.95 0.1 1
295.81 0.1 1
297.87 0.1 1
299.87 0.1 1
301.8 0.1 1
303.77 0.1 1
305.67 0.1 1
307.7 0.1 1
309.64 0.1 1
325.58 0.1 1
327.56 0.1 1
331.5 0.1 1
333.43 0.1 1
337.55 0.1 1
341.4 0.1 1
349.38 0.1 1
355.29 0.1 1
359.34 0.1 1
361.17 0.1 1
363.19 0.1 1
365.26 0.1 1
371.16 0.1 1
375.26 0.1 1
377.21 0.1 1
385.01 0.1 1
392.98 0.1 1
394.97 0.1 1
400.87 0.1 1
402.9 0.1 1
410.79 0.1 1
412.84 0.1 1
414.93 0.1 1
424.69 0.1 1
426.68 0.1 1
438.63 0.1 1
440.67 0.1 1
442.5 0.1 1
446.62 0.1 1
448.62 0.1 1
458.42 0.1 1
462.39 0.1 1
466.48 0.1 1
468.31 0.1 1
474.26 0.1 1
480.33 0.1 1
482.33 0.1 1
484.23 0.1 1
486.17 0.1 1
492.29 0.1 1
494.22 0.1 1
496.11 0.1 1
500.06 0.1 1
504.04 0.1 1
