4.19 0.1 1
6.16 0.1 1
10.03 0.1 1
12.03 0.1 1
18.16 0.1 1
19.97 0.1 1
22.05 0.1 1
24.02 0.1 1
26.04 0.1 1
34 0.1 1
35.91 0.1 1
38.01 0.1 1
41.82 0.1 1
45.89 0.1 1
47.76 0.1 1
49.84 0.1 1
51.89 0.1 1
57.85 0.1 1
67.68 0.1 1
69.7 0.1 1
71.53 0.1 1
73.52 0.1 1
77.5 0.1 1
79.55 0.1 1
81.52 0.1 1
85.52 0.1 1
87.49 0.1 1
89.49 0.1 1
91.39 0.1 1
95.39 0.1 1
107.26 0.1 1
121.17 0.1 1
125.29 0.1 1
127.14 0.1 1
131.17 0.1 1
133.22 0.1 1
135.12 0.1 1
137.21 0.1 1
138.99 0.1 1
144.98 0.1 1
147.04 0.1 1
151.08 0.1 1
152.91 0.1 1
154.91 0.1 1
162.9 0.1 1
166.9 0.1 1
168.9 0.1 1
170.9 0.1 1
172.77 0.1 1
176.79 0.1 1
182.62 0.1 1
184.63 0.1 1
190.59 0.1 1
194.55 0.1 1
198.53 0.1 1
202.63 0.1 1
208.45 0.1 1
214.5 0.1 1
218.52 0.1 1
224.42 0.1 1
228.36 0.1 1
238.19 0.1 1
244.13 0.1 1
246.3 0.1 1
250.23 0.1 1
258.2 0.1 1
260.07 0.1 1
261.99 0.1 1
264.15 0.1 1
266.12 0.1 1
269.91 0.1 1
273.93 0.1 1
276.01 0.1 1
280.01 0.1 1
285.86 0.1 1
289.75 0.1 1
295.75 0.1 1
297.73 0.1 1
299.67 0.1 1
301.75 0.1 1
303.8 0.1 1
305.62 0.1 1
307.75 0.1 1
309.61 0.1 1
325.54 0.1 1
327.48 0.1 1
331.58 0.1 1
333.55 0.1 1
337.38 0.1 1
341.38 0.1 1
349.27 0.1 1
355.37 0.1 1
359.21 0.1 1
361.37 0.1 1
363.26 0.1 1
365.23 0.1 1
371.11 0.1 1
375.21 0.1 1
377.06 0.1 1
385.15 0.1 1
392.94 0.1 1
395.09 0.1 1
401 0.1 1
402.84 0.1 1
410.82 0.1 1
412.83 0.1 1
414.89 0.1 1
424.85 0.1 1
426.76 0.1 1
438.7 0.1 1
440.6 0.1 1
442.72 0.1 1
446.62 0.1 1
448.65 0.1 1
458.59 0.1 1
462.39 0.1 1
466.35 0.1 1
468.51 0.1 1
474.43 0.1 1
480.38 0.1 1
482.3 0.1 1
484.2 0.1 1
486.25 0.1 1
492.31 0.1 1
494.2 0.1 1
496.27 0.1 1
500.21 0.1 1
504.11 0.1 1
