4.23 0.1 1
6.1 0.1 1
10.07 0.1 1
12.18 0.1 1
18.04 0.1 1
20.1 0.1 1
21.97 0.1 1
23.94 0.1 1
25.92 0.1 1
33.96 0.1 1
36.03 0.1 1
37.83 0.1 1
41.81 0.1 1
45.81 0.1 1
47.88 0.1 1
49.72 0.1 1
51.83 0.1 1
57.84 0.1 1
67.7 0.1 1
69.74 0.1 1
71.71 0.1 1
73.61 0.1 1
77.66 0.1 1
79.64 0.1 1
81.61 0.1 1
85.46 0.1 1
87.46 0.1 1
89.45 0.1 1
91.41 0.1 1
95.47 0.1 1
107.35 0.1 1
121.19 0.1 1
125.28 0.1 1
127.23 0.1 1
131.23 0.1 1
133.23 0.1 1
135.23 0.1 1
137.1 0.1 1
139.08 0.1 1
144.98 0.1 1
147.05 0.1 1
151.09 0.1 1
153.05 0.1 1
154.87 0.1 1
162.97 0.1 1
166.78 0.1 1
168.86 0.1 1
170.84 0.1 1
172.79 0.1 1
176.73 0.1 1
182.83 0.1 1
184.81 0.1 1
190.62 0.1 1
194.62 0.1 1
198.59 0.1 1
202.66 0.1 1
208.56 0.1 1
214.41 0.1 1
218.43 0.1 1
224.35 0.1 1
228.38 0.1 1
238.2 0.1 1
244.19 0.1 1
246.29 0.1 1
250.21 0.1 1
258.03 0.1 1
260.13 0.1 1
262.09 0.1 1
264.1 0.1 1
266.1 0.1 1
270 0.1 1
273.92 0.1 1
276.02 0.1 1
279.87 0.1 1
285.95 0.1 1
289.89 0.1 1
295.77 0.1 1
297.76 0.1 1
299.79 0.1 1
301.66 0.1 1
303.68 0.1 1
305.76 0.1 1
307.78 0.1 1
309.66 0.1 1
325.47 0.1 1
327.5 0.1 1
331.44 0.1 1
333.5 0.1 1
337.37 0.1 1
341.44 0.1 1
349.28 0.1 1
355.21 0.1 1
359.21 0.1 1
361.23 0.1 1
363.18 0.1 1
365.13 0.1 1
371.27 0.1 1
375.19 0.1 1
377.17 0.1 1
385.16 0.1 1
393.11 0.1 1
395.09 0.1 1
400.94 0.1 1
402.88 0.1 1
410.77 0.1 1
412.93 0.1 1
414.77 0.1 1
424.74 0.1 1
426.65 0.1 1
438.73 0.1 1
440.69 0.1 1
442.59 0.1 1
446.66 0.1 1
448.61 0.1 1
458.52 0.1 1
462.55 0.1 1
466.35 0.1 1
468.42 0.1 1
474.34 0.1 1
480.24 0.1 1
482.33 0.1 1
484.38 0.1 1
486.23 0.1 1
492.28 0.1 1
494.21 0.1 1
496.28 0.1 1
500.15 0.1 1
504.13 0.1 1
