4.11 0.1 1
6.16 0.1 1
10.13 0.1 1
12.18 0.1 1
17.98 0.1 1
20.15 0.1 1
21.99 0.1 1
24.07 0.1 1
26.05 0.1 1
34.04 0.1 1
35.94 0.1 1
37.88 0.1 1
41.93 0.1 1
45.95 0.1 1
47.81 0.1 1
49.73 0.1 1
51.7 0.1 1
57.73 0.1 1
67.75 0.1 1
69.62 0.1 1
71.65 0.1 1
73.66 0.1 1
77.61 0.1 1
79.64 0.1 1
81.46 0.1 1
85.48 0.1 1
87.41 0.1 1
89.56 0.1 1
91.46 0.1 1
95.48 0.1 1
107.33 0.1 1
121.11 0.1 1
125.17 0.1 1
127.21 0.1 1
131.21 0.1 1
133.21 0.1 1
135.11 0.1 1
137.15 0.1 1
138.96 0.1 1
145.03 0.1 1
146.91 0.1 1
150.85 0.1 1
152.88 0.1 1
154.82 0.1 1
162.85 0.1 1
166.86 0.1 1
168.81 0.1 1
170.79 0.1 1
172.68 0.1 1
176.78 0.1 1
182.56 0.1 1
184.53 0.1 1
190.47 0.1 1
194.5 0.1 1
198.43 0.1 1
202.57 0.1 1
208.39 0.1 1
214.31 0.1 1
218.26 0.1 1
224.31 0.1 1
228.36 0.1 1
238.12 0.1 1
244.23 0.1 1
246.1 0.1 1
250.07 0.1 1
258.04 0.1 1
260.02 0.1 1
261.91 0.1 1
264.02 0.1 1
266.01 0.1 1
269.94 0.1 1
273.83 0.1 1
275.83 0.1 1
279.76 0.1 1
285.85 0.1 1
289.7 0.1 1
295.77 0.1 1
297.59 0.1 1
299.75 0.1 1
301.74 0.1 1
303.71 0.1 1
305.69 0.1 1
307.67 0.1 1
309.49 0.1 1
325.48 0.1 1
327.51 0.1 1
331.5 0.1 1
333.4 0.1 1
337.42 0.1 1
341.42 0.1 1
349.16 0.1 1
355.24 0.1 1
359.18 0.1 1
361.09 0.1 1
363.11 0.1 1
365.21 0.1 1
371.05 0.1 1
375.1 0.1 1
377.1 0.1 1
384.92 0.1 1
392.86 0.1 1
394.94 0.1 1
400.84 0.1 1
402.91 0.1 1
410.73 0.1 1
412.76 0.1 1
414.65 0.1 1
424.67 0.1 1
426.69 0.1 1
438.49 0.1 1
440.54 0.1 1
442.56 0.1 1
446.51 0.1 1
448.36 0.1 1
458.4 0.1 1
462.45 0.1 1
466.38 0.1 1
468.3 0.1 1
474.19 0.1 1
480.22 0.1 1
482.22 0.1 1
484.11 0.1 1
486.19 0.1 1
492.09 0.1 1
494.06 0.1 1
496.18 0.1 1
500.06 0.1 1
504.08 0.1 1
