4.13 0.1 1
6.26 0.1 1
10.1 0.1 1
12.08 0.1 1
18.12 0.1 1
20.07 0.1 1
21.95 0.1 1
24.1 0.1 1
26.02 0.1 1
33.96 0.1 1
35.87 0.1 1
37.84 0.1 1
41.83 0.1 1
45.93 0.1 1
47.76 0.1 1
49.9 0.1 1
51.78 0.1 1
57.68 0.1 1
67.59 0.1 1
69.59 0.1 1
71.74 0.1 1
73.64 0.1 1
77.51 0.1 1
79.67 0.1 1
81.64 0.1 1
85.51 0.1 1
87.51 0.1 1
89.53 0.1 1
91.41 0.1 1
95.51 0.1 1
107.25 0.1 1
121.32 0.1 1
125.24 0.1 1
127.11 0.1 1
131.06 0.1 1
133.09 0.1 1
135.19 0.1 1
137.04 0.1 1
139 0.1 1
145.08 0.1 1
146.91 0.1 1
150.92 0.1 1
152.98 0.1 1
154.9 0.1 1
162.82 0.1 1
166.85 0.1 1
168.74 0.1 1
170.71 0.1 1
172.69 0.1 1
176.69 0.1 1
182.78 0.1 1
184.58 0.1 1
190.7 0.1 1
194.67 0.1 1
198.48 0.1 1
202.45 0.1 1
208.57 0.1 1
214.46 0.1 1
218.31 0.1 1
224.36 0.1 1
228.28 0.1 1
238.15 0.1 1
244.08 0.1 1
246.15 0.1 1
250.17 0.1 1
258.07 0.1 1
260.04 0.1 1
261.92 0.1 1
263.94 0.1 1
265.93 0.1 1
269.86 0.1 1
273.84 0.1 1
275.86 0.1 1
279.9 0.1 1
285.9 0.1 1
289.77 0.1 1
295.69 0.1 1
297.69 0.1 1
299.75 0.1 1
301.64 0.1 1
303.61 0.1 1
305.59 0.1 1
307.54 0.1 1
309.62 0.1 1
325.56 0.1 1
327.55 0.1 1
331.4 0.1 1
333.37 0.1 1
337.42 0.1 1
341.44 0.1 1
349.22 0.1 1
355.31 0.1 1
359.21 0.1 1
361.18 0.1 1
363.21 0.1 1
365.09 0.1 1
371.2 0.1 1
375.03 0.1 1
377.13 0.1 1
384.9 0.1 1
392.82 0.1 1
394.95 0.1 1
400.77 0.1 1
402.89 0.1 1
410.74 0.1 1
412.73 0.1 1
414.73 0.1 1
424.68 0.1 1
426.55 0.1 1
438.55 0.1 1
440.62 0.1 1
442.51 0.1 1
446.49 0.1 1
448.52 0.1 1
458.3 0.1 1
462.38 0.1 1
466.36 0.1 1
468.23 0.1 1
474.18 0.1 1
480.17 0.1 1
482.22 0.1 1
484.17 0.1 1
486.11 0.1 1
492.09 0.1 1
494.01 0.1 1
496.16 0.1 1
500.04 0.1 1
504.11 0.1 1
