4.17 0.1 1
6.26 0.1 1
10.13 0.1 1
12.09 0.1 1
18.1 0.1 1
20.01 0.1 1
21.98 0.1 1
23.96 0.1 1
25.91 0.1 1
33.85 0.1 1
35.85 0.1 1
37.85 0.1 1
41.84 0.1 1
45.79 0.1 1
47.89 0.1 1
49.86 0.1 1
51.89 0.1 1
57.86 0.1 1
67.58 0.1 1
69.6 0.1 1
71.72 0.1 1
73.73 0.1 1
77.63 0.1 1
79.65 0.1 1
81.58 0.1 1
85.47 0.1 1
87.44 0.1 1
89.5 0.1 1
91.5 0.1 1
95.42 0.1 1
107.43 0.1 1
121.23 0.1 1
125.13 0.1 1
127.28 0.1 1
131.22 0.1 1
133.2 0.1 1
135.14 0.1 1
137.07 0.1 1
139.06 0.1 1
144.97 0.1 1
147.11 0.1 1
150.93 0.1 1
152.91 0.1 1
155.01 0.1 1
162.8 0.1 1
166.95 0.1 1
168.92 0.1 1
170.73 0.1 1
172.84 0.1 1
176.79 0.1 1
182.74 0.1 1
184.72 0.1 1
190.72 0.1 1
194.51 0.1 1
198.66 0.1 1
202.46 0.1 1
208.4 0.1 1
214.45 0.1 1
218.49 0.1 1
224.27 0.1 1
228.29 0.1 1
238.26 0.1 1
244.16 0.1 1
246.21 0.1 1
250.1 0.1 1
258.03 0.1 1
260.03 0.1 1
262.03 0.1 1
263.95 0.1 1
265.94 0.1 1
270.07 0.1 1
273.89 0.1 1
275.9 0.1 1
279.96 0.1 1
285.88 0.1 1
289.71 0.1 1
295.68 0.1 1
297.71 0.1 1
299.73 0.1 1
301.81 0.1 1
303.73 0.1 1
305.67 0.1 1
307.6 0.1 1
309.6 0.1 1
325.57 0.1 1
327.54 0.1 1
331.51 0.1 1
333.38 0.1 1
337.38 0.1 1
341.43 0.1 1
349.42 0.1 1
355.27 0.1 1
359.3 0.1 1
361.32 0.1 1
363.25 0.1 1
365.22 0.1 1
371.09 0.1 1
375.06 0.1 1
377.02 0.1 1
385.01 0.1 1
392.88 0.1 1
395 0.1 1
400.82 0.1 1
402.83 0.1 1
410.87 0.1 1
412.84 0.1 1
414.81 0.1 1
424.63 0.1 1
426.78 0.1 1
438.61 0.1 1
440.55 0.1 1
442.56 0.1 1
446.48 0.1 1
448.48 0.1 1
458.39 0.1 1
462.42 0.1 1
466.39 0.1 1
468.32 0.1 1
474.21 0.1 1
480.31 0.1 1
482.31 0.1 1
484.15 0.1 1
486.26 0.1 1
492.27 0.1 1
494.12 0.1 1
496.12 0.1 1
500.17 0.1 1
504.12 0.1 1
