4.28 0.1 1
6.24 0.1 1
10.09 0.1 1
12.19 0.1 1
18.14 0.1 1
20.12 0.1 1
22.06 0.1 1
24.11 0.1 1
25.98 0.1 1
33.95 0.1 1
35.93 0.1 1
37.95 0.1 1
41.85 0.1 1
45.83 0.1 1
47.73 0.1 1
49.78 0.1 1
51.8 0.1 1
57.77 0.1 1
67.69 0.1 1
69.71 0.1 1
71.72 0.1 1
73.66 0.1 1
77.64 0.1 1
79.48 0.1 1
81.53 0.1 1
85.48 0.1 1
87.58 0.1 1
89.42 0.1 1
91.48 0.1 1
95.55 0.1 1
107.37 0.1 1
121.29 0.1 1
125.24 0.1 1
127.18 0.1 1
131.15 0.1 1
133.13 0.1 1
135.08 0.1 1
137.05 0.1 1
139.17 0.1 1
144.95 0.1 1
146.94 0.1 1
151.07 0.1 1
153.04 0.1 1
155 0.1 1
162.89 0.1 1
166.88 0.1 1
168.93 0.1 1
170.88 0.1 1
172.76 0.1 1
176.88 0.1 1
182.72 0.1 1
184.72 0.1 1
190.77 0.1 1
194.65 0.1 1
198.57 0.1 1
202.66 0.1 1
208.61 0.1 1
214.39 0.1 1
218.49 0.1 1
224.46 0.1 1
228.45 0.1 1
238.38 0.1 1
244.17 0.1 1
246.17 0.1 1
250.14 0.1 1
258.14 0.1 1
260.02 0.1 1
262.08 0.1 1
264.04 0.1 1
266.04 0.1 1
270.06 0.1 1
273.96 0.1 1
275.96 0.1 1
279.88 0.1 1
285.99 0.1 1
289.97 0.1 1
295.92 0.1 1
297.92 0.1 1
299.84 0.1 1
301.76 0.1 1
303.77 0.1 1
305.84 0.1 1
307.69 0.1 1
309.64 0.1 1
325.63 0.1 1
327.5 0.1 1
331.48 0.1 1
333.55 0.1 1
337.59 0.1 1
341.5 0.1 1
349.37 0.1 1
355.43 0.1 1
359.23 0.1 1
361.38 0.1 1
363.31 0.1 1
365.23 0.1 1
371.26 0.1 1
375.25 0.1 1
377.28 0.1 1
385.05 0.1 1
393.16 0.1 1
395.14 0.1 1
401.08 0.1 1
402.96 0.1 1
410.85 0.1 1
412.85 0.1 1
414.91 0.1 1
424.75 0.1 1
426.82 0.1 1
438.77 0.1 1
440.62 0.1 1
442.64 0.1 1
446.68 0.1 1
448.64 0.1 1
458.56 0.1 1
462.6 0.1 1
466.48 0.1 1
468.52 0.1 1
474.32 0.1 1
480.45 0.1 1
482.25 0.1 1
484.27 0.1 1
486.22 0.1 1
492.32 0.1 1
494.18 0.1 1
496.21 0.1 1
500.28 0.1 1
504.26 0.1 1
