4.09 0.1 1
6.09 0.1 1
10.13 0.1 1
12.23 0.1 1
18.03 0.1 1
19.98 0.1 1
22.12 0.1 1
24.1 0.1 1
26.02 0.1 1
33.92 0.1 1
35.94 0.1 1
37.92 0.1 1
41.92 0.1 1
45.83 0.1 1
47.92 0.1 1
49.81 0.1 1
51.84 0.1 1
57.86 0.1 1
67.78 0.1 1
69.7 0.1 1
71.75 0.1 1
73.67 0.1 1
77.65 0.1 1
79.55 0.1 1
81.62 0.1 1
85.54 0.1 1
87.57 0.1 1
89.54 0.1 1
91.47 0.1 1
95.38 0.1 1
107.43 0.1 1
121.19 0.1 1
125.19 0.1 1
127.2 0.1 1
131.24 0.1 1
133.22 0.1 1
135.22 0.1 1
137.02 0.1 1
139.19 0.1 1
144.94 0.1 1
146.98 0.1 1
151.08 0.1 1
153.06 0.1 1
154.85 0.1 1
162.78 0.1 1
166.84 0.1 1
168.84 0.1 1
170.9 0.1 1
172.89 0.1 1
176.81 0.1 1
182.64 0.1 1
184.81 0.1 1
190.59 0.1 1
194.61 0.1 1
198.53 0.1 1
202.51 0.1 1
208.5 0.1 1
214.42 0.1 1
218.35 0.1 1
224.49 0.1 1
228.44 0.1 1
238.38 0.1 1
244.25 0.1 1
246.16 0.1 1
250.08 0.1 1
258.15 0.1 1
260.1 0.1 1
262.07 0.1 1
263.97 0.1 1
266.07 0.1 1
269.91 0.1 1
273.96 0.1 1
275.91 0.1 1
279.98 0.1 1
285.96 0.1 1
289.9 0.1 1
295.7 0.1 1
297.78 0.1 1
299.73 0.1 1
301.75 0.1 1
303.67 0.1 1
305.82 0.1 1
307.6 0.1 1
309.74 0.1 1
325.64 0.1 1
327.49 0.1 1
331.6 0.1 1
333.56 0.1 1
337.55 0.1 1
341.37 0.1 1
349.47 0.1 1
355.34 0.1 1
359.24 0.1 1
361.37 0.1 1
363.34 0.1 1
365.21 0.1 1
371.28 0.1 1
375.08 0.1 1
377.1 0.1 1
385.17 0.1 1
393.05 0.1 1
395.05 0.1 1
400.95 0.1 1
402.99 0.1 1
410.82 0.1 1
412.88 0.1 1
414.89 0.1 1
424.71 0.1 1
426.7 0.1 1
438.63 0.1 1
440.67 0.1 1
442.64 0.1 1
446.55 0.1 1
448.47 0.1 1
458.48 0.1 1
462.54 0.1 1
466.46 0.1 1
468.44 0.1 1
474.33 0.1 1
480.25 0.1 1
482.2 0.1 1
484.38 0.1 1
486.25 0.1 1
492.19 0.1 1
494.3 0.1 1
496.11 0.1 1
500.24 0.1 1
504.19 0.1 1
