4.24 0.1 1
6.11 0.1 1
10.08 0.1 1
12.01 0.1 1
18.07 0.1 1
19.97 0.1 1
21.94 0.1 1
23.89 0.1 1
25.84 0.1 1
33.8 0.1 1
35.85 0.1 1
37.69 0.1 1
41.78 0.1 1
45.66 0.1 1
47.57 0.1 1
49.57 0.1 1
51.5 0.1 1
57.46 0.1 1
67.44 0.1 1
69.29 0.1 1
71.42 0.1 1
73.28 0.1 1
77.16 0.1 1
79.17 0.1 1
81.15 0.1 1
85.12 0.1 1
87.04 0.1 1
89.16 0.1 1
91.04 0.1 1
95.02 0.1 1
107.01 0.1 1
120.71 0.1 1
124.8 0.1 1
126.68 0.1 1
130.68 0.1 1
132.62 0.1 1
134.57 0.1 1
136.56 0.1 1
138.46 0.1 1
144.58 0.1 1
146.48 0.1 1
150.5 0.1 1
152.36 0.1 1
154.39 0.1 1
162.35 0.1 1
166.29 0.1 1
168.26 0.1 1
170.12 0.1 1
172.03 0.1 1
176.13 0.1 1
181.95 0.1 1
184.04 0.1 1
189.94 0.1 1
193.85 0.1 1
197.74 0.1 1
201.81 0.1 1
207.66 0.1 1
213.59 0.1 1
217.52 0.1 1
223.5 0.1 1
227.53 0.1 1
237.53 0.1 1
243.41 0.1 1
245.37 0.1 1
249.37 0.1 1
257.16 0.1 1
259.21 0.1 1
261.08 0.1 1
263.07 0.1 1
264.99 0.1 1
268.99 0.1 1
272.91 0.1 1
275.06 0.1 1
278.82 0.1 1
284.82 0.1 1
288.75 0.1 1
294.8 0.1 1
296.82 0.1 1
298.69 0.1 1
300.71 0.1 1
302.56 0.1 1
304.63 0.1 1
306.63 0.1 1
308.63 0.1 1
324.38 0.1 1
326.35 0.1 1
330.27 0.1 1
332.29 0.1 1
336.16 0.1 1
340.16 0.1 1
348.02 0.1 1
354.08 0.1 1
357.95 0.1 1
359.92 0.1 1
361.97 0.1 1
363.9 0.1 1
369.89 0.1 1
373.78 0.1 1
375.85 0.1 1
383.69 0.1 1
391.57 0.1 1
393.63 0.1 1
399.46 0.1 1
401.53 0.1 1
409.53 0.1 1
411.4 0.1 1
413.44 0.1 1
423.26 0.1 1
425.3 0.1 1
437.23 0.1 1
439.05 0.1 1
441.02 0.1 1
445.05 0.1 1
446.9 0.1 1
456.98 0.1 1
460.92 0.1 1
464.84 0.1 1
466.84 0.1 1
472.73 0.1 1
478.77 0.1 1
480.57 0.1 1
482.57 0.1 1
484.49 0.1 1
490.52 0.1 1
492.5 0.1 1
494.39 0.1 1
498.42 0.1 1
502.43 0.1 1
