4.25 0.1 1
6.1 0.1 1
10.15 0.1 1
12.2 0.1 1
18 0.1 1
20.05 0.1 1
22 0.1 1
23.95 0.1 1
25.9 0.1 1
33.87 0.1 1
35.91 0.1 1
37.91 0.1 1
41.79 0.1 1
45.86 0.1 1
47.84 0.1 1
49.71 0.1 1
51.73 0.1 1
57.77 0.1 1
67.7 0.1 1
69.65 0.1 1
71.74 0.1 1
73.69 0.1 1
77.61 0.1 1
79.59 0.1 1
81.57 0.1 1
85.46 0.1 1
87.41 0.1 1
89.43 0.1 1
91.56 0.1 1
95.46 0.1 1
107.4 0.1 1
121.14 0.1 1
125.29 0.1 1
127.17 0.1 1
131.11 0.1 1
133.21 0.1 1
135.01 0.1 1
137.06 0.1 1
138.98 0.1 1
144.96 0.1 1
146.97 0.1 1
151.05 0.1 1
153 0.1 1
154.97 0.1 1
162.9 0.1 1
166.91 0.1 1
168.77 0.1 1
170.76 0.1 1
172.76 0.1 1
176.79 0.1 1
182.69 0.1 1
184.68 0.1 1
190.6 0.1 1
194.53 0.1 1
198.52 0.1 1
202.44 0.1 1
208.57 0.1 1
214.46 0.1 1
218.44 0.1 1
224.24 0.1 1
228.28 0.1 1
238.18 0.1 1
244.08 0.1 1
246.18 0.1 1
250.12 0.1 1
258.04 0.1 1
260.04 0.1 1
261.99 0.1 1
264.09 0.1 1
266.11 0.1 1
269.96 0.1 1
273.89 0.1 1
275.89 0.1 1
279.95 0.1 1
285.92 0.1 1
289.87 0.1 1
295.67 0.1 1
297.84 0.1 1
299.8 0.1 1
301.79 0.1 1
303.77 0.1 1
305.69 0.1 1
307.67 0.1 1
309.71 0.1 1
325.46 0.1 1
327.43 0.1 1
331.45 0.1 1
333.51 0.1 1
337.42 0.1 1
341.49 0.1 1
349.24 0.1 1
355.26 0.1 1
359.32 0.1 1
361.29 0.1 1
363.31 0.1 1
365.29 0.1 1
371.16 0.1 1
375.1 0.1 1
377.15 0.1 1
384.93 0.1 1
392.87 0.1 1
394.99 0.1 1
400.96 0.1 1
402.81 0.1 1
410.86 0.1 1
412.91 0.1 1
414.8 0.1 1
424.8 0.1 1
426.7 0.1 1
438.64 0.1 1
440.59 0.1 1
442.5 0.1 1
446.54 0.1 1
448.56 0.1 1
458.48 0.1 1
462.31 0.1 1
466.48 0.1 1
468.46 0.1 1
474.28 0.1 1
480.35 0.1 1
482.25 0.1 1
484.32 0.1 1
486.22 0.1 1
492.22 0.1 1
494.17 0.1 1
496.06 0.1 1
500.11 0.1 1
504.14 0.1 1
