4.26 0.1 1
6.26 0.1 1
10.2 0.1 1
12.07 0.1 1
18.12 0.1 1
20 0.1 1
22.04 0.1 1
23.94 0.1 1
25.9 0.1 1
33.89 0.1 1
35.96 0.1 1
37.88 0.1 1
41.93 0.1 1
45.76 0.1 1
47.75 0.1 1
49.73 0.1 1
51.81 0.1 1
57.82 0.1 1
67.75 0.1 1
69.72 0.1 1
71.62 0.1 1
73.57 0.1 1
77.56 0.1 1
79.58 0.1 1
81.54 0.1 1
85.53 0.1 1
87.39 0.1 1
89.38 0.1 1
91.48 0.1 1
95.45 0.1 1
107.4 0.1 1
121.24 0.1 1
125.21 0.1 1
127.14 0.1 1
131.13 0.1 1
133.09 0.1 1
135.11 0.1 1
136.98 0.1 1
138.98 0.1 1
144.92 0.1 1
147.03 0.1 1
151.03 0.1 1
152.99 0.1 1
154.97 0.1 1
162.82 0.1 1
166.86 0.1 1
168.79 0.1 1
170.78 0.1 1
172.73 0.1 1
176.73 0.1 1
182.7 0.1 1
184.78 0.1 1
190.73 0.1 1
194.52 0.1 1
198.45 0.1 1
202.6 0.1 1
208.54 0.1 1
214.32 0.1 1
218.31 0.1 1
224.43 0.1 1
228.36 0.1 1
238.3 0.1 1
244.24 0.1 1
246.24 0.1 1
250.16 0.1 1
257.98 0.1 1
260.06 0.1 1
262.04 0.1 1
263.94 0.1 1
266.03 0.1 1
270.05 0.1 1
274.01 0.1 1
275.85 0.1 1
279.87 0.1 1
285.92 0.1 1
289.75 0.1 1
295.66 0.1 1
297.81 0.1 1
299.66 0.1 1
301.62 0.1 1
303.68 0.1 1
305.59 0.1 1
307.71 0.1 1
309.68 0.1 1
325.43 0.1 1
327.44 0.1 1
331.35 0.1 1
333.35 0.1 1
337.34 0.1 1
341.47 0.1 1
349.29 0.1 1
355.19 0.1 1
359.26 0.1 1
361.31 0.1 1
363.28 0.1 1
365.08 0.1 1
371.15 0.1 1
375.14 0.1 1
377.05 0.1 1
384.96 0.1 1
392.89 0.1 1
394.89 0.1 1
400.81 0.1 1
402.9 0.1 1
410.88 0.1 1
412.88 0.1 1
414.82 0.1 1
424.79 0.1 1
426.79 0.1 1
438.61 0.1 1
440.53 0.1 1
442.63 0.1 1
446.55 0.1 1
448.61 0.1 1
458.47 0.1 1
462.34 0.1 1
466.45 0.1 1
468.37 0.1 1
474.41 0.1 1
480.23 0.1 1
482.23 0.1 1
484.31 0.1 1
486.23 0.1 1
492.26 0.1 1
494.25 0.1 1
496.06 0.1 1
500.05 0.1 1
504.08 0.1 1
