4.24 0.1 1
6.18 0.1 1
10.14 0.1 1
12.09 0.1 1
18.09 0.1 1
20.14 0.1 1
22.14 0.1 1
24.06 0.1 1
25.98 0.1 1
34.05 0.1 1
35.96 0.1 1
37.95 0.1 1
41.83 0.1 1
45.95 0.1 1
47.83 0.1 1
49.75 0.1 1
51.85 0.1 1
57.67 0.1 1
67.77 0.1 1
69.72 0.1 1
71.68 0.1 1
73.71 0.1 1
77.59 0.1 1
79.63 0.1 1
81.56 0.1 1
85.65 0.1 1
87.43 0.1 1
89.45 0.1 1
91.6 0.1 1
95.38 0.1 1
107.27 0.1 1
121.34 0.1 1
125.19 0.1 1
127.31 0.1 1
131.23 0.1 1
133.2 0.1 1
135.23 0.1 1
137.13 0.1 1
139.22 0.1 1
145.1 0.1 1
147.02 0.1 1
151.06 0.1 1
152.92 0.1 1
154.89 0.1 1
162.89 0.1 1
166.96 0.1 1
168.83 0.1 1
170.78 0.1 1
172.83 0.1 1
176.8 0.1 1
182.82 0.1 1
184.8 0.1 1
190.69 0.1 1
194.7 0.1 1
198.67 0.1 1
202.54 0.1 1
208.49 0.1 1
214.43 0.1 1
218.48 0.1 1
224.47 0.1 1
228.48 0.1 1
238.29 0.1 1
244.25 0.1 1
246.32 0.1 1
250.16 0.1 1
258.19 0.1 1
260.19 0.1 1
262.03 0.1 1
264.11 0.1 1
266.18 0.1 1
270.05 0.1 1
274.1 0.1 1
276.02 0.1 1
280.07 0.1 1
286 0.1 1
289.92 0.1 1
295.82 0.1 1
297.79 0.1 1
299.88 0.1 1
301.74 0.1 1
303.83 0.1 1
305.86 0.1 1
307.81 0.1 1
309.85 0.1 1
325.58 0.1 1
327.64 0.1 1
331.5 0.1 1
333.5 0.1 1
337.52 0.1 1
341.46 0.1 1
349.53 0.1 1
355.28 0.1 1
359.43 0.1 1
361.33 0.1 1
363.37 0.1 1
365.25 0.1 1
371.22 0.1 1
375.27 0.1 1
377.29 0.1 1
385.06 0.1 1
392.99 0.1 1
395.16 0.1 1
401.08 0.1 1
403.06 0.1 1
410.85 0.1 1
413 0.1 1
415 0.1 1
424.82 0.1 1
426.9 0.1 1
438.63 0.1 1
440.68 0.1 1
442.78 0.1 1
446.58 0.1 1
448.68 0.1 1
458.65 0.1 1
462.55 0.1 1
466.4 0.1 1
468.54 0.1 1
474.52 0.1 1
480.48 0.1 1
482.26 0.1 1
484.26 0.1 1
486.24 0.1 1
492.3 0.1 1
494.16 0.1 1
496.35 0.1 1
500.28 0.1 1
504.1 0.1 1
