4.27 0.1 1
6.27 0.1 1
10.06 0.1 1
12.03 0.1 1
18.16 0.1 1
20.03 0.1 1
22.06 0.1 1
23.96 0.1 1
25.95 0.1 1
34.03 0.1 1
35.95 0.1 1
37.98 0.1 1
41.95 0.1 1
45.94 0.1 1
47.91 0.1 1
49.91 0.1 1
51.79 0.1 1
57.81 0.1 1
67.73 0.1 1
69.63 0.1 1
71.56 0.1 1
73.58 0.1 1
77.58 0.1 1
79.63 0.1 1
81.6 0.1 1
85.48 0.1 1
87.49 0.1 1
89.42 0.1 1
91.49 0.1 1
95.39 0.1 1
107.33 0.1 1
121.27 0.1 1
125.13 0.1 1
127.23 0.1 1
131.09 0.1 1
133.09 0.1 1
135.09 0.1 1
137.09 0.1 1
139.07 0.1 1
145.06 0.1 1
146.99 0.1 1
151.01 0.1 1
152.96 0.1 1
155.04 0.1 1
162.86 0.1 1
166.8 0.1 1
168.81 0.1 1
170.87 0.1 1
172.92 0.1 1
176.82 0.1 1
182.84 0.1 1
184.71 0.1 1
190.66 0.1 1
194.74 0.1 1
198.51 0.1 1
202.59 0.1 1
208.56 0.1 1
214.41 0.1 1
218.5 0.1 1
224.34 0.1 1
228.4 0.1 1
238.24 0.1 1
244.16 0.1 1
246.14 0.1 1
250.16 0.1 1
258.11 0.1 1
260.01 0.1 1
262.08 0.1 1
264.13 0.1 1
266.05 0.1 1
270.1 0.1 1
274 0.1 1
275.99 0.1 1
279.97 0.1 1
285.87 0.1 1
289.79 0.1 1
295.93 0.1 1
297.73 0.1 1
299.73 0.1 1
301.85 0.1 1
303.8 0.1 1
305.67 0.1 1
307.83 0.1 1
309.75 0.1 1
325.65 0.1 1
327.49 0.1 1
331.54 0.1 1
333.43 0.1 1
337.43 0.1 1
341.53 0.1 1
349.31 0.1 1
355.27 0.1 1
359.3 0.1 1
361.29 0.1 1
363.19 0.1 1
365.17 0.1 1
371.25 0.1 1
375.09 0.1 1
377.16 0.1 1
385.01 0.1 1
393.13 0.1 1
395.01 0.1 1
401 0.1 1
403.05 0.1 1
410.8 0.1 1
412.92 0.1 1
414.84 0.1 1
424.86 0.1 1
426.82 0.1 1
438.61 0.1 1
440.61 0.1 1
442.65 0.1 1
446.51 0.1 1
448.53 0.1 1
458.5 0.1 1
462.39 0.1 1
466.46 0.1 1
468.42 0.1 1
474.41 0.1 1
480.39 0.1 1
482.39 0.1 1
484.23 0.1 1
486.35 0.1 1
492.26 0.1 1
494.2 0.1 1
496.25 0.1 1
500.29 0.1 1
504.09 0.1 1
