4.2 0.1 1
6.15 0.1 1
10.07 0.1 1
12.11 0.1 1
18.16 0.1 1
19.99 0.1 1
21.96 0.1 1
24.08 0.1 1
25.96 0.1 1
33.88 0.1 1
35.87 0.1 1
38.02 0.1 1
41.87 0.1 1
45.75 0.1 1
47.84 0.1 1
49.79 0.1 1
51.74 0.1 1
57.76 0.1 1
67.69 0.1 1
69.59 0.1 1
71.69 0.1 1
73.64 0.1 1
77.58 0.1 1
79.66 0.1 1
81.56 0.1 1
85.48 0.1 1
87.58 0.1 1
89.58 0.1 1
91.42 0.1 1
95.54 0.1 1
107.31 0.1 1
121.18 0.1 1
125.16 0.1 1
127.2 0.1 1
131.22 0.1 1
133.22 0.1 1
135.2 0.1 1
137.12 0.1 1
139.1 0.1 1
145.1 0.1 1
146.96 0.1 1
150.94 0.1 1
153.03 0.1 1
155.04 0.1 1
162.96 0.1 1
166.85 0.1 1
168.91 0.1 1
170.87 0.1 1
172.78 0.1 1
176.72 0.1 1
182.75 0.1 1
184.64 0.1 1
190.71 0.1 1
194.61 0.1 1
198.69 0.1 1
202.61 0.1 1
208.61 0.1 1
214.45 0.1 1
218.5 0.1 1
224.3 0.1 1
228.4 0.1 1
238.29 0.1 1
244.12 0.1 1
246.21 0.1 1
250.08 0.1 1
258.03 0.1 1
260.11 0.1 1
262.17 0.1 1
264.13 0.1 1
265.98 0.1 1
269.99 0.1 1
274.07 0.1 1
275.92 0.1 1
279.94 0.1 1
285.79 0.1 1
289.81 0.1 1
295.71 0.1 1
297.75 0.1 1
299.69 0.1 1
301.66 0.1 1
303.66 0.1 1
305.75 0.1 1
307.63 0.1 1
309.68 0.1 1
325.67 0.1 1
327.49 0.1 1
331.51 0.1 1
333.56 0.1 1
337.54 0.1 1
341.46 0.1 1
349.38 0.1 1
355.35 0.1 1
359.2 0.1 1
361.3 0.1 1
363.34 0.1 1
365.29 0.1 1
371.14 0.1 1
375.17 0.1 1
377.11 0.1 1
385.11 0.1 1
393.11 0.1 1
394.98 0.1 1
401 0.1 1
403.02 0.1 1
410.99 0.1 1
412.87 0.1 1
414.89 0.1 1
424.68 0.1 1
426.68 0.1 1
438.65 0.1 1
440.66 0.1 1
442.71 0.1 1
446.58 0.1 1
448.63 0.1 1
458.42 0.1 1
462.52 0.1 1
466.47 0.1 1
468.41 0.1 1
474.31 0.1 1
480.43 0.1 1
482.4 0.1 1
484.21 0.1 1
486.3 0.1 1
492.25 0.1 1
494.17 0.1 1
496.22 0.1 1
500.2 0.1 1
504.09 0.1 1
