4.21 0.1 1
6.09 0.1 1
10.16 0.1 1
12.13 0.1 1
18.05 0.1 1
20.15 0.1 1
22.03 0.1 1
24.07 0.1 1
26.02 0.1 1
33.95 0.1 1
35.87 0.1 1
37.9 0.1 1
41.91 0.1 1
45.91 0.1 1
47.89 0.1 1
49.76 0.1 1
51.91 0.1 1
57.7 0.1 1
67.61 0.1 1
69.72 0.1 1
71.63 0.1 1
73.65 0.1 1
77.65 0.1 1
79.64 0.1 1
81.67 0.1 1
85.61 0.1 1
87.59 0.1 1
89.56 0.1 1
91.51 0.1 1
95.53 0.1 1
107.28 0.1 1
121.35 0.1 1
125.32 0.1 1
127.25 0.1 1
131.22 0.1 1
133.14 0.1 1
135.19 0.1 1
137.14 0.1 1
139.16 0.1 1
144.98 0.1 1
147.04 0.1 1
151.1 0.1 1
152.95 0.1 1
155.03 0.1 1
162.9 0.1 1
166.84 0.1 1
168.8 0.1 1
170.85 0.1 1
172.8 0.1 1
176.85 0.1 1
182.81 0.1 1
184.74 0.1 1
190.56 0.1 1
194.63 0.1 1
198.66 0.1 1
202.58 0.1 1
208.48 0.1 1
214.47 0.1 1
218.4 0.1 1
224.46 0.1 1
228.46 0.1 1
238.28 0.1 1
244.26 0.1 1
246.21 0.1 1
250.1 0.1 1
258.2 0.1 1
260.09 0.1 1
262.07 0.1 1
263.97 0.1 1
266 0.1 1
270.04 0.1 1
274.01 0.1 1
275.98 0.1 1
279.93 0.1 1
285.8 0.1 1
289.81 0.1 1
295.83 0.1 1
297.8 0.1 1
299.77 0.1 1
301.83 0.1 1
303.67 0.1 1
305.72 0.1 1
307.75 0.1 1
309.7 0.1 1
325.56 0.1 1
327.48 0.1 1
331.56 0.1 1
333.45 0.1 1
337.43 0.1 1
341.42 0.1 1
349.32 0.1 1
355.27 0.1 1
359.24 0.1 1
361.27 0.1 1
363.21 0.1 1
365.19 0.1 1
371.26 0.1 1
375.11 0.1 1
377.06 0.1 1
385.2 0.1 1
393.04 0.1 1
395.04 0.1 1
401.04 0.1 1
402.92 0.1 1
410.91 0.1 1
412.93 0.1 1
414.94 0.1 1
424.71 0.1 1
426.85 0.1 1
438.62 0.1 1
440.74 0.1 1
442.65 0.1 1
446.64 0.1 1
448.59 0.1 1
458.48 0.1 1
462.54 0.1 1
466.43 0.1 1
468.53 0.1 1
474.4 0.1 1
480.27 0.1 1
482.27 0.1 1
484.22 0.1 1
486.39 0.1 1
492.22 0.1 1
494.24 0.1 1
496.31 0.1 1
500.12 0.1 1
504.09 0.1 1
