4.26 0.1 1
6.26 0.1 1
10.09 0.1 1
12.18 0.1 1
18.03 0.1 1
20.01 0.1 1
21.96 0.1 1
24.01 0.1 1
25.93 0.1 1
33.92 0.1 1
36.02 0.1 1
37.9 0.1 1
41.84 0.1 1
45.77 0.1 1
47.77 0.1 1
49.92 0.1 1
51.77 0.1 1
57.68 0.1 1
67.71 0.1 1
69.6 0.1 1
71.63 0.1 1
73.63 0.1 1
77.57 0.1 1
79.53 0.1 1
81.58 0.1 1
85.52 0.1 1
87.5 0.1 1
89.52 0.1 1
91.57 0.1 1
95.39 0.1 1
107.26 0.1 1
121.28 0.1 1
125.22 0.1 1
127.15 0.1 1
131.15 0.1 1
133.2 0.1 1
135.1 0.1 1
137.14 0.1 1
139.16 0.1 1
144.99 0.1 1
147.01 0.1 1
150.89 0.1 1
153.04 0.1 1
154.88 0.1 1
162.78 0.1 1
166.78 0.1 1
168.92 0.1 1
170.8 0.1 1
172.87 0.1 1
176.79 0.1 1
182.69 0.1 1
184.67 0.1 1
190.62 0.1 1
194.61 0.1 1
198.56 0.1 1
202.65 0.1 1
208.55 0.1 1
214.53 0.1 1
218.48 0.1 1
224.29 0.1 1
228.29 0.1 1
238.26 0.1 1
244.24 0.1 1
246.29 0.1 1
250.16 0.1 1
258.01 0.1 1
259.98 0.1 1
262.02 0.1 1
264.08 0.1 1
265.99 0.1 1
269.97 0.1 1
273.87 0.1 1
275.87 0.1 1
279.82 0.1 1
285.91 0.1 1
289.83 0.1 1
295.85 0.1 1
297.75 0.1 1
299.71 0.1 1
301.63 0.1 1
303.58 0.1 1
305.77 0.1 1
307.7 0.1 1
309.6 0.1 1
325.57 0.1 1
327.47 0.1 1
331.52 0.1 1
333.38 0.1 1
337.39 0.1 1
341.44 0.1 1
349.33 0.1 1
355.35 0.1 1
359.22 0.1 1
361.2 0.1 1
363.2 0.1 1
365.25 0.1 1
371.07 0.1 1
375.04 0.1 1
377.18 0.1 1
384.98 0.1 1
392.88 0.1 1
394.96 0.1 1
400.97 0.1 1
402.85 0.1 1
410.85 0.1 1
412.85 0.1 1
414.86 0.1 1
424.61 0.1 1
426.64 0.1 1
438.6 0.1 1
440.66 0.1 1
442.58 0.1 1
446.52 0.1 1
448.43 0.1 1
458.5 0.1 1
462.37 0.1 1
466.39 0.1 1
468.42 0.1 1
474.29 0.1 1
480.25 0.1 1
482.2 0.1 1
484.18 0.1 1
486.21 0.1 1
492.15 0.1 1
494.08 0.1 1
496.22 0.1 1
500.14 0.1 1
503.95 0.1 1
