4.16 0.1 1
6.24 0.1 1
9.99 0.1 1
12.05 0.1 1
18.04 0.1 1
19.94 0.1 1
21.84 0.1 1
23.94 0.1 1
25.83 0.1 1
33.75 0.1 1
35.85 0.1 1
37.72 0.1 1
41.64 0.1 1
45.71 0.1 1
47.58 0.1 1
49.5 0.1 1
51.57 0.1 1
57.44 0.1 1
67.3 0.1 1
69.41 0.1 1
71.26 0.1 1
73.28 0.1 1
77.26 0.1 1
79.33 0.1 1
81.25 0.1 1
85.2 0.1 1
87.06 0.1 1
89.14 0.1 1
90.98 0.1 1
95.01 0.1 1
106.88 0.1 1
120.84 0.1 1
124.71 0.1 1
126.63 0.1 1
130.68 0.1 1
132.59 0.1 1
134.59 0.1 1
136.66 0.1 1
138.46 0.1 1
144.5 0.1 1
146.38 0.1 1
150.34 0.1 1
152.34 0.1 1
154.29 0.1 1
162.17 0.1 1
166.29 0.1 1
168.29 0.1 1
170.12 0.1 1
172.16 0.1 1
176.06 0.1 1
182.09 0.1 1
183.94 0.1 1
189.96 0.1 1
193.8 0.1 1
197.85 0.1 1
201.79 0.1 1
207.81 0.1 1
213.7 0.1 1
217.69 0.1 1
223.61 0.1 1
227.6 0.1 1
237.34 0.1 1
243.47 0.1 1
245.33 0.1 1
249.27 0.1 1
257.13 0.1 1
259.21 0.1 1
261.12 0.1 1
263.12 0.1 1
265.07 0.1 1
268.94 0.1 1
272.93 0.1 1
275 0.1 1
279.02 0.1 1
284.87 0.1 1
288.86 0.1 1
294.7 0.1 1
296.82 0.1 1
298.7 0.1 1
300.72 0.1 1
302.56 0.1 1
304.66 0.1 1
306.53 0.1 1
308.63 0.1 1
324.46 0.1 1
326.27 0.1 1
330.4 0.1 1
332.2 0.1 1
336.18 0.1 1
340.11 0.1 1
348.04 0.1 1
354.13 0.1 1
358.08 0.1 1
360.02 0.1 1
361.92 0.1 1
363.84 0.1 1
369.89 0.1 1
373.75 0.1 1
375.77 0.1 1
383.77 0.1 1
391.7 0.1 1
393.67 0.1 1
399.47 0.1 1
401.49 0.1 1
409.45 0.1 1
411.33 0.1 1
413.44 0.1 1
423.36 0.1 1
425.28 0.1 1
437.21 0.1 1
439.08 0.1 1
441.03 0.1 1
445.09 0.1 1
446.95 0.1 1
456.87 0.1 1
460.87 0.1 1
464.84 0.1 1
466.79 0.1 1
472.68 0.1 1
478.77 0.1 1
480.64 0.1 1
482.59 0.1 1
484.49 0.1 1
490.53 0.1 1
492.58 0.1 1
494.4 0.1 1
498.32 0.1 1
502.26 0.1 1
