4.19 0.1 1
6.18 0.1 1
10.24 0.1 1
12.1 0.1 1
18.08 0.1 1
19.98 0.1 1
21.97 0.1 1
24.08 0.1 1
26.12 0.1 1
34.04 0.1 1
35.89 0.1 1
37.95 0.1 1
41.81 0.1 1
45.76 0.1 1
47.89 0.1 1
49.84 0.1 1
51.81 0.1 1
57.8 0.1 1
67.75 0.1 1
69.72 0.1 1
71.57 0.1 1
73.67 0.1 1
77.57 0.1 1
79.52 0.1 1
81.47 0.1 1
85.57 0.1 1
87.59 0.1 1
89.47 0.1 1
91.39 0.1 1
95.53 0.1 1
107.33 0.1 1
121.17 0.1 1
125.27 0.1 1
127.09 0.1 1
131.16 0.1 1
133.14 0.1 1
135.07 0.1 1
137.02 0.1 1
139.04 0.1 1
144.96 0.1 1
147.03 0.1 1
150.88 0.1 1
153 0.1 1
155.03 0.1 1
162.8 0.1 1
166.85 0.1 1
168.75 0.1 1
170.77 0.1 1
172.84 0.1 1
176.67 0.1 1
182.72 0.1 1
184.71 0.1 1
190.56 0.1 1
194.64 0.1 1
198.66 0.1 1
202.48 0.1 1
208.57 0.1 1
214.37 0.1 1
218.37 0.1 1
224.27 0.1 1
228.41 0.1 1
238.28 0.1 1
244.26 0.1 1
246.21 0.1 1
250.08 0.1 1
258.05 0.1 1
260.1 0.1 1
261.94 0.1 1
264.09 0.1 1
266.05 0.1 1
269.9 0.1 1
273.97 0.1 1
275.99 0.1 1
279.96 0.1 1
285.74 0.1 1
289.71 0.1 1
295.71 0.1 1
297.7 0.1 1
299.8 0.1 1
301.7 0.1 1
303.58 0.1 1
305.67 0.1 1
307.72 0.1 1
309.65 0.1 1
325.47 0.1 1
327.51 0.1 1
331.38 0.1 1
333.34 0.1 1
337.36 0.1 1
341.33 0.1 1
349.3 0.1 1
355.2 0.1 1
359.32 0.1 1
361.32 0.1 1
363.14 0.1 1
365.17 0.1 1
371.06 0.1 1
375.19 0.1 1
377.03 0.1 1
384.96 0.1 1
393.01 0.1 1
394.93 0.1 1
400.98 0.1 1
402.92 0.1 1
410.72 0.1 1
412.9 0.1 1
414.71 0.1 1
424.78 0.1 1
426.61 0.1 1
438.56 0.1 1
440.68 0.1 1
442.48 0.1 1
446.58 0.1 1
448.6 0.1 1
458.42 0.1 1
462.36 0.1 1
466.29 0.1 1
468.34 0.1 1
474.23 0.1 1
480.31 0.1 1
482.33 0.1 1
484.13 0.1 1
486.18 0.1 1
492.15 0.1 1
494.12 0.1 1
496.15 0.1 1
500.12 0.1 1
504.07 0.1 1
