4.29 0.1 1
6.22 0.1 1
10.04 0.1 1
12.13 0.1 1
18.11 0.1 1
20.06 0.1 1
22.01 0.1 1
24.11 0.1 1
25.92 0.1 1
33.85 0.1 1
35.99 0.1 1
37.82 0.1 1
41.79 0.1 1
45.84 0.1 1
47.86 0.1 1
49.89 0.1 1
51.76 0.1 1
57.78 0.1 1
67.63 0.1 1
69.58 0.1 1
71.58 0.1 1
73.68 0.1 1
77.55 0.1 1
79.6 0.1 1
81.57 0.1 1
85.52 0.1 1
87.47 0.1 1
89.41 0.1 1
91.39 0.1 1
95.51 0.1 1
107.43 0.1 1
121.23 0.1 1
125.14 0.1 1
127.29 0.1 1
131.07 0.1 1
133.09 0.1 1
135.16 0.1 1
137.12 0.1 1
139.12 0.1 1
145.09 0.1 1
147.09 0.1 1
150.91 0.1 1
152.91 0.1 1
154.98 0.1 1
163.02 0.1 1
166.85 0.1 1
168.95 0.1 1
170.84 0.1 1
172.79 0.1 1
176.82 0.1 1
182.77 0.1 1
184.77 0.1 1
190.78 0.1 1
194.69 0.1 1
198.61 0.1 1
202.58 0.1 1
208.55 0.1 1
214.4 0.1 1
218.52 0.1 1
224.47 0.1 1
228.29 0.1 1
238.21 0.1 1
244.25 0.1 1
246.3 0.1 1
250.16 0.1 1
258.19 0.1 1
260.24 0.1 1
262.17 0.1 1
264.04 0.1 1
266.14 0.1 1
269.99 0.1 1
274.12 0.1 1
276.06 0.1 1
280.01 0.1 1
286.03 0.1 1
289.91 0.1 1
295.88 0.1 1
297.85 0.1 1
299.83 0.1 1
301.75 0.1 1
303.74 0.1 1
305.7 0.1 1
307.74 0.1 1
309.64 0.1 1
325.58 0.1 1
327.58 0.1 1
331.6 0.1 1
333.48 0.1 1
337.55 0.1 1
341.43 0.1 1
349.44 0.1 1
355.4 0.1 1
359.4 0.1 1
361.36 0.1 1
363.34 0.1 1
365.31 0.1 1
371.29 0.1 1
375.31 0.1 1
377.26 0.1 1
385.23 0.1 1
393.02 0.1 1
395.13 0.1 1
401 0.1 1
403 0.1 1
411.02 0.1 1
413.01 0.1 1
414.99 0.1 1
424.88 0.1 1
426.75 0.1 1
438.68 0.1 1
440.74 0.1 1
442.69 0.1 1
446.67 0.1 1
448.61 0.1 1
458.61 0.1 1
462.46 0.1 1
466.49 0.1 1
468.43 0.1 1
474.38 0.1 1
480.32 0.1 1
482.42 0.1 1
484.43 0.1 1
486.38 0.1 1
492.24 0.1 1
494.31 0.1 1
496.31 0.1 1
500.31 0.1 1
504.21 0.1 1
