4.26 0.1 1
6.26 0.1 1
10.16 0.1 1
12.12 0.1 1
18.04 0.1 1
20.1 0.1 1
21.99 0.1 1
24.05 0.1 1
26.09 0.1 1
33.91 0.1 1
36.01 0.1 1
37.96 0.1 1
41.83 0.1 1
45.78 0.1 1
47.85 0.1 1
49.9 0.1 1
51.76 0.1 1
57.8 0.1 1
67.69 0.1 1
69.57 0.1 1
71.64 0.1 1
73.62 0.1 1
77.51 0.1 1
79.51 0.1 1
81.58 0.1 1
85.56 0.1 1
87.56 0.1 1
89.48 0.1 1
91.58 0.1 1
95.51 0.1 1
107.42 0.1 1
121.26 0.1 1
125.11 0.1 1
127.19 0.1 1
131.14 0.1 1
133.14 0.1 1
135.08 0.1 1
137.18 0.1 1
138.98 0.1 1
145 0.1 1
147.1 0.1 1
151.02 0.1 1
153.03 0.1 1
154.87 0.1 1
162.99 0.1 1
166.82 0.1 1
168.81 0.1 1
170.74 0.1 1
172.69 0.1 1
176.86 0.1 1
182.59 0.1 1
184.65 0.1 1
190.55 0.1 1
194.68 0.1 1
198.59 0.1 1
202.57 0.1 1
208.44 0.1 1
214.42 0.1 1
218.36 0.1 1
224.44 0.1 1
228.38 0.1 1
238.18 0.1 1
244.3 0.1 1
246.09 0.1 1
250.14 0.1 1
258.12 0.1 1
259.99 0.1 1
262.09 0.1 1
263.99 0.1 1
265.98 0.1 1
270.09 0.1 1
273.9 0.1 1
275.85 0.1 1
279.87 0.1 1
285.88 0.1 1
289.92 0.1 1
295.75 0.1 1
297.77 0.1 1
299.79 0.1 1
301.77 0.1 1
303.81 0.1 1
305.59 0.1 1
307.71 0.1 1
309.73 0.1 1
325.58 0.1 1
327.53 0.1 1
331.55 0.1 1
333.38 0.1 1
337.4 0.1 1
341.42 0.1 1
349.44 0.1 1
355.33 0.1 1
359.29 0.1 1
361.31 0.1 1
363.14 0.1 1
365.2 0.1 1
371.25 0.1 1
375.08 0.1 1
377.12 0.1 1
384.97 0.1 1
393.02 0.1 1
395.06 0.1 1
400.98 0.1 1
402.81 0.1 1
410.93 0.1 1
412.83 0.1 1
414.91 0.1 1
424.79 0.1 1
426.77 0.1 1
438.71 0.1 1
440.67 0.1 1
442.54 0.1 1
446.64 0.1 1
448.63 0.1 1
458.43 0.1 1
462.53 0.1 1
466.37 0.1 1
468.48 0.1 1
474.25 0.1 1
480.24 0.1 1
482.31 0.1 1
484.16 0.1 1
486.34 0.1 1
492.26 0.1 1
494.24 0.1 1
496.06 0.1 1
500.23 0.1 1
504.05 0.1 1
