4.28 0.1 1
6.15 0.1 1
10.1 0.1 1
12.21 0.1 1
18.08 0.1 1
20.12 0.1 1
21.93 0.1 1
23.97 0.1 1
26.07 0.1 1
33.91 0.1 1
35.97 0.1 1
38.01 0.1 1
41.91 0.1 1
45.88 0.1 1
47.83 0.1 1
49.71 0.1 1
51.83 0.1 1
57.72 0.1 1
67.64 0.1 1
69.65 0.1 1
71.6 0.1 1
73.65 0.1 1
77.56 0.1 1
79.67 0.1 1
81.46 0.1 1
85.56 0.1 1
87.44 0.1 1
89.39 0.1 1
91.49 0.1 1
95.51 0.1 1
107.38 0.1 1
121.17 0.1 1
125.17 0.1 1
127.22 0.1 1
131.12 0.1 1
133.21 0.1 1
135.06 0.1 1
137.13 0.1 1
139.13 0.1 1
145.15 0.1 1
147.13 0.1 1
151.08 0.1 1
152.9 0.1 1
154.87 0.1 1
162.89 0.1 1
166.89 0.1 1
168.96 0.1 1
170.76 0.1 1
172.77 0.1 1
176.71 0.1 1
182.65 0.1 1
184.78 0.1 1
190.73 0.1 1
194.6 0.1 1
198.53 0.1 1
202.52 0.1 1
208.52 0.1 1
214.49 0.1 1
218.47 0.1 1
224.38 0.1 1
228.29 0.1 1
238.25 0.1 1
244.15 0.1 1
246.24 0.1 1
250.1 0.1 1
258.02 0.1 1
260.04 0.1 1
262.17 0.1 1
264.16 0.1 1
266.07 0.1 1
269.96 0.1 1
273.89 0.1 1
276 0.1 1
279.91 0.1 1
285.88 0.1 1
289.78 0.1 1
295.79 0.1 1
297.84 0.1 1
299.72 0.1 1
301.74 0.1 1
303.81 0.1 1
305.72 0.1 1
307.77 0.1 1
309.71 0.1 1
325.63 0.1 1
327.45 0.1 1
331.53 0.1 1
333.48 0.1 1
337.42 0.1 1
341.4 0.1 1
349.39 0.1 1
355.32 0.1 1
359.38 0.1 1
361.24 0.1 1
363.24 0.1 1
365.18 0.1 1
371.3 0.1 1
375.1 0.1 1
377.08 0.1 1
385.1 0.1 1
393.11 0.1 1
394.91 0.1 1
401.06 0.1 1
402.84 0.1 1
410.98 0.1 1
412.88 0.1 1
414.83 0.1 1
424.7 0.1 1
426.67 0.1 1
438.71 0.1 1
440.59 0.1 1
442.59 0.1 1
446.66 0.1 1
448.58 0.1 1
458.56 0.1 1
462.36 0.1 1
466.35 0.1 1
468.4 0.1 1
474.45 0.1 1
480.27 0.1 1
482.37 0.1 1
484.26 0.1 1
486.36 0.1 1
492.18 0.1 1
494.19 0.1 1
496.21 0.1 1
500.13 0.1 1
504.16 0.1 1
