4.08 0.1 1
6.16 0.1 1
10.15 0.1 1
12.06 0.1 1
18.08 0.1 1
20 0.1 1
22.1 0.1 1
24.04 0.1 1
26.05 0.1 1
33.92 0.1 1
35.91 0.1 1
37.96 0.1 1
41.96 0.1 1
45.89 0.1 1
47.76 0.1 1
49.9 0.1 1
51.9 0.1 1
57.72 0.1 1
67.6 0.1 1
69.57 0.1 1
71.7 0.1 1
73.64 0.1 1
77.66 0.1 1
79.52 0.1 1
81.54 0.1 1
85.61 0.1 1
87.53 0.1 1
89.59 0.1 1
91.51 0.1 1
95.53 0.1 1
107.33 0.1 1
121.25 0.1 1
125.24 0.1 1
127.16 0.1 1
131.06 0.1 1
133.12 0.1 1
135.07 0.1 1
137.19 0.1 1
139.04 0.1 1
145.08 0.1 1
147.08 0.1 1
150.91 0.1 1
152.93 0.1 1
155 0.1 1
162.8 0.1 1
166.97 0.1 1
168.89 0.1 1
170.87 0.1 1
172.72 0.1 1
176.71 0.1 1
182.68 0.1 1
184.79 0.1 1
190.78 0.1 1
194.55 0.1 1
198.68 0.1 1
202.65 0.1 1
208.5 0.1 1
214.39 0.1 1
218.52 0.1 1
224.32 0.1 1
228.29 0.1 1
238.26 0.1 1
244.28 0.1 1
246.28 0.1 1
250.23 0.1 1
258.09 0.1 1
260.02 0.1 1
262 0.1 1
264.12 0.1 1
266.06 0.1 1
269.94 0.1 1
274.11 0.1 1
275.93 0.1 1
279.99 0.1 1
285.81 0.1 1
289.88 0.1 1
295.82 0.1 1
297.73 0.1 1
299.73 0.1 1
301.8 0.1 1
303.8 0.1 1
305.65 0.1 1
307.65 0.1 1
309.62 0.1 1
325.56 0.1 1
327.53 0.1 1
331.64 0.1 1
333.46 0.1 1
337.56 0.1 1
341.37 0.1 1
349.47 0.1 1
355.25 0.1 1
359.37 0.1 1
361.31 0.1 1
363.36 0.1 1
365.17 0.1 1
371.13 0.1 1
375.14 0.1 1
377.19 0.1 1
385.08 0.1 1
393.08 0.1 1
394.94 0.1 1
400.92 0.1 1
403.04 0.1 1
410.94 0.1 1
412.81 0.1 1
414.84 0.1 1
424.69 0.1 1
426.83 0.1 1
438.7 0.1 1
440.65 0.1 1
442.69 0.1 1
446.69 0.1 1
448.55 0.1 1
458.52 0.1 1
462.39 0.1 1
466.46 0.1 1
468.48 0.1 1
474.46 0.1 1
480.4 0.1 1
482.32 0.1 1
484.4 0.1 1
486.33 0.1 1
492.24 0.1 1
494.32 0.1 1
496.12 0.1 1
500.24 0.1 1
504.09 0.1 1
