4.19 0.1 1
6.24 0.1 1
10.14 0.1 1
12.11 0.1 1
18.15 0.1 1
20.12 0.1 1
22.08 0.1 1
23.93 0.1 1
25.92 0.1 1
33.9 0.1 1
35.94 0.1 1
37.89 0.1 1
41.99 0.1 1
45.81 0.1 1
47.74 0.1 1
49.79 0.1 1
51.89 0.1 1
57.81 0.1 1
67.77 0.1 1
69.62 0.1 1
71.62 0.1 1
73.58 0.1 1
77.57 0.1 1
79.6 0.1 1
81.66 0.1 1
85.49 0.1 1
87.62 0.1 1
89.46 0.1 1
91.58 0.1 1
95.49 0.1 1
107.45 0.1 1
121.24 0.1 1
125.2 0.1 1
127.16 0.1 1
131.27 0.1 1
133.26 0.1 1
135.09 0.1 1
137.06 0.1 1
139.13 0.1 1
145.13 0.1 1
147.03 0.1 1
151.03 0.1 1
152.9 0.1 1
154.9 0.1 1
162.8 0.1 1
166.92 0.1 1
168.79 0.1 1
170.92 0.1 1
172.85 0.1 1
176.76 0.1 1
182.81 0.1 1
184.83 0.1 1
190.78 0.1 1
194.58 0.1 1
198.65 0.1 1
202.6 0.1 1
208.6 0.1 1
214.5 0.1 1
218.5 0.1 1
224.31 0.1 1
228.39 0.1 1
238.31 0.1 1
244.3 0.1 1
246.16 0.1 1
250.17 0.1 1
258.09 0.1 1
260.17 0.1 1
262.07 0.1 1
264.15 0.1 1
266.12 0.1 1
270.14 0.1 1
274.06 0.1 1
275.89 0.1 1
279.99 0.1 1
285.81 0.1 1
289.8 0.1 1
295.8 0.1 1
297.78 0.1 1
299.73 0.1 1
301.75 0.1 1
303.7 0.1 1
305.7 0.1 1
307.75 0.1 1
309.74 0.1 1
325.61 0.1 1
327.63 0.1 1
331.45 0.1 1
333.46 0.1 1
337.56 0.1 1
341.38 0.1 1
349.45 0.1 1
355.42 0.1 1
359.26 0.1 1
361.27 0.1 1
363.21 0.1 1
365.18 0.1 1
371.31 0.1 1
375.14 0.1 1
377.15 0.1 1
385.06 0.1 1
392.94 0.1 1
395.07 0.1 1
400.97 0.1 1
403.02 0.1 1
410.79 0.1 1
412.89 0.1 1
414.79 0.1 1
424.88 0.1 1
426.83 0.1 1
438.74 0.1 1
440.67 0.1 1
442.72 0.1 1
446.7 0.1 1
448.52 0.1 1
458.51 0.1 1
462.51 0.1 1
466.53 0.1 1
468.53 0.1 1
474.41 0.1 1
480.3 0.1 1
482.3 0.1 1
484.3 0.1 1
486.38 0.1 1
492.25 0.1 1
494.32 0.1 1
496.11 0.1 1
500.27 0.1 1
504.14 0.1 1
