4.11 0.1 1
6.13 0.1 1
10.06 0.1 1
12.08 0.1 1
17.98 0.1 1
20.03 0.1 1
22 0.1 1
24.07 0.1 1
26.12 0.1 1
33.9 0.1 1
35.97 0.1 1
37.87 0.1 1
41.84 0.1 1
45.86 0.1 1
47.92 0.1 1
49.84 0.1 1
51.83 0.1 1
57.8 0.1 1
67.77 0.1 1
69.58 0.1 1
71.6 0.1 1
73.63 0.1 1
77.67 0.1 1
79.49 0.1 1
81.5 0.1 1
85.56 0.1 1
87.49 0.1 1
89.57 0.1 1
91.46 0.1 1
95.54 0.1 1
107.4 0.1 1
121.2 0.1 1
125.29 0.1 1
127.09 0.1 1
131.24 0.1 1
133.21 0.1 1
135.19 0.1 1
137.16 0.1 1
139.11 0.1 1
145.03 0.1 1
146.94 0.1 1
150.93 0.1 1
152.9 0.1 1
155.03 0.1 1
162.97 0.1 1
166.88 0.1 1
168.82 0.1 1
170.9 0.1 1
172.9 0.1 1
176.77 0.1 1
182.76 0.1 1
184.78 0.1 1
190.54 0.1 1
194.65 0.1 1
198.63 0.1 1
202.47 0.1 1
208.42 0.1 1
214.35 0.1 1
218.44 0.1 1
224.31 0.1 1
228.26 0.1 1
238.28 0.1 1
244.15 0.1 1
246.11 0.1 1
250.2 0.1 1
258.12 0.1 1
260 0.1 1
262.14 0.1 1
264.05 0.1 1
266.02 0.1 1
270.06 0.1 1
273.89 0.1 1
275.96 0.1 1
279.98 0.1 1
285.8 0.1 1
289.81 0.1 1
295.85 0.1 1
297.77 0.1 1
299.82 0.1 1
301.67 0.1 1
303.77 0.1 1
305.74 0.1 1
307.75 0.1 1
309.59 0.1 1
325.53 0.1 1
327.43 0.1 1
331.44 0.1 1
333.46 0.1 1
337.35 0.1 1
341.45 0.1 1
349.32 0.1 1
355.37 0.1 1
359.17 0.1 1
361.16 0.1 1
363.29 0.1 1
365.26 0.1 1
371.21 0.1 1
375.14 0.1 1
377.03 0.1 1
385.1 0.1 1
392.9 0.1 1
395.07 0.1 1
400.84 0.1 1
402.92 0.1 1
410.77 0.1 1
412.89 0.1 1
414.76 0.1 1
424.73 0.1 1
426.71 0.1 1
438.69 0.1 1
440.7 0.1 1
442.59 0.1 1
446.62 0.1 1
448.54 0.1 1
458.56 0.1 1
462.34 0.1 1
466.43 0.1 1
468.36 0.1 1
474.42 0.1 1
480.33 0.1 1
482.22 0.1 1
484.19 0.1 1
486.3 0.1 1
492.22 0.1 1
494.11 0.1 1
496.21 0.1 1
500.04 0.1 1
504.04 0.1 1
