4.21 0.1 1
6.18 0.1 1
10.2 0.1 1
12.21 0.1 1
18.11 0.1 1
19.96 0.1 1
22.08 0.1 1
24.03 0.1 1
26.12 0.1 1
34.04 0.1 1
36 0.1 1
37.92 0.1 1
41.82 0.1 1
45.96 0.1 1
47.76 0.1 1
49.93 0.1 1
51.88 0.1 1
57.68 0.1 1
67.67 0.1 1
69.63 0.1 1
71.7 0.1 1
73.6 0.1 1
77.55 0.1 1
79.52 0.1 1
81.65 0.1 1
85.56 0.1 1
87.44 0.1 1
89.49 0.1 1
91.39 0.1 1
95.42 0.1 1
107.26 0.1 1
121.2 0.1 1
125.09 0.1 1
127.12 0.1 1
131.24 0.1 1
133.16 0.1 1
135.07 0.1 1
137.19 0.1 1
138.99 0.1 1
144.99 0.1 1
147.09 0.1 1
151.01 0.1 1
152.86 0.1 1
155.01 0.1 1
162.8 0.1 1
166.87 0.1 1
168.75 0.1 1
170.9 0.1 1
172.84 0.1 1
176.74 0.1 1
182.77 0.1 1
184.66 0.1 1
190.53 0.1 1
194.63 0.1 1
198.5 0.1 1
202.5 0.1 1
208.5 0.1 1
214.43 0.1 1
218.34 0.1 1
224.37 0.1 1
228.42 0.1 1
238.28 0.1 1
244.18 0.1 1
246.25 0.1 1
250.25 0.1 1
258.17 0.1 1
260.05 0.1 1
262.15 0.1 1
263.94 0.1 1
266.12 0.1 1
269.97 0.1 1
273.92 0.1 1
275.87 0.1 1
279.92 0.1 1
285.89 0.1 1
289.76 0.1 1
295.7 0.1 1
297.78 0.1 1
299.71 0.1 1
301.81 0.1 1
303.82 0.1 1
305.6 0.1 1
307.67 0.1 1
309.67 0.1 1
325.54 0.1 1
327.57 0.1 1
331.59 0.1 1
333.56 0.1 1
337.48 0.1 1
341.45 0.1 1
349.37 0.1 1
355.37 0.1 1
359.3 0.1 1
361.24 0.1 1
363.32 0.1 1
365.29 0.1 1
371.19 0.1 1
375.16 0.1 1
377.08 0.1 1
385.14 0.1 1
392.98 0.1 1
395 0.1 1
400.83 0.1 1
402.95 0.1 1
410.82 0.1 1
412.82 0.1 1
414.76 0.1 1
424.73 0.1 1
426.76 0.1 1
438.53 0.1 1
440.71 0.1 1
442.7 0.1 1
446.52 0.1 1
448.63 0.1 1
458.49 0.1 1
462.49 0.1 1
466.37 0.1 1
468.49 0.1 1
474.38 0.1 1
480.25 0.1 1
482.3 0.1 1
484.35 0.1 1
486.33 0.1 1
492.2 0.1 1
494.23 0.1 1
496.22 0.1 1
500.09 0.1 1
504.02 0.1 1
