4.08 0.1 1
6.23 0.1 1
10.04 0.1 1
12.02 0.1 1
18 0.1 1
20.12 0.1 1
21.99 0.1 1
23.96 0.1 1
26.06 0.1 1
33.93 0.1 1
36.03 0.1 1
37.93 0.1 1
41.85 0.1 1
45.87 0.1 1
47.93 0.1 1
49.83 0.1 1
51.83 0.1 1
57.75 0.1 1
67.66 0.1 1
69.62 0.1 1
71.64 0.1 1
73.62 0.1 1
77.61 0.1 1
79.59 0.1 1
81.58 0.1 1
85.55 0.1 1
87.41 0.1 1
89.38 0.1 1
91.43 0.1 1
95.38 0.1 1
107.3 0.1 1
121.11 0.1 1
125.11 0.1 1
127.09 0.1 1
131.08 0.1 1
133.03 0.1 1
134.98 0.1 1
137.16 0.1 1
139.15 0.1 1
145.07 0.1 1
147.03 0.1 1
150.89 0.1 1
152.95 0.1 1
155 0.1 1
162.91 0.1 1
166.78 0.1 1
168.73 0.1 1
170.81 0.1 1
172.71 0.1 1
176.73 0.1 1
182.68 0.1 1
184.66 0.1 1
190.6 0.1 1
194.62 0.1 1
198.64 0.1 1
202.45 0.1 1
208.57 0.1 1
214.34 0.1 1
218.41 0.1 1
224.31 0.1 1
228.23 0.1 1
238.22 0.1 1
244.07 0.1 1
246.05 0.1 1
250.12 0.1 1
258.09 0.1 1
259.96 0.1 1
261.99 0.1 1
264.08 0.1 1
266.06 0.1 1
269.98 0.1 1
274.01 0.1 1
275.98 0.1 1
279.9 0.1 1
285.9 0.1 1
289.77 0.1 1
295.72 0.1 1
297.79 0.1 1
299.61 0.1 1
301.66 0.1 1
303.67 0.1 1
305.59 0.1 1
307.64 0.1 1
309.56 0.1 1
325.56 0.1 1
327.5 0.1 1
331.53 0.1 1
333.45 0.1 1
337.44 0.1 1
341.32 0.1 1
349.41 0.1 1
355.23 0.1 1
359.11 0.1 1
361.18 0.1 1
363.1 0.1 1
365.23 0.1 1
371.13 0.1 1
375.02 0.1 1
377.05 0.1 1
385.07 0.1 1
392.84 0.1 1
394.82 0.1 1
400.88 0.1 1
402.76 0.1 1
410.88 0.1 1
412.68 0.1 1
414.7 0.1 1
424.67 0.1 1
426.57 0.1 1
438.57 0.1 1
440.61 0.1 1
442.49 0.1 1
446.57 0.1 1
448.58 0.1 1
458.48 0.1 1
462.36 0.1 1
466.3 0.1 1
468.32 0.1 1
474.32 0.1 1
480.27 0.1 1
482.17 0.1 1
484.21 0.1 1
486.21 0.1 1
492.12 0.1 1
494.11 0.1 1
496.06 0.1 1
500.13 0.1 1
503.98 0.1 1
