4.11 0.1 1
6.08 0.1 1
10.24 0.1 1
12.06 0.1 1
18.13 0.1 1
20.15 0.1 1
22 0.1 1
23.98 0.1 1
26.05 0.1 1
33.97 0.1 1
35.99 0.1 1
37.82 0.1 1
41.99 0.1 1
45.77 0.1 1
47.76 0.1 1
49.87 0.1 1
51.77 0.1 1
57.76 0.1 1
67.76 0.1 1
69.61 0.1 1
71.63 0.1 1
73.58 0.1 1
77.5 0.1 1
79.55 0.1 1
81.47 0.1 1
85.45 0.1 1
87.5 0.1 1
89.42 0.1 1
91.49 0.1 1
95.52 0.1 1
107.43 0.1 1
121.13 0.1 1
125.13 0.1 1
127.17 0.1 1
131.09 0.1 1
133.19 0.1 1
135.12 0.1 1
137.12 0.1 1
139.11 0.1 1
144.99 0.1 1
147.04 0.1 1
151.01 0.1 1
152.88 0.1 1
154.9 0.1 1
162.83 0.1 1
166.75 0.1 1
168.82 0.1 1
170.85 0.1 1
172.72 0.1 1
176.8 0.1 1
182.69 0.1 1
184.62 0.1 1
190.61 0.1 1
194.51 0.1 1
198.56 0.1 1
202.46 0.1 1
208.41 0.1 1
214.37 0.1 1
218.37 0.1 1
224.44 0.1 1
228.39 0.1 1
238.32 0.1 1
244.16 0.1 1
246.06 0.1 1
250.01 0.1 1
258.07 0.1 1
260.1 0.1 1
262.05 0.1 1
264 0.1 1
265.95 0.1 1
269.95 0.1 1
274 0.1 1
275.99 0.1 1
279.79 0.1 1
285.84 0.1 1
289.84 0.1 1
295.68 0.1 1
297.7 0.1 1
299.65 0.1 1
301.6 0.1 1
303.58 0.1 1
305.68 0.1 1
307.72 0.1 1
309.52 0.1 1
325.46 0.1 1
327.41 0.1 1
331.32 0.1 1
333.51 0.1 1
337.43 0.1 1
341.38 0.1 1
349.31 0.1 1
355.13 0.1 1
359.25 0.1 1
361.1 0.1 1
363.15 0.1 1
365.19 0.1 1
371.01 0.1 1
375.07 0.1 1
377.16 0.1 1
384.98 0.1 1
392.93 0.1 1
394.98 0.1 1
400.77 0.1 1
402.78 0.1 1
410.69 0.1 1
412.79 0.1 1
414.65 0.1 1
424.57 0.1 1
426.58 0.1 1
438.63 0.1 1
440.45 0.1 1
442.56 0.1 1
446.57 0.1 1
448.52 0.1 1
458.34 0.1 1
462.32 0.1 1
466.29 0.1 1
468.22 0.1 1
474.34 0.1 1
480.25 0.1 1
482.13 0.1 1
484.11 0.1 1
486.13 0.1 1
492.12 0.1 1
494.13 0.1 1
496.03 0.1 1
499.97 0.1 1
503.94 0.1 1
