4.18 0.1 1
6.12 0.1 1
10.1 0.1 1
12.15 0.1 1
17.97 0.1 1
20 0.1 1
22.02 0.1 1
24.07 0.1 1
26.02 0.1 1
33.89 0.1 1
35.84 0.1 1
38.01 0.1 1
41.83 0.1 1
45.81 0.1 1
47.76 0.1 1
49.81 0.1 1
51.78 0.1 1
57.8 0.1 1
67.77 0.1 1
69.57 0.1 1
71.74 0.1 1
73.64 0.1 1
77.56 0.1 1
79.49 0.1 1
81.53 0.1 1
85.51 0.1 1
87.41 0.1 1
89.59 0.1 1
91.38 0.1 1
95.51 0.1 1
107.37 0.1 1
121.32 0.1 1
125.09 0.1 1
127.26 0.1 1
131.13 0.1 1
133.04 0.1 1
135.08 0.1 1
137.08 0.1 1
139.03 0.1 1
145.03 0.1 1
146.92 0.1 1
150.9 0.1 1
153.05 0.1 1
154.9 0.1 1
162.89 0.1 1
166.91 0.1 1
168.89 0.1 1
170.81 0.1 1
172.81 0.1 1
176.69 0.1 1
182.75 0.1 1
184.75 0.1 1
190.63 0.1 1
194.6 0.1 1
198.69 0.1 1
202.57 0.1 1
208.6 0.1 1
214.37 0.1 1
218.38 0.1 1
224.43 0.1 1
228.35 0.1 1
238.17 0.1 1
244.17 0.1 1
246.09 0.1 1
250.09 0.1 1
258.06 0.1 1
260.04 0.1 1
262.09 0.1 1
264.06 0.1 1
266.03 0.1 1
269.91 0.1 1
273.88 0.1 1
275.9 0.1 1
279.81 0.1 1
285.88 0.1 1
289.8 0.1 1
295.72 0.1 1
297.69 0.1 1
299.74 0.1 1
301.62 0.1 1
303.79 0.1 1
305.61 0.1 1
307.68 0.1 1
309.57 0.1 1
325.46 0.1 1
327.43 0.1 1
331.47 0.1 1
333.55 0.1 1
337.32 0.1 1
341.35 0.1 1
349.37 0.1 1
355.19 0.1 1
359.26 0.1 1
361.16 0.1 1
363.26 0.1 1
365.23 0.1 1
371.21 0.1 1
375.17 0.1 1
377 0.1 1
385.04 0.1 1
392.94 0.1 1
394.96 0.1 1
400.94 0.1 1
402.88 0.1 1
410.8 0.1 1
412.9 0.1 1
414.73 0.1 1
424.78 0.1 1
426.62 0.1 1
438.52 0.1 1
440.64 0.1 1
442.66 0.1 1
446.59 0.1 1
448.63 0.1 1
458.4 0.1 1
462.46 0.1 1
466.42 0.1 1
468.37 0.1 1
474.4 0.1 1
480.22 0.1 1
482.24 0.1 1
484.22 0.1 1
486.19 0.1 1
492.24 0.1 1
494.23 0.1 1
496.18 0.1 1
500.06 0.1 1
504.18 0.1 1
