4.14 0.1 1
6.16 0.1 1
10.23 0.1 1
12.23 0.1 1
18 0.1 1
20.06 0.1 1
22.01 0.1 1
24.1 0.1 1
26 0.1 1
33.9 0.1 1
35.84 0.1 1
37.87 0.1 1
41.92 0.1 1
45.94 0.1 1
47.77 0.1 1
49.87 0.1 1
51.91 0.1 1
57.84 0.1 1
67.66 0.1 1
69.63 0.1 1
71.65 0.1 1
73.6 0.1 1
77.67 0.1 1
79.48 0.1 1
81.55 0.1 1
85.55 0.1 1
87.52 0.1 1
89.57 0.1 1
91.45 0.1 1
95.39 0.1 1
107.28 0.1 1
121.35 0.1 1
125.13 0.1 1
127.15 0.1 1
131.19 0.1 1
133.22 0.1 1
135.24 0.1 1
137.22 0.1 1
139.17 0.1 1
145.09 0.1 1
147.07 0.1 1
151.06 0.1 1
153.09 0.1 1
154.88 0.1 1
162.81 0.1 1
166.82 0.1 1
168.95 0.1 1
170.95 0.1 1
172.75 0.1 1
176.89 0.1 1
182.72 0.1 1
184.71 0.1 1
190.68 0.1 1
194.71 0.1 1
198.68 0.1 1
202.63 0.1 1
208.46 0.1 1
214.52 0.1 1
218.4 0.1 1
224.45 0.1 1
228.41 0.1 1
238.38 0.1 1
244.26 0.1 1
246.21 0.1 1
250.21 0.1 1
258.07 0.1 1
260.15 0.1 1
262.17 0.1 1
264.07 0.1 1
266.05 0.1 1
270.12 0.1 1
273.95 0.1 1
275.97 0.1 1
279.92 0.1 1
285.93 0.1 1
289.93 0.1 1
295.9 0.1 1
297.75 0.1 1
299.86 0.1 1
301.75 0.1 1
303.72 0.1 1
305.85 0.1 1
307.65 0.1 1
309.68 0.1 1
325.69 0.1 1
327.61 0.1 1
331.58 0.1 1
333.61 0.1 1
337.5 0.1 1
341.53 0.1 1
349.48 0.1 1
355.47 0.1 1
359.35 0.1 1
361.22 0.1 1
363.34 0.1 1
365.24 0.1 1
371.19 0.1 1
375.11 0.1 1
377.21 0.1 1
385.14 0.1 1
393.1 0.1 1
394.96 0.1 1
401.03 0.1 1
402.99 0.1 1
410.9 0.1 1
412.95 0.1 1
414.97 0.1 1
424.89 0.1 1
426.86 0.1 1
438.73 0.1 1
440.62 0.1 1
442.62 0.1 1
446.63 0.1 1
448.7 0.1 1
458.52 0.1 1
462.52 0.1 1
466.54 0.1 1
468.56 0.1 1
474.48 0.1 1
480.4 0.1 1
482.25 0.1 1
484.38 0.1 1
486.25 0.1 1
492.35 0.1 1
494.15 0.1 1
496.19 0.1 1
500.14 0.1 1
504.24 0.1 1
