4.25 0.1 1
6.26 0.1 1
10.05 0.1 1
12.15 0.1 1
18.14 0.1 1
20.1 0.1 1
22.02 0.1 1
24.07 0.1 1
25.92 0.1 1
33.99 0.1 1
36.01 0.1 1
37.89 0.1 1
41.98 0.1 1
45.86 0.1 1
47.93 0.1 1
49.83 0.1 1
51.72 0.1 1
57.73 0.1 1
67.75 0.1 1
69.57 0.1 1
71.67 0.1 1
73.52 0.1 1
77.69 0.1 1
79.58 0.1 1
81.51 0.1 1
85.54 0.1 1
87.41 0.1 1
89.46 0.1 1
91.5 0.1 1
95.5 0.1 1
107.32 0.1 1
121.16 0.1 1
125.22 0.1 1
127.17 0.1 1
131.19 0.1 1
133.13 0.1 1
135.09 0.1 1
137.06 0.1 1
139.18 0.1 1
145.1 0.1 1
147.08 0.1 1
150.92 0.1 1
153.05 0.1 1
154.88 0.1 1
162.99 0.1 1
166.86 0.1 1
168.82 0.1 1
170.87 0.1 1
172.82 0.1 1
176.79 0.1 1
182.71 0.1 1
184.76 0.1 1
190.75 0.1 1
194.75 0.1 1
198.65 0.1 1
202.57 0.1 1
208.64 0.1 1
214.49 0.1 1
218.41 0.1 1
224.43 0.1 1
228.31 0.1 1
238.25 0.1 1
244.27 0.1 1
246.25 0.1 1
250.27 0.1 1
258.2 0.1 1
260.06 0.1 1
262.09 0.1 1
264.04 0.1 1
266.01 0.1 1
270.14 0.1 1
273.98 0.1 1
276.08 0.1 1
279.91 0.1 1
285.9 0.1 1
289.97 0.1 1
295.82 0.1 1
297.87 0.1 1
299.72 0.1 1
301.82 0.1 1
303.72 0.1 1
305.75 0.1 1
307.67 0.1 1
309.69 0.1 1
325.68 0.1 1
327.5 0.1 1
331.56 0.1 1
333.6 0.1 1
337.5 0.1 1
341.47 0.1 1
349.39 0.1 1
355.39 0.1 1
359.36 0.1 1
361.34 0.1 1
363.31 0.1 1
365.21 0.1 1
371.21 0.1 1
375.28 0.1 1
377.25 0.1 1
385.17 0.1 1
393.02 0.1 1
394.99 0.1 1
401.02 0.1 1
403.06 0.1 1
410.89 0.1 1
412.83 0.1 1
414.79 0.1 1
424.75 0.1 1
426.71 0.1 1
438.65 0.1 1
440.7 0.1 1
442.6 0.1 1
446.69 0.1 1
448.59 0.1 1
458.56 0.1 1
462.39 0.1 1
466.5 0.1 1
468.55 0.1 1
474.4 0.1 1
480.25 0.1 1
482.4 0.1 1
484.42 0.1 1
486.22 0.1 1
492.29 0.1 1
494.27 0.1 1
496.24 0.1 1
500.29 0.1 1
504.21 0.1 1
