4.21 0.1 1
6.1 0.1 1
10.15 0.1 1
12.13 0.1 1
18.02 0.1 1
20 0.1 1
22.07 0.1 1
23.92 0.1 1
25.91 0.1 1
33.93 0.1 1
35.89 0.1 1
37.89 0.1 1
41.78 0.1 1
45.81 0.1 1
47.88 0.1 1
49.78 0.1 1
51.75 0.1 1
57.78 0.1 1
67.57 0.1 1
69.57 0.1 1
71.69 0.1 1
73.66 0.1 1
77.62 0.1 1
79.49 0.1 1
81.63 0.1 1
85.46 0.1 1
87.48 0.1 1
89.55 0.1 1
91.5 0.1 1
95.4 0.1 1
107.35 0.1 1
121.22 0.1 1
125.31 0.1 1
127.19 0.1 1
131.19 0.1 1
133.13 0.1 1
135.23 0.1 1
137.1 0.1 1
139.15 0.1 1
144.95 0.1 1
147.12 0.1 1
150.92 0.1 1
152.95 0.1 1
154.94 0.1 1
162.94 0.1 1
166.79 0.1 1
168.88 0.1 1
170.86 0.1 1
172.78 0.1 1
176.69 0.1 1
182.71 0.1 1
184.7 0.1 1
190.67 0.1 1
194.63 0.1 1
198.72 0.1 1
202.62 0.1 1
208.62 0.1 1
214.41 0.1 1
218.48 0.1 1
224.36 0.1 1
228.45 0.1 1
238.28 0.1 1
244.25 0.1 1
246.22 0.1 1
250.19 0.1 1
258.04 0.1 1
260.21 0.1 1
262.14 0.1 1
264.11 0.1 1
265.96 0.1 1
270.05 0.1 1
274.05 0.1 1
276.08 0.1 1
279.92 0.1 1
285.8 0.1 1
289.97 0.1 1
295.84 0.1 1
297.79 0.1 1
299.77 0.1 1
301.74 0.1 1
303.82 0.1 1
305.84 0.1 1
307.79 0.1 1
309.71 0.1 1
325.58 0.1 1
327.63 0.1 1
331.62 0.1 1
333.52 0.1 1
337.57 0.1 1
341.5 0.1 1
349.41 0.1 1
355.24 0.1 1
359.39 0.1 1
361.35 0.1 1
363.35 0.1 1
365.25 0.1 1
371.17 0.1 1
375.18 0.1 1
377.23 0.1 1
385.2 0.1 1
392.96 0.1 1
395.11 0.1 1
401.03 0.1 1
403.01 0.1 1
410.8 0.1 1
412.96 0.1 1
414.9 0.1 1
424.87 0.1 1
426.82 0.1 1
438.64 0.1 1
440.69 0.1 1
442.64 0.1 1
446.53 0.1 1
448.58 0.1 1
458.45 0.1 1
462.43 0.1 1
466.53 0.1 1
468.48 0.1 1
474.49 0.1 1
480.32 0.1 1
482.22 0.1 1
484.37 0.1 1
486.24 0.1 1
492.29 0.1 1
494.24 0.1 1
496.31 0.1 1
500.18 0.1 1
504.15 0.1 1
