4.16 0.1 1
6.08 0.1 1
10.2 0.1 1
12.05 0.1 1
18.15 0.1 1
19.95 0.1 1
22.12 0.1 1
23.95 0.1 1
26.05 0.1 1
33.86 0.1 1
35.98 0.1 1
37.83 0.1 1
41.86 0.1 1
45.93 0.1 1
47.85 0.1 1
49.91 0.1 1
51.76 0.1 1
57.73 0.1 1
67.62 0.1 1
69.62 0.1 1
71.69 0.1 1
73.69 0.1 1
77.61 0.1 1
79.66 0.1 1
81.63 0.1 1
85.46 0.1 1
87.61 0.1 1
89.51 0.1 1
91.43 0.1 1
95.45 0.1 1
107.37 0.1 1
121.27 0.1 1
125.16 0.1 1
127.18 0.1 1
131.13 0.1 1
133.04 0.1 1
135.16 0.1 1
137.08 0.1 1
139.16 0.1 1
144.95 0.1 1
146.98 0.1 1
151 0.1 1
153.05 0.1 1
154.9 0.1 1
162.79 0.1 1
166.82 0.1 1
168.76 0.1 1
170.93 0.1 1
172.91 0.1 1
176.75 0.1 1
182.71 0.1 1
184.73 0.1 1
190.63 0.1 1
194.67 0.1 1
198.65 0.1 1
202.57 0.1 1
208.51 0.1 1
214.41 0.1 1
218.49 0.1 1
224.48 0.1 1
228.35 0.1 1
238.37 0.1 1
244.32 0.1 1
246.16 0.1 1
250.21 0.1 1
258.08 0.1 1
260.06 0.1 1
262.04 0.1 1
264.01 0.1 1
266.16 0.1 1
270.01 0.1 1
273.96 0.1 1
275.98 0.1 1
279.95 0.1 1
285.87 0.1 1
289.89 0.1 1
295.71 0.1 1
297.76 0.1 1
299.73 0.1 1
301.69 0.1 1
303.79 0.1 1
305.79 0.1 1
307.81 0.1 1
309.6 0.1 1
325.6 0.1 1
327.58 0.1 1
331.54 0.1 1
333.42 0.1 1
337.39 0.1 1
341.39 0.1 1
349.29 0.1 1
355.4 0.1 1
359.3 0.1 1
361.28 0.1 1
363.35 0.1 1
365.2 0.1 1
371.13 0.1 1
375.24 0.1 1
377.25 0.1 1
385.14 0.1 1
392.99 0.1 1
395.04 0.1 1
400.96 0.1 1
403.05 0.1 1
410.78 0.1 1
412.9 0.1 1
414.88 0.1 1
424.69 0.1 1
426.79 0.1 1
438.76 0.1 1
440.63 0.1 1
442.71 0.1 1
446.56 0.1 1
448.66 0.1 1
458.55 0.1 1
462.47 0.1 1
466.49 0.1 1
468.45 0.1 1
474.31 0.1 1
480.29 0.1 1
482.39 0.1 1
484.39 0.1 1
486.26 0.1 1
492.21 0.1 1
494.13 0.1 1
496.13 0.1 1
500.08 0.1 1
504.1 0.1 1
