4.26 0.1 1
6.13 0.1 1
10.21 0.1 1
12.21 0.1 1
18.03 0.1 1
19.95 0.1 1
22.12 0.1 1
24.12 0.1 1
26.07 0.1 1
33.97 0.1 1
35.84 0.1 1
37.91 0.1 1
41.79 0.1 1
45.89 0.1 1
47.91 0.1 1
49.76 0.1 1
51.86 0.1 1
57.65 0.1 1
67.64 0.1 1
69.67 0.1 1
71.7 0.1 1
73.54 0.1 1
77.56 0.1 1
79.52 0.1 1
81.64 0.1 1
85.54 0.1 1
87.54 0.1 1
89.49 0.1 1
91.48 0.1 1
95.48 0.1 1
107.33 0.1 1
121.15 0.1 1
125.29 0.1 1
127.11 0.1 1
131.21 0.1 1
133.11 0.1 1
135.18 0.1 1
137.03 0.1 1
138.99 0.1 1
145.06 0.1 1
147.05 0.1 1
150.95 0.1 1
152.92 0.1 1
155.03 0.1 1
162.89 0.1 1
166.87 0.1 1
168.89 0.1 1
170.89 0.1 1
172.76 0.1 1
176.81 0.1 1
182.76 0.1 1
184.78 0.1 1
190.76 0.1 1
194.63 0.1 1
198.57 0.1 1
202.67 0.1 1
208.5 0.1 1
214.59 0.1 1
218.46 0.1 1
224.41 0.1 1
228.33 0.1 1
238.4 0.1 1
244.27 0.1 1
246.33 0.1 1
250.13 0.1 1
258.12 0.1 1
260.2 0.1 1
262.06 0.1 1
264.06 0.1 1
266.12 0.1 1
270.02 0.1 1
273.96 0.1 1
275.94 0.1 1
280.03 0.1 1
285.95 0.1 1
289.85 0.1 1
295.74 0.1 1
297.8 0.1 1
299.72 0.1 1
301.77 0.1 1
303.7 0.1 1
305.67 0.1 1
307.64 0.1 1
309.77 0.1 1
325.66 0.1 1
327.61 0.1 1
331.51 0.1 1
333.48 0.1 1
337.45 0.1 1
341.4 0.1 1
349.5 0.1 1
355.36 0.1 1
359.29 0.1 1
361.23 0.1 1
363.36 0.1 1
365.21 0.1 1
371.16 0.1 1
375.13 0.1 1
377.23 0.1 1
385.17 0.1 1
393.05 0.1 1
394.99 0.1 1
400.91 0.1 1
402.92 0.1 1
410.81 0.1 1
412.91 0.1 1
414.78 0.1 1
424.81 0.1 1
426.77 0.1 1
438.79 0.1 1
440.64 0.1 1
442.74 0.1 1
446.71 0.1 1
448.66 0.1 1
458.58 0.1 1
462.6 0.1 1
466.41 0.1 1
468.46 0.1 1
474.33 0.1 1
480.29 0.1 1
482.35 0.1 1
484.24 0.1 1
486.34 0.1 1
492.36 0.1 1
494.16 0.1 1
496.29 0.1 1
500.23 0.1 1
504.24 0.1 1
