4.29 0.1 1
6.24 0.1 1
10.04 0.1 1
12.19 0.1 1
18.12 0.1 1
20.07 0.1 1
22.09 0.1 1
24.03 0.1 1
26.09 0.1 1
33.95 0.1 1
35.86 0.1 1
38 0.1 1
41.91 0.1 1
45.83 0.1 1
47.8 0.1 1
49.92 0.1 1
51.8 0.1 1
57.69 0.1 1
67.62 0.1 1
69.73 0.1 1
71.71 0.1 1
73.53 0.1 1
77.53 0.1 1
79.65 0.1 1
81.63 0.1 1
85.5 0.1 1
87.6 0.1 1
89.4 0.1 1
91.55 0.1 1
95.48 0.1 1
107.27 0.1 1
121.26 0.1 1
125.2 0.1 1
127.11 0.1 1
131.23 0.1 1
133.25 0.1 1
135.03 0.1 1
137.07 0.1 1
139.2 0.1 1
144.97 0.1 1
147.02 0.1 1
150.92 0.1 1
152.92 0.1 1
155.01 0.1 1
162.89 0.1 1
166.83 0.1 1
168.93 0.1 1
170.81 0.1 1
172.75 0.1 1
176.78 0.1 1
182.65 0.1 1
184.7 0.1 1
190.59 0.1 1
194.57 0.1 1
198.69 0.1 1
202.64 0.1 1
208.51 0.1 1
214.53 0.1 1
218.41 0.1 1
224.33 0.1 1
228.42 0.1 1
238.29 0.1 1
244.22 0.1 1
246.24 0.1 1
250.21 0.1 1
258.19 0.1 1
260.03 0.1 1
262.1 0.1 1
263.96 0.1 1
266.1 0.1 1
270.06 0.1 1
274.02 0.1 1
275.88 0.1 1
279.95 0.1 1
285.9 0.1 1
289.82 0.1 1
295.82 0.1 1
297.88 0.1 1
299.76 0.1 1
301.76 0.1 1
303.74 0.1 1
305.76 0.1 1
307.63 0.1 1
309.66 0.1 1
325.6 0.1 1
327.59 0.1 1
331.59 0.1 1
333.42 0.1 1
337.47 0.1 1
341.52 0.1 1
349.38 0.1 1
355.28 0.1 1
359.38 0.1 1
361.21 0.1 1
363.28 0.1 1
365.27 0.1 1
371.1 0.1 1
375.14 0.1 1
377.22 0.1 1
385.06 0.1 1
393.13 0.1 1
394.93 0.1 1
401 0.1 1
402.85 0.1 1
410.8 0.1 1
412.9 0.1 1
414.92 0.1 1
424.75 0.1 1
426.84 0.1 1
438.73 0.1 1
440.68 0.1 1
442.64 0.1 1
446.53 0.1 1
448.5 0.1 1
458.58 0.1 1
462.47 0.1 1
466.4 0.1 1
468.42 0.1 1
474.31 0.1 1
480.27 0.1 1
482.26 0.1 1
484.29 0.1 1
486.31 0.1 1
492.23 0.1 1
494.3 0.1 1
496.28 0.1 1
500.13 0.1 1
504.03 0.1 1
