4.11 0.1 1
6.09 0.1 1
10.08 0.1 1
12.13 0.1 1
18.16 0.1 1
19.96 0.1 1
22 0.1 1
24.08 0.1 1
26 0.1 1
33.92 0.1 1
35.97 0.1 1
37.87 0.1 1
41.92 0.1 1
45.79 0.1 1
47.77 0.1 1
49.84 0.1 1
51.74 0.1 1
57.66 0.1 1
67.62 0.1 1
69.65 0.1 1
71.7 0.1 1
73.64 0.1 1
77.69 0.1 1
79.49 0.1 1
81.49 0.1 1
85.46 0.1 1
87.56 0.1 1
89.41 0.1 1
91.58 0.1 1
95.49 0.1 1
107.3 0.1 1
121.22 0.1 1
125.19 0.1 1
127.25 0.1 1
131.11 0.1 1
133.16 0.1 1
135.04 0.1 1
137.12 0.1 1
139.04 0.1 1
144.93 0.1 1
146.98 0.1 1
151.03 0.1 1
153.01 0.1 1
154.98 0.1 1
162.84 0.1 1
166.82 0.1 1
168.79 0.1 1
170.89 0.1 1
172.71 0.1 1
176.67 0.1 1
182.69 0.1 1
184.59 0.1 1
190.73 0.1 1
194.63 0.1 1
198.6 0.1 1
202.47 0.1 1
208.38 0.1 1
214.4 0.1 1
218.46 0.1 1
224.44 0.1 1
228.22 0.1 1
238.23 0.1 1
244.18 0.1 1
246.23 0.1 1
250.1 0.1 1
258.02 0.1 1
260.07 0.1 1
262.02 0.1 1
264 0.1 1
265.94 0.1 1
269.89 0.1 1
273.88 0.1 1
275.88 0.1 1
279.98 0.1 1
285.83 0.1 1
289.9 0.1 1
295.78 0.1 1
297.83 0.1 1
299.75 0.1 1
301.75 0.1 1
303.7 0.1 1
305.64 0.1 1
307.65 0.1 1
309.72 0.1 1
325.46 0.1 1
327.56 0.1 1
331.5 0.1 1
333.4 0.1 1
337.42 0.1 1
341.47 0.1 1
349.34 0.1 1
355.24 0.1 1
359.29 0.1 1
361.17 0.1 1
363.12 0.1 1
365.14 0.1 1
371.1 0.1 1
375.05 0.1 1
377 0.1 1
385.08 0.1 1
392.95 0.1 1
395.04 0.1 1
400.91 0.1 1
402.87 0.1 1
410.78 0.1 1
412.74 0.1 1
414.76 0.1 1
424.8 0.1 1
426.76 0.1 1
438.69 0.1 1
440.65 0.1 1
442.59 0.1 1
446.54 0.1 1
448.47 0.1 1
458.54 0.1 1
462.5 0.1 1
466.3 0.1 1
468.46 0.1 1
474.42 0.1 1
480.3 0.1 1
482.25 0.1 1
484.27 0.1 1
486.3 0.1 1
492.24 0.1 1
494.26 0.1 1
496.22 0.1 1
500.08 0.1 1
504.06 0.1 1
