4.13 0.1 1
6.23 0.1 1
10.22 0.1 1
12.12 0.1 1
18.1 0.1 1
20.15 0.1 1
22.09 0.1 1
23.99 0.1 1
26.01 0.1 1
33.96 0.1 1
35.94 0.1 1
37.88 0.1 1
41.85 0.1 1
45.88 0.1 1
47.76 0.1 1
49.75 0.1 1
51.83 0.1 1
57.84 0.1 1
67.62 0.1 1
69.76 0.1 1
71.57 0.1 1
73.71 0.1 1
77.61 0.1 1
79.61 0.1 1
81.54 0.1 1
85.53 0.1 1
87.46 0.1 1
89.41 0.1 1
91.46 0.1 1
95.47 0.1 1
107.45 0.1 1
121.24 0.1 1
125.13 0.1 1
127.14 0.1 1
131.11 0.1 1
133.16 0.1 1
135.11 0.1 1
137.08 0.1 1
139.01 0.1 1
145.15 0.1 1
147.1 0.1 1
151.1 0.1 1
152.92 0.1 1
154.97 0.1 1
162.92 0.1 1
166.82 0.1 1
168.76 0.1 1
170.93 0.1 1
172.91 0.1 1
176.84 0.1 1
182.75 0.1 1
184.68 0.1 1
190.63 0.1 1
194.62 0.1 1
198.67 0.1 1
202.57 0.1 1
208.46 0.1 1
214.54 0.1 1
218.54 0.1 1
224.43 0.1 1
228.43 0.1 1
238.22 0.1 1
244.3 0.1 1
246.3 0.1 1
250.24 0.1 1
258.11 0.1 1
260.11 0.1 1
262.19 0.1 1
264.18 0.1 1
266.05 0.1 1
269.95 0.1 1
273.91 0.1 1
276 0.1 1
280.07 0.1 1
285.82 0.1 1
289.89 0.1 1
295.81 0.1 1
297.79 0.1 1
299.81 0.1 1
301.76 0.1 1
303.83 0.1 1
305.68 0.1 1
307.83 0.1 1
309.66 0.1 1
325.63 0.1 1
327.47 0.1 1
331.55 0.1 1
333.55 0.1 1
337.54 0.1 1
341.52 0.1 1
349.38 0.1 1
355.44 0.1 1
359.25 0.1 1
361.35 0.1 1
363.38 0.1 1
365.25 0.1 1
371.22 0.1 1
375.27 0.1 1
377.25 0.1 1
385.12 0.1 1
392.96 0.1 1
395.01 0.1 1
400.91 0.1 1
402.89 0.1 1
410.83 0.1 1
412.83 0.1 1
414.77 0.1 1
424.72 0.1 1
426.72 0.1 1
438.64 0.1 1
440.58 0.1 1
442.66 0.1 1
446.55 0.1 1
448.66 0.1 1
458.45 0.1 1
462.4 0.1 1
466.4 0.1 1
468.52 0.1 1
474.27 0.1 1
480.27 0.1 1
482.27 0.1 1
484.19 0.1 1
486.34 0.1 1
492.14 0.1 1
494.18 0.1 1
496.11 0.1 1
500.23 0.1 1
504.08 0.1 1
