4.28 0.1 1
6.21 0.1 1
10.16 0.1 1
12.1 0.1 1
18.02 0.1 1
20.08 0.1 1
22.1 0.1 1
24.03 0.1 1
26.04 0.1 1
33.92 0.1 1
35.84 0.1 1
37.84 0.1 1
41.92 0.1 1
45.79 0.1 1
47.84 0.1 1
49.76 0.1 1
51.84 0.1 1
57.83 0.1 1
67.77 0.1 1
69.58 0.1 1
71.67 0.1 1
73.53 0.1 1
77.59 0.1 1
79.55 0.1 1
81.52 0.1 1
85.56 0.1 1
87.49 0.1 1
89.47 0.1 1
91.53 0.1 1
95.53 0.1 1
107.36 0.1 1
121.19 0.1 1
125.15 0.1 1
127.19 0.1 1
131.12 0.1 1
133.26 0.1 1
135.24 0.1 1
137.16 0.1 1
139.06 0.1 1
145.14 0.1 1
147.03 0.1 1
150.93 0.1 1
152.95 0.1 1
154.98 0.1 1
163 0.1 1
166.82 0.1 1
168.95 0.1 1
170.95 0.1 1
172.79 0.1 1
176.79 0.1 1
182.66 0.1 1
184.78 0.1 1
190.76 0.1 1
194.68 0.1 1
198.68 0.1 1
202.5 0.1 1
208.47 0.1 1
214.52 0.1 1
218.37 0.1 1
224.39 0.1 1
228.44 0.1 1
238.19 0.1 1
244.31 0.1 1
246.18 0.1 1
250.23 0.1 1
258.03 0.1 1
260.22 0.1 1
262.04 0.1 1
264.14 0.1 1
266.02 0.1 1
270.14 0.1 1
273.97 0.1 1
275.91 0.1 1
279.93 0.1 1
285.99 0.1 1
289.91 0.1 1
295.73 0.1 1
297.76 0.1 1
299.75 0.1 1
301.73 0.1 1
303.7 0.1 1
305.75 0.1 1
307.74 0.1 1
309.65 0.1 1
325.62 0.1 1
327.56 0.1 1
331.63 0.1 1
333.41 0.1 1
337.56 0.1 1
341.45 0.1 1
349.35 0.1 1
355.42 0.1 1
359.39 0.1 1
361.35 0.1 1
363.37 0.1 1
365.19 0.1 1
371.11 0.1 1
375.21 0.1 1
377.06 0.1 1
385.1 0.1 1
393.01 0.1 1
395.03 0.1 1
401.05 0.1 1
403 0.1 1
410.79 0.1 1
412.82 0.1 1
414.89 0.1 1
424.78 0.1 1
426.66 0.1 1
438.73 0.1 1
440.63 0.1 1
442.57 0.1 1
446.6 0.1 1
448.67 0.1 1
458.52 0.1 1
462.39 0.1 1
466.54 0.1 1
468.34 0.1 1
474.34 0.1 1
480.31 0.1 1
482.3 0.1 1
484.31 0.1 1
486.21 0.1 1
492.22 0.1 1
494.12 0.1 1
496.12 0.1 1
500.15 0.1 1
504.11 0.1 1
