4.09 0.1 1
6.1 0.1 1
10.06 0.1 1
12.12 0.1 1
18 0.1 1
20.14 0.1 1
22.14 0.1 1
24.1 0.1 1
26.04 0.1 1
34.04 0.1 1
35.82 0.1 1
37.92 0.1 1
41.83 0.1 1
45.76 0.1 1
47.9 0.1 1
49.83 0.1 1
51.81 0.1 1
57.68 0.1 1
67.69 0.1 1
69.64 0.1 1
71.69 0.1 1
73.62 0.1 1
77.67 0.1 1
79.57 0.1 1
81.66 0.1 1
85.59 0.1 1
87.59 0.1 1
89.46 0.1 1
91.39 0.1 1
95.39 0.1 1
107.38 0.1 1
121.34 0.1 1
125.19 0.1 1
127.21 0.1 1
131.24 0.1 1
133.21 0.1 1
135.01 0.1 1
137.13 0.1 1
139.16 0.1 1
145.06 0.1 1
147.08 0.1 1
150.93 0.1 1
153.02 0.1 1
154.92 0.1 1
162.89 0.1 1
166.85 0.1 1
168.77 0.1 1
170.74 0.1 1
172.71 0.1 1
176.76 0.1 1
182.81 0.1 1
184.79 0.1 1
190.73 0.1 1
194.51 0.1 1
198.58 0.1 1
202.65 0.1 1
208.5 0.1 1
214.35 0.1 1
218.47 0.1 1
224.46 0.1 1
228.34 0.1 1
238.3 0.1 1
244.18 0.1 1
246.15 0.1 1
250.24 0.1 1
258.15 0.1 1
260.06 0.1 1
262.07 0.1 1
263.99 0.1 1
266.02 0.1 1
269.96 0.1 1
273.89 0.1 1
275.96 0.1 1
279.98 0.1 1
285.78 0.1 1
289.77 0.1 1
295.75 0.1 1
297.77 0.1 1
299.72 0.1 1
301.7 0.1 1
303.79 0.1 1
305.69 0.1 1
307.72 0.1 1
309.72 0.1 1
325.55 0.1 1
327.53 0.1 1
331.5 0.1 1
333.56 0.1 1
337.55 0.1 1
341.44 0.1 1
349.35 0.1 1
355.41 0.1 1
359.31 0.1 1
361.32 0.1 1
363.26 0.1 1
365.19 0.1 1
371.23 0.1 1
375.13 0.1 1
377.13 0.1 1
385.1 0.1 1
392.94 0.1 1
395.04 0.1 1
400.87 0.1 1
403.02 0.1 1
410.81 0.1 1
412.78 0.1 1
414.81 0.1 1
424.85 0.1 1
426.75 0.1 1
438.64 0.1 1
440.7 0.1 1
442.65 0.1 1
446.54 0.1 1
448.66 0.1 1
458.54 0.1 1
462.5 0.1 1
466.48 0.1 1
468.5 0.1 1
474.37 0.1 1
480.2 0.1 1
482.37 0.1 1
484.22 0.1 1
486.2 0.1 1
492.11 0.1 1
494.14 0.1 1
496.11 0.1 1
500.06 0.1 1
504.19 0.1 1
