4.24 0.1 1
6.14 0.1 1
10.16 0.1 1
12.04 0.1 1
18.13 0.1 1
20.08 0.1 1
22.11 0.1 1
24 0.1 1
25.93 0.1 1
33.87 0.1 1
35.95 0.1 1
37.97 0.1 1
41.99 0.1 1
45.89 0.1 1
47.84 0.1 1
49.76 0.1 1
51.87 0.1 1
57.69 0.1 1
67.58 0.1 1
69.73 0.1 1
71.61 0.1 1
73.56 0.1 1
77.5 0.1 1
79.58 0.1 1
81.62 0.1 1
85.45 0.1 1
87.44 0.1 1
89.59 0.1 1
91.55 0.1 1
95.54 0.1 1
107.39 0.1 1
121.33 0.1 1
125.28 0.1 1
127.22 0.1 1
131.2 0.1 1
133.24 0.1 1
135.24 0.1 1
137.22 0.1 1
139.02 0.1 1
145.07 0.1 1
147.04 0.1 1
151.07 0.1 1
153.03 0.1 1
154.93 0.1 1
162.9 0.1 1
166.8 0.1 1
168.9 0.1 1
170.8 0.1 1
172.75 0.1 1
176.82 0.1 1
182.8 0.1 1
184.77 0.1 1
190.59 0.1 1
194.72 0.1 1
198.57 0.1 1
202.56 0.1 1
208.63 0.1 1
214.46 0.1 1
218.42 0.1 1
224.5 0.1 1
228.34 0.1 1
238.31 0.1 1
244.29 0.1 1
246.28 0.1 1
250.14 0.1 1
258.15 0.1 1
260.05 0.1 1
262.12 0.1 1
263.98 0.1 1
266.1 0.1 1
270.12 0.1 1
273.97 0.1 1
276.07 0.1 1
279.89 0.1 1
285.92 0.1 1
289.94 0.1 1
295.79 0.1 1
297.84 0.1 1
299.73 0.1 1
301.8 0.1 1
303.81 0.1 1
305.63 0.1 1
307.65 0.1 1
309.62 0.1 1
325.57 0.1 1
327.54 0.1 1
331.44 0.1 1
333.59 0.1 1
337.54 0.1 1
341.46 0.1 1
349.38 0.1 1
355.42 0.1 1
359.25 0.1 1
361.27 0.1 1
363.3 0.1 1
365.2 0.1 1
371.3 0.1 1
375.25 0.1 1
377.21 0.1 1
385.13 0.1 1
392.93 0.1 1
395 0.1 1
400.98 0.1 1
402.85 0.1 1
410.95 0.1 1
412.97 0.1 1
414.94 0.1 1
424.86 0.1 1
426.66 0.1 1
438.75 0.1 1
440.65 0.1 1
442.73 0.1 1
446.5 0.1 1
448.51 0.1 1
458.47 0.1 1
462.47 0.1 1
466.42 0.1 1
468.52 0.1 1
474.31 0.1 1
480.24 0.1 1
482.29 0.1 1
484.23 0.1 1
486.31 0.1 1
492.15 0.1 1
494.28 0.1 1
496.3 0.1 1
500.08 0.1 1
504.04 0.1 1
