4.11 0.1 1
6.08 0.1 1
10.08 0.1 1
11.97 0.1 1
17.92 0.1 1
19.86 0.1 1
21.99 0.1 1
23.8 0.1 1
25.95 0.1 1
33.7 0.1 1
35.77 0.1 1
37.83 0.1 1
41.76 0.1 1
45.6 0.1 1
47.69 0.1 1
49.62 0.1 1
51.57 0.1 1
57.46 0.1 1
67.31 0.1 1
69.41 0.1 1
71.28 0.1 1
73.21 0.1 1
77.33 0.1 1
79.14 0.1 1
81.17 0.1 1
85.11 0.1 1
87.06 0.1 1
89.01 0.1 1
91.15 0.1 1
94.9 0.1 1
106.88 0.1 1
120.79 0.1 1
124.8 0.1 1
126.77 0.1 1
130.75 0.1 1
132.66 0.1 1
134.59 0.1 1
136.66 0.1 1
138.46 0.1 1
144.44 0.1 1
146.47 0.1 1
150.37 0.1 1
152.44 0.1 1
154.23 0.1 1
162.24 0.1 1
166.19 0.1 1
168.19 0.1 1
170.08 0.1 1
172.13 0.1 1
175.98 0.1 1
182.01 0.1 1
183.97 0.1 1
189.98 0.1 1
193.8 0.1 1
197.79 0.1 1
201.73 0.1 1
207.7 0.1 1
213.75 0.1 1
217.51 0.1 1
223.6 0.1 1
227.52 0.1 1
237.41 0.1 1
243.4 0.1 1
245.32 0.1 1
249.29 0.1 1
257.3 0.1 1
259.17 0.1 1
261.05 0.1 1
263.02 0.1 1
264.97 0.1 1
269.11 0.1 1
273.05 0.1 1
274.87 0.1 1
278.95 0.1 1
284.76 0.1 1
288.88 0.1 1
294.7 0.1 1
296.61 0.1 1
298.71 0.1 1
300.56 0.1 1
302.66 0.1 1
304.48 0.1 1
306.48 0.1 1
308.42 0.1 1
324.48 0.1 1
326.35 0.1 1
330.21 0.1 1
332.21 0.1 1
336.2 0.1 1
340.27 0.1 1
348.06 0.1 1
354.05 0.1 1
357.95 0.1 1
359.97 0.1 1
361.87 0.1 1
363.97 0.1 1
369.91 0.1 1
373.88 0.1 1
375.84 0.1 1
383.71 0.1 1
391.52 0.1 1
393.55 0.1 1
399.48 0.1 1
401.5 0.1 1
409.45 0.1 1
411.29 0.1 1
413.39 0.1 1
423.32 0.1 1
425.29 0.1 1
437.17 0.1 1
439.1 0.1 1
441.15 0.1 1
445.06 0.1 1
446.91 0.1 1
456.99 0.1 1
460.96 0.1 1
464.71 0.1 1
466.69 0.1 1
472.72 0.1 1
478.62 0.1 1
480.53 0.1 1
482.6 0.1 1
484.61 0.1 1
490.5 0.1 1
492.47 0.1 1
494.46 0.1 1
498.44 0.1 1
502.4 0.1 1
