4.18 0.1 1
6.26 0.1 1
10.05 0.1 1
12.13 0.1 1
18.07 0.1 1
20.02 0.1 1
21.99 0.1 1
24.11 0.1 1
26.11 0.1 1
33.98 0.1 1
36.01 0.1 1
37.88 0.1 1
41.96 0.1 1
45.9 0.1 1
47.88 0.1 1
49.76 0.1 1
51.9 0.1 1
57.67 0.1 1
67.74 0.1 1
69.59 0.1 1
71.69 0.1 1
73.71 0.1 1
77.57 0.1 1
79.58 0.1 1
81.64 0.1 1
85.46 0.1 1
87.46 0.1 1
89.59 0.1 1
91.4 0.1 1
95.43 0.1 1
107.33 0.1 1
121.27 0.1 1
125.22 0.1 1
127.26 0.1 1
131.08 0.1 1
133.16 0.1 1
135.19 0.1 1
137.06 0.1 1
139.16 0.1 1
144.97 0.1 1
146.93 0.1 1
151.08 0.1 1
152.99 0.1 1
154.87 0.1 1
162.89 0.1 1
166.84 0.1 1
168.82 0.1 1
170.81 0.1 1
172.79 0.1 1
176.79 0.1 1
182.81 0.1 1
184.68 0.1 1
190.75 0.1 1
194.57 0.1 1
198.58 0.1 1
202.54 0.1 1
208.5 0.1 1
214.42 0.1 1
218.32 0.1 1
224.44 0.1 1
228.34 0.1 1
238.16 0.1 1
244.27 0.1 1
246.25 0.1 1
250.1 0.1 1
258.12 0.1 1
260.12 0.1 1
261.99 0.1 1
264.16 0.1 1
266.07 0.1 1
269.98 0.1 1
274.06 0.1 1
275.88 0.1 1
279.98 0.1 1
285.82 0.1 1
289.82 0.1 1
295.74 0.1 1
297.89 0.1 1
299.8 0.1 1
301.84 0.1 1
303.79 0.1 1
305.82 0.1 1
307.67 0.1 1
309.76 0.1 1
325.66 0.1 1
327.45 0.1 1
331.57 0.1 1
333.52 0.1 1
337.47 0.1 1
341.45 0.1 1
349.36 0.1 1
355.39 0.1 1
359.29 0.1 1
361.31 0.1 1
363.31 0.1 1
365.24 0.1 1
371.21 0.1 1
375.2 0.1 1
377.25 0.1 1
385.12 0.1 1
392.92 0.1 1
395 0.1 1
400.99 0.1 1
402.94 0.1 1
410.79 0.1 1
412.93 0.1 1
414.78 0.1 1
424.82 0.1 1
426.73 0.1 1
438.75 0.1 1
440.62 0.1 1
442.57 0.1 1
446.54 0.1 1
448.64 0.1 1
458.5 0.1 1
462.46 0.1 1
466.51 0.1 1
468.48 0.1 1
474.37 0.1 1
480.27 0.1 1
482.39 0.1 1
484.19 0.1 1
486.24 0.1 1
492.19 0.1 1
494.14 0.1 1
496.19 0.1 1
500.13 0.1 1
504.21 0.1 1
