4.26 0.1 1
6.23 0.1 1
10.17 0.1 1
12.13 0.1 1
18.17 0.1 1
20.02 0.1 1
22.04 0.1 1
24.12 0.1 1
26.04 0.1 1
34.02 0.1 1
35.84 0.1 1
37.96 0.1 1
41.96 0.1 1
45.9 0.1 1
47.85 0.1 1
49.71 0.1 1
51.8 0.1 1
57.85 0.1 1
67.57 0.1 1
69.7 0.1 1
71.62 0.1 1
73.59 0.1 1
77.61 0.1 1
79.61 0.1 1
81.49 0.1 1
85.43 0.1 1
87.61 0.1 1
89.54 0.1 1
91.46 0.1 1
95.35 0.1 1
107.28 0.1 1
121.21 0.1 1
125.22 0.1 1
127.17 0.1 1
131.19 0.1 1
133.21 0.1 1
135.01 0.1 1
137.11 0.1 1
139 0.1 1
144.96 0.1 1
147 0.1 1
150.88 0.1 1
153.05 0.1 1
155.03 0.1 1
162.79 0.1 1
166.89 0.1 1
168.81 0.1 1
170.82 0.1 1
172.72 0.1 1
176.76 0.1 1
182.79 0.1 1
184.78 0.1 1
190.76 0.1 1
194.68 0.1 1
198.52 0.1 1
202.62 0.1 1
208.5 0.1 1
214.49 0.1 1
218.46 0.1 1
224.33 0.1 1
228.36 0.1 1
238.21 0.1 1
244.3 0.1 1
246.18 0.1 1
250.12 0.1 1
258.04 0.1 1
260.06 0.1 1
262.09 0.1 1
264.02 0.1 1
266.06 0.1 1
270.02 0.1 1
273.99 0.1 1
276.04 0.1 1
279.88 0.1 1
285.88 0.1 1
289.77 0.1 1
295.78 0.1 1
297.75 0.1 1
299.65 0.1 1
301.64 0.1 1
303.64 0.1 1
305.7 0.1 1
307.62 0.1 1
309.77 0.1 1
325.5 0.1 1
327.48 0.1 1
331.5 0.1 1
333.48 0.1 1
337.47 0.1 1
341.4 0.1 1
349.3 0.1 1
355.41 0.1 1
359.22 0.1 1
361.22 0.1 1
363.31 0.1 1
365.31 0.1 1
371.1 0.1 1
375.11 0.1 1
377.2 0.1 1
385.08 0.1 1
392.97 0.1 1
394.92 0.1 1
401.04 0.1 1
402.82 0.1 1
410.84 0.1 1
412.79 0.1 1
414.84 0.1 1
424.7 0.1 1
426.7 0.1 1
438.54 0.1 1
440.6 0.1 1
442.52 0.1 1
446.61 0.1 1
448.64 0.1 1
458.49 0.1 1
462.38 0.1 1
466.35 0.1 1
468.35 0.1 1
474.38 0.1 1
480.37 0.1 1
482.27 0.1 1
484.19 0.1 1
486.27 0.1 1
492.29 0.1 1
494.17 0.1 1
496.14 0.1 1
500.14 0.1 1
504.19 0.1 1
