4.12 0.1 1
6.21 0.1 1
10.22 0.1 1
12.12 0.1 1
18.11 0.1 1
20.16 0.1 1
22.09 0.1 1
24.11 0.1 1
25.96 0.1 1
33.9 0.1 1
36.03 0.1 1
38 0.1 1
41.97 0.1 1
45.94 0.1 1
47.84 0.1 1
49.92 0.1 1
51.76 0.1 1
57.77 0.1 1
67.69 0.1 1
69.68 0.1 1
71.55 0.1 1
73.55 0.1 1
77.56 0.1 1
79.5 0.1 1
81.65 0.1 1
85.45 0.1 1
87.57 0.1 1
89.45 0.1 1
91.37 0.1 1
95.49 0.1 1
107.34 0.1 1
121.23 0.1 1
125.13 0.1 1
127.22 0.1 1
131.15 0.1 1
133.17 0.1 1
135.15 0.1 1
137.17 0.1 1
139.02 0.1 1
145.06 0.1 1
146.92 0.1 1
150.99 0.1 1
152.87 0.1 1
154.97 0.1 1
162.93 0.1 1
166.75 0.1 1
168.86 0.1 1
170.91 0.1 1
172.8 0.1 1
176.83 0.1 1
182.77 0.1 1
184.74 0.1 1
190.74 0.1 1
194.59 0.1 1
198.56 0.1 1
202.49 0.1 1
208.43 0.1 1
214.35 0.1 1
218.33 0.1 1
224.27 0.1 1
228.27 0.1 1
238.12 0.1 1
244.17 0.1 1
246.17 0.1 1
250.14 0.1 1
258.05 0.1 1
260.13 0.1 1
262 0.1 1
264.08 0.1 1
265.93 0.1 1
270.05 0.1 1
273.83 0.1 1
275.92 0.1 1
279.92 0.1 1
285.74 0.1 1
289.81 0.1 1
295.73 0.1 1
297.78 0.1 1
299.73 0.1 1
301.71 0.1 1
303.69 0.1 1
305.58 0.1 1
307.71 0.1 1
309.53 0.1 1
325.55 0.1 1
327.4 0.1 1
331.54 0.1 1
333.42 0.1 1
337.47 0.1 1
341.36 0.1 1
349.3 0.1 1
355.2 0.1 1
359.18 0.1 1
361.18 0.1 1
363.27 0.1 1
365.15 0.1 1
371.09 0.1 1
375.1 0.1 1
377.06 0.1 1
384.97 0.1 1
392.91 0.1 1
394.89 0.1 1
400.98 0.1 1
402.8 0.1 1
410.8 0.1 1
412.72 0.1 1
414.72 0.1 1
424.7 0.1 1
426.67 0.1 1
438.49 0.1 1
440.58 0.1 1
442.56 0.1 1
446.53 0.1 1
448.56 0.1 1
458.52 0.1 1
462.47 0.1 1
466.27 0.1 1
468.24 0.1 1
474.37 0.1 1
480.24 0.1 1
482.14 0.1 1
484.18 0.1 1
486.16 0.1 1
492.2 0.1 1
494.05 0.1 1
496.01 0.1 1
500.05 0.1 1
503.98 0.1 1
