4.27 0.1 1
6.24 0.1 1
9.99 0.1 1
12.11 0.1 1
18.02 0.1 1
19.87 0.1 1
21.9 0.1 1
23.84 0.1 1
25.89 0.1 1
33.82 0.1 1
35.67 0.1 1
37.72 0.1 1
41.66 0.1 1
45.66 0.1 1
47.66 0.1 1
49.65 0.1 1
51.48 0.1 1
57.56 0.1 1
67.43 0.1 1
69.35 0.1 1
71.35 0.1 1
73.21 0.1 1
77.28 0.1 1
79.26 0.1 1
81.3 0.1 1
85.1 0.1 1
87.12 0.1 1
89.09 0.1 1
90.97 0.1 1
94.93 0.1 1
106.81 0.1 1
120.77 0.1 1
124.81 0.1 1
126.71 0.1 1
130.75 0.1 1
132.55 0.1 1
134.57 0.1 1
136.65 0.1 1
138.49 0.1 1
144.51 0.1 1
146.4 0.1 1
150.42 0.1 1
152.32 0.1 1
154.44 0.1 1
162.35 0.1 1
166.12 0.1 1
168.2 0.1 1
170.17 0.1 1
172.09 0.1 1
176.16 0.1 1
182.07 0.1 1
183.93 0.1 1
189.99 0.1 1
193.78 0.1 1
197.76 0.1 1
201.85 0.1 1
207.74 0.1 1
213.65 0.1 1
217.53 0.1 1
223.52 0.1 1
227.58 0.1 1
237.32 0.1 1
243.43 0.1 1
245.23 0.1 1
249.18 0.1 1
257.16 0.1 1
259.28 0.1 1
261.13 0.1 1
263.01 0.1 1
265.1 0.1 1
269.04 0.1 1
272.92 0.1 1
275.03 0.1 1
278.93 0.1 1
284.85 0.1 1
288.89 0.1 1
294.85 0.1 1
296.81 0.1 1
298.77 0.1 1
300.75 0.1 1
302.67 0.1 1
304.67 0.1 1
306.62 0.1 1
308.61 0.1 1
324.36 0.1 1
326.31 0.1 1
330.35 0.1 1
332.37 0.1 1
336.29 0.1 1
340.09 0.1 1
348.2 0.1 1
353.96 0.1 1
357.99 0.1 1
360.05 0.1 1
361.98 0.1 1
363.9 0.1 1
369.81 0.1 1
373.83 0.1 1
375.71 0.1 1
383.6 0.1 1
391.54 0.1 1
393.61 0.1 1
399.63 0.1 1
401.55 0.1 1
409.39 0.1 1
411.4 0.1 1
413.37 0.1 1
423.24 0.1 1
425.18 0.1 1
437.12 0.1 1
439.01 0.1 1
441.14 0.1 1
444.96 0.1 1
446.9 0.1 1
456.84 0.1 1
460.88 0.1 1
464.83 0.1 1
466.84 0.1 1
472.81 0.1 1
478.76 0.1 1
480.72 0.1 1
482.6 0.1 1
484.52 0.1 1
490.41 0.1 1
492.39 0.1 1
494.55 0.1 1
498.5 0.1 1
502.25 0.1 1
