4.08 0.1 1
6.26 0.1 1
10.03 0.1 1
12.15 0.1 1
18.05 0.1 1
19.97 0.1 1
22.1 0.1 1
24 0.1 1
26.02 0.1 1
34.02 0.1 1
35.99 0.1 1
37.93 0.1 1
41.78 0.1 1
45.76 0.1 1
47.76 0.1 1
49.88 0.1 1
51.88 0.1 1
57.82 0.1 1
67.57 0.1 1
69.62 0.1 1
71.7 0.1 1
73.64 0.1 1
77.66 0.1 1
79.59 0.1 1
81.58 0.1 1
85.54 0.1 1
87.56 0.1 1
89.44 0.1 1
91.5 0.1 1
95.51 0.1 1
107.4 0.1 1
121.21 0.1 1
125.24 0.1 1
127.08 0.1 1
131.06 0.1 1
133.13 0.1 1
135.01 0.1 1
137.06 0.1 1
139.16 0.1 1
145.12 0.1 1
147.02 0.1 1
150.93 0.1 1
152.92 0.1 1
154.85 0.1 1
162.94 0.1 1
166.92 0.1 1
168.87 0.1 1
170.77 0.1 1
172.78 0.1 1
176.78 0.1 1
182.63 0.1 1
184.76 0.1 1
190.76 0.1 1
194.62 0.1 1
198.58 0.1 1
202.67 0.1 1
208.56 0.1 1
214.42 0.1 1
218.43 0.1 1
224.29 0.1 1
228.4 0.1 1
238.22 0.1 1
244.15 0.1 1
246.24 0.1 1
250.1 0.1 1
258.07 0.1 1
260.19 0.1 1
262.02 0.1 1
263.99 0.1 1
266.13 0.1 1
269.96 0.1 1
274.1 0.1 1
275.95 0.1 1
279.86 0.1 1
285.93 0.1 1
289.88 0.1 1
295.72 0.1 1
297.7 0.1 1
299.74 0.1 1
301.72 0.1 1
303.84 0.1 1
305.74 0.1 1
307.77 0.1 1
309.61 0.1 1
325.66 0.1 1
327.48 0.1 1
331.58 0.1 1
333.62 0.1 1
337.5 0.1 1
341.45 0.1 1
349.42 0.1 1
355.31 0.1 1
359.33 0.1 1
361.38 0.1 1
363.36 0.1 1
365.16 0.1 1
371.25 0.1 1
375.25 0.1 1
377.13 0.1 1
385.02 0.1 1
393.12 0.1 1
395.07 0.1 1
401.01 0.1 1
402.98 0.1 1
410.85 0.1 1
412.91 0.1 1
414.85 0.1 1
424.78 0.1 1
426.67 0.1 1
438.61 0.1 1
440.76 0.1 1
442.61 0.1 1
446.54 0.1 1
448.61 0.1 1
458.61 0.1 1
462.45 0.1 1
466.43 0.1 1
468.45 0.1 1
474.33 0.1 1
480.25 0.1 1
482.42 0.1 1
484.25 0.1 1
486.29 0.1 1
492.27 0.1 1
494.23 0.1 1
496.16 0.1 1
500.14 0.1 1
504.13 0.1 1
