4.29 0.1 1
6.12 0.1 1
10.23 0.1 1
12.03 0.1 1
18.16 0.1 1
20.1 0.1 1
22.01 0.1 1
24.07 0.1 1
26.1 0.1 1
33.88 0.1 1
35.94 0.1 1
37.84 0.1 1
41.91 0.1 1
45.82 0.1 1
47.82 0.1 1
49.81 0.1 1
51.86 0.1 1
57.73 0.1 1
67.68 0.1 1
69.75 0.1 1
71.6 0.1 1
73.52 0.1 1
77.62 0.1 1
79.52 0.1 1
81.47 0.1 1
85.55 0.1 1
87.49 0.1 1
89.54 0.1 1
91.39 0.1 1
95.46 0.1 1
107.39 0.1 1
121.3 0.1 1
125.15 0.1 1
127.25 0.1 1
131.09 0.1 1
133.22 0.1 1
135.07 0.1 1
137.02 0.1 1
139.01 0.1 1
144.93 0.1 1
147.09 0.1 1
151.04 0.1 1
152.93 0.1 1
154.91 0.1 1
162.97 0.1 1
166.88 0.1 1
168.8 0.1 1
170.82 0.1 1
172.69 0.1 1
176.77 0.1 1
182.76 0.1 1
184.69 0.1 1
190.54 0.1 1
194.61 0.1 1
198.5 0.1 1
202.41 0.1 1
208.37 0.1 1
214.34 0.1 1
218.47 0.1 1
224.27 0.1 1
228.24 0.1 1
238.19 0.1 1
244.08 0.1 1
246.11 0.1 1
250.12 0.1 1
258.12 0.1 1
260.02 0.1 1
262.14 0.1 1
264.07 0.1 1
266.09 0.1 1
269.87 0.1 1
273.84 0.1 1
275.87 0.1 1
279.81 0.1 1
285.73 0.1 1
289.8 0.1 1
295.75 0.1 1
297.73 0.1 1
299.63 0.1 1
301.65 0.1 1
303.68 0.1 1
305.62 0.1 1
307.74 0.1 1
309.59 0.1 1
325.61 0.1 1
327.39 0.1 1
331.38 0.1 1
333.48 0.1 1
337.51 0.1 1
341.33 0.1 1
349.32 0.1 1
355.22 0.1 1
359.25 0.1 1
361.32 0.1 1
363.17 0.1 1
365.09 0.1 1
371.08 0.1 1
375.11 0.1 1
377 0.1 1
385.06 0.1 1
393.07 0.1 1
395 0.1 1
400.89 0.1 1
402.95 0.1 1
410.92 0.1 1
412.79 0.1 1
414.71 0.1 1
424.81 0.1 1
426.73 0.1 1
438.68 0.1 1
440.65 0.1 1
442.65 0.1 1
446.47 0.1 1
448.62 0.1 1
458.44 0.1 1
462.41 0.1 1
466.41 0.1 1
468.31 0.1 1
474.41 0.1 1
480.23 0.1 1
482.23 0.1 1
484.15 0.1 1
486.1 0.1 1
492.2 0.1 1
494.2 0.1 1
496.15 0.1 1
500.02 0.1 1
504.09 0.1 1
