4.21 0.1 1
6.27 0.1 1
10.19 0.1 1
12.09 0.1 1
17.98 0.1 1
20.01 0.1 1
22.09 0.1 1
24 0.1 1
26.01 0.1 1
33.93 0.1 1
36 0.1 1
37.93 0.1 1
41.97 0.1 1
45.92 0.1 1
47.87 0.1 1
49.72 0.1 1
51.74 0.1 1
57.84 0.1 1
67.61 0.1 1
69.61 0.1 1
71.75 0.1 1
73.61 0.1 1
77.58 0.1 1
79.67 0.1 1
81.63 0.1 1
85.43 0.1 1
87.47 0.1 1
89.49 0.1 1
91.54 0.1 1
95.5 0.1 1
107.36 0.1 1
121.25 0.1 1
125.08 0.1 1
127.2 0.1 1
131.18 0.1 1
133.1 0.1 1
135.17 0.1 1
136.99 0.1 1
138.97 0.1 1
145.04 0.1 1
147.09 0.1 1
150.97 0.1 1
152.98 0.1 1
154.93 0.1 1
162.86 0.1 1
166.81 0.1 1
168.72 0.1 1
170.76 0.1 1
172.87 0.1 1
176.65 0.1 1
182.72 0.1 1
184.62 0.1 1
190.64 0.1 1
194.64 0.1 1
198.51 0.1 1
202.59 0.1 1
208.43 0.1 1
214.55 0.1 1
218.32 0.1 1
224.38 0.1 1
228.27 0.1 1
238.22 0.1 1
244.22 0.1 1
246.16 0.1 1
250.18 0.1 1
258.15 0.1 1
260.01 0.1 1
262.01 0.1 1
264.07 0.1 1
266.12 0.1 1
270 0.1 1
273.9 0.1 1
275.85 0.1 1
279.84 0.1 1
285.94 0.1 1
289.76 0.1 1
295.79 0.1 1
297.83 0.1 1
299.81 0.1 1
301.81 0.1 1
303.75 0.1 1
305.81 0.1 1
307.7 0.1 1
309.7 0.1 1
325.47 0.1 1
327.49 0.1 1
331.59 0.1 1
333.39 0.1 1
337.41 0.1 1
341.46 0.1 1
349.31 0.1 1
355.4 0.1 1
359.2 0.1 1
361.22 0.1 1
363.17 0.1 1
365.27 0.1 1
371.14 0.1 1
375.17 0.1 1
377.22 0.1 1
385.13 0.1 1
393.06 0.1 1
394.9 0.1 1
400.95 0.1 1
403 0.1 1
410.94 0.1 1
412.94 0.1 1
414.77 0.1 1
424.84 0.1 1
426.73 0.1 1
438.61 0.1 1
440.65 0.1 1
442.55 0.1 1
446.48 0.1 1
448.53 0.1 1
458.49 0.1 1
462.5 0.1 1
466.52 0.1 1
468.37 0.1 1
474.26 0.1 1
480.31 0.1 1
482.26 0.1 1
484.2 0.1 1
486.25 0.1 1
492.15 0.1 1
494.2 0.1 1
496.1 0.1 1
500.15 0.1 1
504.14 0.1 1
