4.17 0.1 1
6.24 0.1 1
10.21 0.1 1
12.08 0.1 1
18 0.1 1
20.1 0.1 1
22.1 0.1 1
24.07 0.1 1
25.93 0.1 1
33.85 0.1 1
35.89 0.1 1
37.84 0.1 1
41.84 0.1 1
45.86 0.1 1
47.89 0.1 1
49.77 0.1 1
51.76 0.1 1
57.76 0.1 1
67.61 0.1 1
69.63 0.1 1
71.56 0.1 1
73.58 0.1 1
77.67 0.1 1
79.55 0.1 1
81.6 0.1 1
85.44 0.1 1
87.62 0.1 1
89.52 0.1 1
91.42 0.1 1
95.51 0.1 1
107.38 0.1 1
121.23 0.1 1
125.27 0.1 1
127.27 0.1 1
131.14 0.1 1
133.1 0.1 1
135.14 0.1 1
137.21 0.1 1
138.99 0.1 1
145.06 0.1 1
146.99 0.1 1
150.91 0.1 1
153.01 0.1 1
155.03 0.1 1
162.8 0.1 1
166.77 0.1 1
168.92 0.1 1
170.92 0.1 1
172.8 0.1 1
176.85 0.1 1
182.74 0.1 1
184.77 0.1 1
190.72 0.1 1
194.61 0.1 1
198.58 0.1 1
202.61 0.1 1
208.53 0.1 1
214.55 0.1 1
218.5 0.1 1
224.44 0.1 1
228.31 0.1 1
238.18 0.1 1
244.29 0.1 1
246.19 0.1 1
250.15 0.1 1
258.05 0.1 1
260.1 0.1 1
262.18 0.1 1
264.08 0.1 1
266.05 0.1 1
270.12 0.1 1
273.9 0.1 1
275.96 0.1 1
279.87 0.1 1
285.83 0.1 1
289.79 0.1 1
295.88 0.1 1
297.81 0.1 1
299.71 0.1 1
301.81 0.1 1
303.8 0.1 1
305.78 0.1 1
307.6 0.1 1
309.77 0.1 1
325.47 0.1 1
327.47 0.1 1
331.46 0.1 1
333.54 0.1 1
337.48 0.1 1
341.36 0.1 1
349.35 0.1 1
355.42 0.1 1
359.27 0.1 1
361.35 0.1 1
363.35 0.1 1
365.15 0.1 1
371.09 0.1 1
375.19 0.1 1
377.13 0.1 1
384.98 0.1 1
393.01 0.1 1
394.95 0.1 1
400.98 0.1 1
402.83 0.1 1
410.9 0.1 1
412.92 0.1 1
414.86 0.1 1
424.71 0.1 1
426.73 0.1 1
438.73 0.1 1
440.6 0.1 1
442.65 0.1 1
446.53 0.1 1
448.62 0.1 1
458.54 0.1 1
462.44 0.1 1
466.52 0.1 1
468.44 0.1 1
474.38 0.1 1
480.33 0.1 1
482.35 0.1 1
484.38 0.1 1
486.31 0.1 1
492.17 0.1 1
494.2 0.1 1
496.22 0.1 1
500.15 0.1 1
504.11 0.1 1
