4.23 0.1 1
6.26 0.1 1
10.18 0.1 1
12.2 0.1 1
18 0.1 1
20.01 0.1 1
22.1 0.1 1
23.95 0.1 1
26.1 0.1 1
34.02 0.1 1
35.95 0.1 1
37.9 0.1 1
41.82 0.1 1
45.89 0.1 1
47.86 0.1 1
49.92 0.1 1
51.89 0.1 1
57.83 0.1 1
67.77 0.1 1
69.68 0.1 1
71.72 0.1 1
73.68 0.1 1
77.57 0.1 1
79.64 0.1 1
81.49 0.1 1
85.56 0.1 1
87.57 0.1 1
89.42 0.1 1
91.51 0.1 1
95.49 0.1 1
107.26 0.1 1
121.35 0.1 1
125.12 0.1 1
127.17 0.1 1
131.1 0.1 1
133.1 0.1 1
135.12 0.1 1
137.02 0.1 1
139.21 0.1 1
145.14 0.1 1
147.03 0.1 1
151.09 0.1 1
152.93 0.1 1
155.06 0.1 1
162.97 0.1 1
166.93 0.1 1
168.82 0.1 1
170.88 0.1 1
172.92 0.1 1
176.72 0.1 1
182.77 0.1 1
184.64 0.1 1
190.79 0.1 1
194.76 0.1 1
198.61 0.1 1
202.66 0.1 1
208.6 0.1 1
214.43 0.1 1
218.4 0.1 1
224.39 0.1 1
228.42 0.1 1
238.26 0.1 1
244.26 0.1 1
246.23 0.1 1
250.15 0.1 1
258.03 0.1 1
260.05 0.1 1
262.13 0.1 1
264.04 0.1 1
266.14 0.1 1
270.14 0.1 1
273.95 0.1 1
276.07 0.1 1
280.02 0.1 1
285.88 0.1 1
289.93 0.1 1
295.91 0.1 1
297.73 0.1 1
299.7 0.1 1
301.71 0.1 1
303.72 0.1 1
305.72 0.1 1
307.67 0.1 1
309.67 0.1 1
325.61 0.1 1
327.66 0.1 1
331.53 0.1 1
333.49 0.1 1
337.54 0.1 1
341.48 0.1 1
349.43 0.1 1
355.25 0.1 1
359.25 0.1 1
361.4 0.1 1
363.19 0.1 1
365.27 0.1 1
371.14 0.1 1
375.19 0.1 1
377.14 0.1 1
385.16 0.1 1
392.95 0.1 1
395.06 0.1 1
400.95 0.1 1
403 0.1 1
411 0.1 1
412.82 0.1 1
414.79 0.1 1
424.74 0.1 1
426.88 0.1 1
438.75 0.1 1
440.73 0.1 1
442.56 0.1 1
446.68 0.1 1
448.7 0.1 1
458.44 0.1 1
462.47 0.1 1
466.41 0.1 1
468.39 0.1 1
474.41 0.1 1
480.43 0.1 1
482.38 0.1 1
484.33 0.1 1
486.36 0.1 1
492.3 0.1 1
494.3 0.1 1
496.25 0.1 1
500.22 0.1 1
504.05 0.1 1
