4.29 0.1 1
6.2 0.1 1
10.15 0.1 1
12.12 0.1 1
18.12 0.1 1
20.09 0.1 1
21.96 0.1 1
24.11 0.1 1
26.09 0.1 1
33.93 0.1 1
35.98 0.1 1
37.93 0.1 1
41.8 0.1 1
45.95 0.1 1
47.94 0.1 1
49.89 0.1 1
51.72 0.1 1
57.82 0.1 1
67.71 0.1 1
69.64 0.1 1
71.66 0.1 1
73.63 0.1 1
77.7 0.1 1
79.5 0.1 1
81.6 0.1 1
85.48 0.1 1
87.48 0.1 1
89.59 0.1 1
91.49 0.1 1
95.56 0.1 1
107.43 0.1 1
121.25 0.1 1
125.23 0.1 1
127.2 0.1 1
131.15 0.1 1
133.07 0.1 1
135.1 0.1 1
137 0.1 1
139.1 0.1 1
144.94 0.1 1
147.01 0.1 1
150.98 0.1 1
152.91 0.1 1
154.99 0.1 1
162.81 0.1 1
166.81 0.1 1
168.88 0.1 1
170.88 0.1 1
172.87 0.1 1
176.82 0.1 1
182.69 0.1 1
184.64 0.1 1
190.76 0.1 1
194.58 0.1 1
198.56 0.1 1
202.56 0.1 1
208.63 0.1 1
214.57 0.1 1
218.4 0.1 1
224.47 0.1 1
228.46 0.1 1
238.26 0.1 1
244.23 0.1 1
246.3 0.1 1
250.25 0.1 1
258.17 0.1 1
260 0.1 1
262.17 0.1 1
264.09 0.1 1
266.02 0.1 1
270.11 0.1 1
273.96 0.1 1
275.89 0.1 1
280.02 0.1 1
285.96 0.1 1
289.78 0.1 1
295.83 0.1 1
297.73 0.1 1
299.87 0.1 1
301.75 0.1 1
303.83 0.1 1
305.7 0.1 1
307.74 0.1 1
309.74 0.1 1
325.56 0.1 1
327.64 0.1 1
331.46 0.1 1
333.41 0.1 1
337.5 0.1 1
341.37 0.1 1
349.45 0.1 1
355.25 0.1 1
359.39 0.1 1
361.27 0.1 1
363.31 0.1 1
365.34 0.1 1
371.11 0.1 1
375.21 0.1 1
377.1 0.1 1
385.1 0.1 1
393 0.1 1
395.1 0.1 1
401.06 0.1 1
403 0.1 1
410.93 0.1 1
412.94 0.1 1
414.74 0.1 1
424.83 0.1 1
426.83 0.1 1
438.59 0.1 1
440.62 0.1 1
442.64 0.1 1
446.54 0.1 1
448.59 0.1 1
458.56 0.1 1
462.51 0.1 1
466.51 0.1 1
468.41 0.1 1
474.3 0.1 1
480.24 0.1 1
482.22 0.1 1
484.27 0.1 1
486.24 0.1 1
492.11 0.1 1
494.12 0.1 1
496.27 0.1 1
500.21 0.1 1
504.06 0.1 1
