4.14 0.1 1
6.16 0.1 1
10.16 0.1 1
12.05 0.1 1
18.02 0.1 1
19.96 0.1 1
22.01 0.1 1
23.91 0.1 1
25.91 0.1 1
33.74 0.1 1
35.72 0.1 1
37.67 0.1 1
41.65 0.1 1
45.68 0.1 1
47.57 0.1 1
49.5 0.1 1
51.52 0.1 1
57.56 0.1 1
67.36 0.1 1
69.36 0.1 1
71.39 0.1 1
73.28 0.1 1
77.31 0.1 1
79.13 0.1 1
81.17 0.1 1
85.24 0.1 1
87.21 0.1 1
89.11 0.1 1
91.16 0.1 1
94.97 0.1 1
106.91 0.1 1
120.71 0.1 1
124.83 0.1 1
126.72 0.1 1
130.62 0.1 1
132.67 0.1 1
134.51 0.1 1
136.62 0.1 1
138.48 0.1 1
144.43 0.1 1
146.55 0.1 1
150.31 0.1 1
152.37 0.1 1
154.28 0.1 1
162.28 0.1 1
166.31 0.1 1
168.14 0.1 1
170.06 0.1 1
172.21 0.1 1
176 0.1 1
182.04 0.1 1
183.96 0.1 1
189.84 0.1 1
193.9 0.1 1
197.84 0.1 1
201.74 0.1 1
207.75 0.1 1
213.77 0.1 1
217.61 0.1 1
223.58 0.1 1
227.42 0.1 1
237.49 0.1 1
243.3 0.1 1
245.44 0.1 1
249.34 0.1 1
257.13 0.1 1
259.23 0.1 1
261.1 0.1 1
263.14 0.1 1
265 0.1 1
268.99 0.1 1
273.03 0.1 1
274.93 0.1 1
278.94 0.1 1
284.89 0.1 1
288.86 0.1 1
294.83 0.1 1
296.82 0.1 1
298.69 0.1 1
300.64 0.1 1
302.54 0.1 1
304.56 0.1 1
306.65 0.1 1
308.48 0.1 1
324.38 0.1 1
326.32 0.1 1
330.34 0.1 1
332.32 0.1 1
336.14 0.1 1
340.21 0.1 1
348.07 0.1 1
354.16 0.1 1
358.12 0.1 1
359.98 0.1 1
362 0.1 1
363.89 0.1 1
369.93 0.1 1
373.88 0.1 1
375.72 0.1 1
383.68 0.1 1
391.6 0.1 1
393.58 0.1 1
399.52 0.1 1
401.56 0.1 1
409.45 0.1 1
411.34 0.1 1
413.31 0.1 1
423.3 0.1 1
425.33 0.1 1
437.21 0.1 1
439.01 0.1 1
441.08 0.1 1
445 0.1 1
447.01 0.1 1
457.02 0.1 1
460.97 0.1 1
464.79 0.1 1
466.83 0.1 1
472.8 0.1 1
478.59 0.1 1
480.61 0.1 1
482.51 0.1 1
484.68 0.1 1
490.48 0.1 1
492.5 0.1 1
494.35 0.1 1
498.46 0.1 1
502.41 0.1 1
