4.09 0.1 1
6.11 0.1 1
10.14 0.1 1
12.21 0.1 1
18.03 0.1 1
20.03 0.1 1
22.06 0.1 1
24.08 0.1 1
25.93 0.1 1
33.9 0.1 1
35.95 0.1 1
37.93 0.1 1
41.97 0.1 1
45.84 0.1 1
47.74 0.1 1
49.85 0.1 1
51.81 0.1 1
57.76 0.1 1
67.63 0.1 1
69.73 0.1 1
71.73 0.1 1
73.61 0.1 1
77.58 0.1 1
79.67 0.1 1
81.67 0.1 1
85.48 0.1 1
87.45 0.1 1
89.52 0.1 1
91.59 0.1 1
95.42 0.1 1
107.41 0.1 1
121.15 0.1 1
125.13 0.1 1
127.1 0.1 1
131.17 0.1 1
133.25 0.1 1
135.22 0.1 1
137.05 0.1 1
139.17 0.1 1
145.16 0.1 1
146.96 0.1 1
151.03 0.1 1
152.96 0.1 1
154.91 0.1 1
163.01 0.1 1
166.83 0.1 1
168.86 0.1 1
170.8 0.1 1
172.9 0.1 1
176.9 0.1 1
182.65 0.1 1
184.82 0.1 1
190.67 0.1 1
194.66 0.1 1
198.53 0.1 1
202.68 0.1 1
208.58 0.1 1
214.5 0.1 1
218.55 0.1 1
224.35 0.1 1
228.29 0.1 1
238.27 0.1 1
244.22 0.1 1
246.23 0.1 1
250.31 0.1 1
258.25 0.1 1
260.05 0.1 1
262.05 0.1 1
264.13 0.1 1
266.18 0.1 1
269.97 0.1 1
273.94 0.1 1
275.92 0.1 1
279.94 0.1 1
285.91 0.1 1
289.98 0.1 1
295.94 0.1 1
297.88 0.1 1
299.71 0.1 1
301.75 0.1 1
303.83 0.1 1
305.7 0.1 1
307.65 0.1 1
309.71 0.1 1
325.7 0.1 1
327.57 0.1 1
331.59 0.1 1
333.64 0.1 1
337.48 0.1 1
341.56 0.1 1
349.4 0.1 1
355.46 0.1 1
359.35 0.1 1
361.35 0.1 1
363.2 0.1 1
365.38 0.1 1
371.22 0.1 1
375.27 0.1 1
377.26 0.1 1
385.09 0.1 1
393.01 0.1 1
394.93 0.1 1
400.91 0.1 1
402.92 0.1 1
410.82 0.1 1
412.87 0.1 1
414.85 0.1 1
424.79 0.1 1
426.76 0.1 1
438.58 0.1 1
440.61 0.1 1
442.66 0.1 1
446.68 0.1 1
448.55 0.1 1
458.44 0.1 1
462.55 0.1 1
466.52 0.1 1
468.54 0.1 1
474.31 0.1 1
480.44 0.1 1
482.36 0.1 1
484.21 0.1 1
486.31 0.1 1
492.23 0.1 1
494.3 0.1 1
496.26 0.1 1
500.15 0.1 1
504.2 0.1 1
