4.22 0.1 1
6.1 0.1 1
10.24 0.1 1
12.09 0.1 1
18.06 0.1 1
19.97 0.1 1
22.02 0.1 1
24.01 0.1 1
25.94 0.1 1
33.86 0.1 1
35.93 0.1 1
37.85 0.1 1
41.97 0.1 1
45.75 0.1 1
47.73 0.1 1
49.88 0.1 1
51.8 0.1 1
57.74 0.1 1
67.74 0.1 1
69.58 0.1 1
71.63 0.1 1
73.54 0.1 1
77.63 0.1 1
79.55 0.1 1
81.51 0.1 1
85.52 0.1 1
87.48 0.1 1
89.48 0.1 1
91.38 0.1 1
95.47 0.1 1
107.32 0.1 1
121.3 0.1 1
125.18 0.1 1
127.2 0.1 1
131.23 0.1 1
133.05 0.1 1
135.15 0.1 1
137.08 0.1 1
139.07 0.1 1
145.1 0.1 1
146.99 0.1 1
150.91 0.1 1
153.04 0.1 1
154.84 0.1 1
162.98 0.1 1
166.91 0.1 1
168.88 0.1 1
170.88 0.1 1
172.83 0.1 1
176.87 0.1 1
182.62 0.1 1
184.75 0.1 1
190.57 0.1 1
194.69 0.1 1
198.59 0.1 1
202.66 0.1 1
208.53 0.1 1
214.41 0.1 1
218.5 0.1 1
224.45 0.1 1
228.24 0.1 1
238.32 0.1 1
244.24 0.1 1
246.08 0.1 1
250.13 0.1 1
258.11 0.1 1
260.06 0.1 1
262.01 0.1 1
264.07 0.1 1
266.03 0.1 1
269.94 0.1 1
273.97 0.1 1
275.85 0.1 1
279.97 0.1 1
285.94 0.1 1
289.84 0.1 1
295.66 0.1 1
297.68 0.1 1
299.83 0.1 1
301.65 0.1 1
303.6 0.1 1
305.67 0.1 1
307.77 0.1 1
309.63 0.1 1
325.44 0.1 1
327.61 0.1 1
331.43 0.1 1
333.52 0.1 1
337.48 0.1 1
341.33 0.1 1
349.28 0.1 1
355.25 0.1 1
359.22 0.1 1
361.27 0.1 1
363.25 0.1 1
365.15 0.1 1
371.19 0.1 1
375.12 0.1 1
377.01 0.1 1
385.1 0.1 1
393.08 0.1 1
394.95 0.1 1
400.83 0.1 1
402.9 0.1 1
410.77 0.1 1
412.89 0.1 1
414.81 0.1 1
424.83 0.1 1
426.66 0.1 1
438.62 0.1 1
440.65 0.1 1
442.6 0.1 1
446.63 0.1 1
448.59 0.1 1
458.39 0.1 1
462.52 0.1 1
466.48 0.1 1
468.43 0.1 1
474.41 0.1 1
480.36 0.1 1
482.31 0.1 1
484.15 0.1 1
486.2 0.1 1
492.29 0.1 1
494.27 0.1 1
496.09 0.1 1
500.17 0.1 1
504.12 0.1 1
