4.19 0.1 1
6.21 0.1 1
10.22 0.1 1
12.16 0.1 1
18.14 0.1 1
20.16 0.1 1
22.13 0.1 1
23.96 0.1 1
26.06 0.1 1
33.85 0.1 1
35.83 0.1 1
37.88 0.1 1
41.84 0.1 1
45.79 0.1 1
47.89 0.1 1
49.84 0.1 1
51.85 0.1 1
57.74 0.1 1
67.63 0.1 1
69.76 0.1 1
71.61 0.1 1
73.56 0.1 1
77.7 0.1 1
79.6 0.1 1
81.65 0.1 1
85.5 0.1 1
87.47 0.1 1
89.42 0.1 1
91.45 0.1 1
95.5 0.1 1
107.36 0.1 1
121.25 0.1 1
125.3 0.1 1
127.1 0.1 1
131.1 0.1 1
133.17 0.1 1
135.1 0.1 1
137.19 0.1 1
139.17 0.1 1
145.12 0.1 1
147.14 0.1 1
150.92 0.1 1
153.06 0.1 1
155.03 0.1 1
162.91 0.1 1
166.9 0.1 1
168.76 0.1 1
170.83 0.1 1
172.9 0.1 1
176.82 0.1 1
182.74 0.1 1
184.67 0.1 1
190.69 0.1 1
194.62 0.1 1
198.52 0.1 1
202.53 0.1 1
208.48 0.1 1
214.58 0.1 1
218.45 0.1 1
224.3 0.1 1
228.28 0.1 1
238.21 0.1 1
244.34 0.1 1
246.31 0.1 1
250.09 0.1 1
258.1 0.1 1
260.01 0.1 1
262.08 0.1 1
264.1 0.1 1
266.17 0.1 1
270.05 0.1 1
274.1 0.1 1
275.95 0.1 1
279.92 0.1 1
285.89 0.1 1
289.77 0.1 1
295.88 0.1 1
297.78 0.1 1
299.78 0.1 1
301.73 0.1 1
303.73 0.1 1
305.83 0.1 1
307.7 0.1 1
309.78 0.1 1
325.49 0.1 1
327.6 0.1 1
331.47 0.1 1
333.44 0.1 1
337.54 0.1 1
341.46 0.1 1
349.41 0.1 1
355.35 0.1 1
359.23 0.1 1
361.23 0.1 1
363.25 0.1 1
365.23 0.1 1
371.25 0.1 1
375.15 0.1 1
377.2 0.1 1
384.99 0.1 1
393.03 0.1 1
395.09 0.1 1
400.91 0.1 1
402.98 0.1 1
410.95 0.1 1
412.92 0.1 1
414.95 0.1 1
424.87 0.1 1
426.79 0.1 1
438.63 0.1 1
440.61 0.1 1
442.54 0.1 1
446.61 0.1 1
448.68 0.1 1
458.45 0.1 1
462.52 0.1 1
466.52 0.1 1
468.52 0.1 1
474.46 0.1 1
480.26 0.1 1
482.34 0.1 1
484.34 0.1 1
486.33 0.1 1
492.26 0.1 1
494.11 0.1 1
496.13 0.1 1
500.18 0.1 1
504.07 0.1 1
