4.08 0.1 1
6.13 0.1 1
10.18 0.1 1
12.15 0.1 1
18.02 0.1 1
19.97 0.1 1
22 0.1 1
23.93 0.1 1
25.95 0.1 1
34.01 0.1 1
35.82 0.1 1
37.91 0.1 1
41.88 0.1 1
45.88 0.1 1
47.73 0.1 1
49.76 0.1 1
51.78 0.1 1
57.65 0.1 1
67.77 0.1 1
69.67 0.1 1
71.65 0.1 1
73.72 0.1 1
77.62 0.1 1
79.57 0.1 1
81.51 0.1 1
85.62 0.1 1
87.47 0.1 1
89.58 0.1 1
91.44 0.1 1
95.34 0.1 1
107.35 0.1 1
121.14 0.1 1
125.17 0.1 1
127.09 0.1 1
131.19 0.1 1
133.04 0.1 1
135.21 0.1 1
137.19 0.1 1
139.18 0.1 1
145.05 0.1 1
147 0.1 1
151.08 0.1 1
152.95 0.1 1
155.02 0.1 1
162.87 0.1 1
166.89 0.1 1
168.92 0.1 1
170.94 0.1 1
172.82 0.1 1
176.89 0.1 1
182.78 0.1 1
184.63 0.1 1
190.6 0.1 1
194.71 0.1 1
198.63 0.1 1
202.68 0.1 1
208.5 0.1 1
214.56 0.1 1
218.47 0.1 1
224.34 0.1 1
228.48 0.1 1
238.4 0.1 1
244.33 0.1 1
246.2 0.1 1
250.28 0.1 1
258.14 0.1 1
260.14 0.1 1
262.14 0.1 1
264.02 0.1 1
266.02 0.1 1
270.01 0.1 1
274.09 0.1 1
276.01 0.1 1
279.91 0.1 1
286 0.1 1
289.97 0.1 1
295.8 0.1 1
297.87 0.1 1
299.89 0.1 1
301.89 0.1 1
303.72 0.1 1
305.79 0.1 1
307.69 0.1 1
309.77 0.1 1
325.65 0.1 1
327.53 0.1 1
331.6 0.1 1
333.48 0.1 1
337.48 0.1 1
341.54 0.1 1
349.32 0.1 1
355.44 0.1 1
359.32 0.1 1
361.29 0.1 1
363.38 0.1 1
365.29 0.1 1
371.13 0.1 1
375.11 0.1 1
377.06 0.1 1
385.17 0.1 1
393.04 0.1 1
394.97 0.1 1
400.87 0.1 1
402.89 0.1 1
410.83 0.1 1
412.91 0.1 1
414.88 0.1 1
424.83 0.1 1
426.7 0.1 1
438.65 0.1 1
440.57 0.1 1
442.61 0.1 1
446.56 0.1 1
448.61 0.1 1
458.43 0.1 1
462.5 0.1 1
466.45 0.1 1
468.45 0.1 1
474.48 0.1 1
480.39 0.1 1
482.37 0.1 1
484.32 0.1 1
486.36 0.1 1
492.29 0.1 1
494.12 0.1 1
496.23 0.1 1
500.09 0.1 1
504.25 0.1 1
