4.13 0.1 1
6.18 0.1 1
10.08 0.1 1
12.12 0.1 1
18.05 0.1 1
20.02 0.1 1
22.04 0.1 1
23.97 0.1 1
26.02 0.1 1
33.91 0.1 1
35.96 0.1 1
37.99 0.1 1
41.98 0.1 1
45.76 0.1 1
47.81 0.1 1
49.81 0.1 1
51.75 0.1 1
57.75 0.1 1
67.59 0.1 1
69.55 0.1 1
71.69 0.1 1
73.52 0.1 1
77.51 0.1 1
79.51 0.1 1
81.61 0.1 1
85.51 0.1 1
87.43 0.1 1
89.44 0.1 1
91.41 0.1 1
95.51 0.1 1
107.22 0.1 1
121.31 0.1 1
125.12 0.1 1
127.17 0.1 1
131.21 0.1 1
133.09 0.1 1
135.08 0.1 1
137 0.1 1
139.03 0.1 1
144.9 0.1 1
147.08 0.1 1
151.03 0.1 1
152.83 0.1 1
154.92 0.1 1
162.94 0.1 1
166.79 0.1 1
168.89 0.1 1
170.72 0.1 1
172.82 0.1 1
176.64 0.1 1
182.69 0.1 1
184.63 0.1 1
190.56 0.1 1
194.67 0.1 1
198.57 0.1 1
202.62 0.1 1
208.55 0.1 1
214.42 0.1 1
218.46 0.1 1
224.41 0.1 1
228.36 0.1 1
238.15 0.1 1
244.13 0.1 1
246.25 0.1 1
250.17 0.1 1
258.11 0.1 1
260.07 0.1 1
261.96 0.1 1
264.02 0.1 1
265.98 0.1 1
270.01 0.1 1
273.96 0.1 1
275.93 0.1 1
279.93 0.1 1
285.73 0.1 1
289.82 0.1 1
295.74 0.1 1
297.74 0.1 1
299.8 0.1 1
301.64 0.1 1
303.74 0.1 1
305.59 0.1 1
307.74 0.1 1
309.62 0.1 1
325.51 0.1 1
327.45 0.1 1
331.37 0.1 1
333.48 0.1 1
337.4 0.1 1
341.29 0.1 1
349.36 0.1 1
355.16 0.1 1
359.18 0.1 1
361.19 0.1 1
363.24 0.1 1
365.09 0.1 1
371.11 0.1 1
375.15 0.1 1
377.01 0.1 1
384.93 0.1 1
392.99 0.1 1
394.95 0.1 1
400.79 0.1 1
402.97 0.1 1
410.73 0.1 1
412.81 0.1 1
414.8 0.1 1
424.76 0.1 1
426.78 0.1 1
438.59 0.1 1
440.6 0.1 1
442.61 0.1 1
446.62 0.1 1
448.46 0.1 1
458.49 0.1 1
462.3 0.1 1
466.36 0.1 1
468.31 0.1 1
474.25 0.1 1
480.19 0.1 1
482.25 0.1 1
484.19 0.1 1
486.17 0.1 1
492.12 0.1 1
494.11 0.1 1
496.14 0.1 1
500.19 0.1 1
504.16 0.1 1
