4.1 0.1 1
6.11 0.1 1
10.2 0.1 1
12.22 0.1 1
17.98 0.1 1
19.99 0.1 1
21.94 0.1 1
23.95 0.1 1
25.92 0.1 1
34.04 0.1 1
35.99 0.1 1
37.99 0.1 1
41.88 0.1 1
45.76 0.1 1
47.73 0.1 1
49.81 0.1 1
51.71 0.1 1
57.67 0.1 1
67.55 0.1 1
69.65 0.1 1
71.56 0.1 1
73.51 0.1 1
77.66 0.1 1
79.62 0.1 1
81.54 0.1 1
85.51 0.1 1
87.46 0.1 1
89.53 0.1 1
91.43 0.1 1
95.48 0.1 1
107.33 0.1 1
121.14 0.1 1
125.12 0.1 1
127.19 0.1 1
131.14 0.1 1
133.21 0.1 1
135.13 0.1 1
137.03 0.1 1
139.13 0.1 1
144.95 0.1 1
147.05 0.1 1
150.92 0.1 1
153.03 0.1 1
155 0.1 1
162.87 0.1 1
166.81 0.1 1
168.71 0.1 1
170.82 0.1 1
172.73 0.1 1
176.81 0.1 1
182.63 0.1 1
184.56 0.1 1
190.52 0.1 1
194.62 0.1 1
198.65 0.1 1
202.6 0.1 1
208.51 0.1 1
214.51 0.1 1
218.29 0.1 1
224.25 0.1 1
228.28 0.1 1
238.27 0.1 1
244.29 0.1 1
246.19 0.1 1
250.07 0.1 1
258.06 0.1 1
260.06 0.1 1
262.11 0.1 1
263.96 0.1 1
266.03 0.1 1
269.91 0.1 1
274.03 0.1 1
275.98 0.1 1
279.78 0.1 1
285.88 0.1 1
289.84 0.1 1
295.65 0.1 1
297.76 0.1 1
299.82 0.1 1
301.61 0.1 1
303.74 0.1 1
305.66 0.1 1
307.63 0.1 1
309.71 0.1 1
325.52 0.1 1
327.58 0.1 1
331.55 0.1 1
333.45 0.1 1
337.4 0.1 1
341.31 0.1 1
349.29 0.1 1
355.34 0.1 1
359.19 0.1 1
361.28 0.1 1
363.23 0.1 1
365.2 0.1 1
371.1 0.1 1
375.08 0.1 1
377.13 0.1 1
385.06 0.1 1
393.02 0.1 1
394.89 0.1 1
400.88 0.1 1
402.93 0.1 1
410.73 0.1 1
412.78 0.1 1
414.72 0.1 1
424.67 0.1 1
426.75 0.1 1
438.62 0.1 1
440.49 0.1 1
442.61 0.1 1
446.58 0.1 1
448.56 0.1 1
458.33 0.1 1
462.45 0.1 1
466.33 0.1 1
468.32 0.1 1
474.31 0.1 1
480.34 0.1 1
482.29 0.1 1
484.11 0.1 1
486.09 0.1 1
492.21 0.1 1
494.23 0.1 1
496.11 0.1 1
500.16 0.1 1
504 0.1 1
