4.14 0.1 1
6.07 0.1 1
10.19 0.1 1
12.19 0.1 1
17.99 0.1 1
20.02 0.1 1
21.99 0.1 1
24.13 0.1 1
26.04 0.1 1
33.85 0.1 1
35.88 0.1 1
37.97 0.1 1
41.95 0.1 1
45.75 0.1 1
47.78 0.1 1
49.87 0.1 1
51.82 0.1 1
57.77 0.1 1
67.71 0.1 1
69.66 0.1 1
71.61 0.1 1
73.69 0.1 1
77.56 0.1 1
79.61 0.1 1
81.46 0.1 1
85.47 0.1 1
87.53 0.1 1
89.5 0.1 1
91.42 0.1 1
95.55 0.1 1
107.44 0.1 1
121.19 0.1 1
125.28 0.1 1
127.2 0.1 1
131.22 0.1 1
133.16 0.1 1
135.17 0.1 1
137.17 0.1 1
139.05 0.1 1
145.12 0.1 1
147.07 0.1 1
150.99 0.1 1
153.06 0.1 1
155.04 0.1 1
162.99 0.1 1
166.83 0.1 1
168.81 0.1 1
170.86 0.1 1
172.86 0.1 1
176.73 0.1 1
182.72 0.1 1
184.7 0.1 1
190.69 0.1 1
194.72 0.1 1
198.64 0.1 1
202.62 0.1 1
208.64 0.1 1
214.4 0.1 1
218.41 0.1 1
224.41 0.1 1
228.4 0.1 1
238.3 0.1 1
244.19 0.1 1
246.17 0.1 1
250.14 0.1 1
258.04 0.1 1
260.23 0.1 1
262.21 0.1 1
264.18 0.1 1
266.01 0.1 1
270.08 0.1 1
274 0.1 1
276 0.1 1
280.07 0.1 1
285.84 0.1 1
289.84 0.1 1
295.94 0.1 1
297.91 0.1 1
299.88 0.1 1
301.73 0.1 1
303.71 0.1 1
305.73 0.1 1
307.64 0.1 1
309.76 0.1 1
325.62 0.1 1
327.49 0.1 1
331.47 0.1 1
333.54 0.1 1
337.41 0.1 1
341.42 0.1 1
349.39 0.1 1
355.35 0.1 1
359.38 0.1 1
361.41 0.1 1
363.38 0.1 1
365.23 0.1 1
371.24 0.1 1
375.29 0.1 1
377.14 0.1 1
385.11 0.1 1
392.99 0.1 1
395.01 0.1 1
401.01 0.1 1
402.96 0.1 1
410.98 0.1 1
412.95 0.1 1
414.95 0.1 1
424.84 0.1 1
426.84 0.1 1
438.74 0.1 1
440.68 0.1 1
442.73 0.1 1
446.6 0.1 1
448.63 0.1 1
458.58 0.1 1
462.6 0.1 1
466.5 0.1 1
468.54 0.1 1
474.36 0.1 1
480.31 0.1 1
482.49 0.1 1
484.36 0.1 1
486.39 0.1 1
492.39 0.1 1
494.33 0.1 1
496.35 0.1 1
500.35 0.1 1
504.25 0.1 1
