4.26 0.1 1
6.12 0.1 1
10.22 0.1 1
12.13 0.1 1
18.1 0.1 1
20.09 0.1 1
22.05 0.1 1
24.09 0.1 1
25.97 0.1 1
33.93 0.1 1
36.01 0.1 1
37.94 0.1 1
41.86 0.1 1
45.86 0.1 1
47.9 0.1 1
49.81 0.1 1
51.85 0.1 1
57.85 0.1 1
67.57 0.1 1
69.66 0.1 1
71.61 0.1 1
73.59 0.1 1
77.51 0.1 1
79.63 0.1 1
81.64 0.1 1
85.58 0.1 1
87.41 0.1 1
89.41 0.1 1
91.46 0.1 1
95.45 0.1 1
107.44 0.1 1
121.16 0.1 1
125.21 0.1 1
127.11 0.1 1
131.13 0.1 1
133.1 0.1 1
135.15 0.1 1
137.01 0.1 1
139.05 0.1 1
144.95 0.1 1
147 0.1 1
150.95 0.1 1
152.97 0.1 1
154.95 0.1 1
162.96 0.1 1
166.94 0.1 1
168.81 0.1 1
170.76 0.1 1
172.83 0.1 1
176.68 0.1 1
182.76 0.1 1
184.81 0.1 1
190.58 0.1 1
194.54 0.1 1
198.57 0.1 1
202.59 0.1 1
208.44 0.1 1
214.39 0.1 1
218.38 0.1 1
224.35 0.1 1
228.26 0.1 1
238.24 0.1 1
244.25 0.1 1
246.14 0.1 1
250.26 0.1 1
258.06 0.1 1
260.06 0.1 1
262.09 0.1 1
263.98 0.1 1
266.13 0.1 1
270.05 0.1 1
273.96 0.1 1
275.97 0.1 1
279.85 0.1 1
285.89 0.1 1
289.94 0.1 1
295.79 0.1 1
297.82 0.1 1
299.86 0.1 1
301.79 0.1 1
303.84 0.1 1
305.74 0.1 1
307.64 0.1 1
309.71 0.1 1
325.58 0.1 1
327.62 0.1 1
331.5 0.1 1
333.57 0.1 1
337.59 0.1 1
341.36 0.1 1
349.46 0.1 1
355.41 0.1 1
359.28 0.1 1
361.3 0.1 1
363.23 0.1 1
365.27 0.1 1
371.17 0.1 1
375.14 0.1 1
377.22 0.1 1
385.09 0.1 1
393.03 0.1 1
394.93 0.1 1
401.01 0.1 1
402.95 0.1 1
410.85 0.1 1
412.87 0.1 1
414.82 0.1 1
424.86 0.1 1
426.74 0.1 1
438.76 0.1 1
440.59 0.1 1
442.55 0.1 1
446.7 0.1 1
448.65 0.1 1
458.55 0.1 1
462.55 0.1 1
466.47 0.1 1
468.52 0.1 1
474.32 0.1 1
480.28 0.1 1
482.29 0.1 1
484.23 0.1 1
486.38 0.1 1
492.35 0.1 1
494.23 0.1 1
496.23 0.1 1
500.08 0.1 1
504.25 0.1 1
