4.06 0.1 1
6.04 0.1 1
10.13 0.1 1
12 0.1 1
18.02 0.1 1
19.93 0.1 1
21.88 0.1 1
23.91 0.1 1
25.91 0.1 1
33.87 0.1 1
35.81 0.1 1
37.81 0.1 1
41.66 0.1 1
45.55 0.1 1
47.54 0.1 1
49.66 0.1 1
51.59 0.1 1
57.46 0.1 1
67.46 0.1 1
69.43 0.1 1
71.41 0.1 1
73.4 0.1 1
77.2 0.1 1
79.15 0.1 1
81.29 0.1 1
85.11 0.1 1
87.11 0.1 1
89.18 0.1 1
91.08 0.1 1
94.92 0.1 1
106.85 0.1 1
120.84 0.1 1
124.63 0.1 1
126.63 0.1 1
130.71 0.1 1
132.67 0.1 1
134.69 0.1 1
136.66 0.1 1
138.45 0.1 1
144.45 0.1 1
146.4 0.1 1
150.34 0.1 1
152.29 0.1 1
154.31 0.1 1
162.29 0.1 1
166.16 0.1 1
168.28 0.1 1
170.09 0.1 1
172.1 0.1 1
176.15 0.1 1
181.92 0.1 1
184.03 0.1 1
189.93 0.1 1
193.87 0.1 1
197.89 0.1 1
201.83 0.1 1
207.8 0.1 1
213.67 0.1 1
217.61 0.1 1
223.45 0.1 1
227.42 0.1 1
237.43 0.1 1
243.27 0.1 1
245.37 0.1 1
249.19 0.1 1
257.25 0.1 1
259.15 0.1 1
261.15 0.1 1
263.11 0.1 1
265.16 0.1 1
269.04 0.1 1
272.95 0.1 1
274.88 0.1 1
278.92 0.1 1
284.93 0.1 1
288.81 0.1 1
294.82 0.1 1
296.74 0.1 1
298.66 0.1 1
300.56 0.1 1
302.64 0.1 1
304.48 0.1 1
306.56 0.1 1
308.5 0.1 1
324.4 0.1 1
326.42 0.1 1
330.24 0.1 1
332.19 0.1 1
336.23 0.1 1
340.22 0.1 1
348.04 0.1 1
354.08 0.1 1
358.02 0.1 1
359.95 0.1 1
361.99 0.1 1
363.81 0.1 1
369.95 0.1 1
373.87 0.1 1
375.72 0.1 1
383.63 0.1 1
391.65 0.1 1
393.52 0.1 1
399.46 0.1 1
401.53 0.1 1
409.49 0.1 1
411.4 0.1 1
413.37 0.1 1
423.37 0.1 1
425.27 0.1 1
437.13 0.1 1
439.2 0.1 1
440.98 0.1 1
445 0.1 1
446.92 0.1 1
457 0.1 1
460.92 0.1 1
464.79 0.1 1
466.76 0.1 1
472.63 0.1 1
478.64 0.1 1
480.62 0.1 1
482.61 0.1 1
484.64 0.1 1
490.57 0.1 1
492.54 0.1 1
494.44 0.1 1
498.49 0.1 1
502.35 0.1 1
