4.23 0.1 1
6.2 0.1 1
10.15 0.1 1
12.12 0.1 1
18.15 0.1 1
19.95 0.1 1
22.11 0.1 1
24.04 0.1 1
26.09 0.1 1
33.91 0.1 1
35.93 0.1 1
37.81 0.1 1
41.96 0.1 1
45.85 0.1 1
47.76 0.1 1
49.85 0.1 1
51.88 0.1 1
57.75 0.1 1
67.74 0.1 1
69.56 0.1 1
71.56 0.1 1
73.57 0.1 1
77.66 0.1 1
79.61 0.1 1
81.49 0.1 1
85.58 0.1 1
87.53 0.1 1
89.6 0.1 1
91.38 0.1 1
95.46 0.1 1
107.3 0.1 1
121.14 0.1 1
125.29 0.1 1
127.21 0.1 1
131.06 0.1 1
133.11 0.1 1
135.21 0.1 1
137 0.1 1
139.1 0.1 1
144.98 0.1 1
146.97 0.1 1
150.93 0.1 1
152.99 0.1 1
154.94 0.1 1
162.81 0.1 1
166.94 0.1 1
168.86 0.1 1
170.84 0.1 1
172.72 0.1 1
176.78 0.1 1
182.66 0.1 1
184.63 0.1 1
190.76 0.1 1
194.68 0.1 1
198.7 0.1 1
202.55 0.1 1
208.5 0.1 1
214.52 0.1 1
218.41 0.1 1
224.41 0.1 1
228.38 0.1 1
238.28 0.1 1
244.18 0.1 1
246.28 0.1 1
250.25 0.1 1
258.04 0.1 1
260.21 0.1 1
262.04 0.1 1
264.16 0.1 1
266.13 0.1 1
270.06 0.1 1
274 0.1 1
275.96 0.1 1
279.9 0.1 1
285.82 0.1 1
289.9 0.1 1
295.9 0.1 1
297.82 0.1 1
299.69 0.1 1
301.7 0.1 1
303.71 0.1 1
305.64 0.1 1
307.76 0.1 1
309.74 0.1 1
325.61 0.1 1
327.56 0.1 1
331.6 0.1 1
333.53 0.1 1
337.47 0.1 1
341.52 0.1 1
349.37 0.1 1
355.29 0.1 1
359.34 0.1 1
361.34 0.1 1
363.21 0.1 1
365.31 0.1 1
371.28 0.1 1
375.13 0.1 1
377.1 0.1 1
385.15 0.1 1
393.09 0.1 1
395.07 0.1 1
400.96 0.1 1
402.89 0.1 1
410.91 0.1 1
412.98 0.1 1
414.91 0.1 1
424.77 0.1 1
426.8 0.1 1
438.69 0.1 1
440.62 0.1 1
442.56 0.1 1
446.66 0.1 1
448.54 0.1 1
458.48 0.1 1
462.58 0.1 1
466.51 0.1 1
468.35 0.1 1
474.45 0.1 1
480.32 0.1 1
482.22 0.1 1
484.34 0.1 1
486.19 0.1 1
492.29 0.1 1
494.24 0.1 1
496.24 0.1 1
500.18 0.1 1
504.1 0.1 1
