4.18 0.1 1
6.24 0.1 1
10.09 0.1 1
12.05 0.1 1
18.09 0.1 1
20.07 0.1 1
22.02 0.1 1
23.94 0.1 1
25.98 0.1 1
34.05 0.1 1
36.03 0.1 1
37.86 0.1 1
41.93 0.1 1
45.95 0.1 1
47.92 0.1 1
49.85 0.1 1
51.88 0.1 1
57.82 0.1 1
67.67 0.1 1
69.61 0.1 1
71.68 0.1 1
73.63 0.1 1
77.49 0.1 1
79.5 0.1 1
81.65 0.1 1
85.46 0.1 1
87.48 0.1 1
89.48 0.1 1
91.5 0.1 1
95.5 0.1 1
107.24 0.1 1
121.28 0.1 1
125.26 0.1 1
127.13 0.1 1
131.16 0.1 1
133.2 0.1 1
135.13 0.1 1
137.02 0.1 1
138.97 0.1 1
145 0.1 1
146.95 0.1 1
150.97 0.1 1
152.85 0.1 1
154.89 0.1 1
162.94 0.1 1
166.89 0.1 1
168.73 0.1 1
170.75 0.1 1
172.71 0.1 1
176.61 0.1 1
182.67 0.1 1
184.62 0.1 1
190.7 0.1 1
194.67 0.1 1
198.64 0.1 1
202.52 0.1 1
208.56 0.1 1
214.39 0.1 1
218.4 0.1 1
224.35 0.1 1
228.33 0.1 1
238.22 0.1 1
244.09 0.1 1
246.19 0.1 1
250.14 0.1 1
257.96 0.1 1
260.04 0.1 1
262.06 0.1 1
264.1 0.1 1
265.95 0.1 1
269.95 0.1 1
273.92 0.1 1
275.93 0.1 1
279.83 0.1 1
285.9 0.1 1
289.77 0.1 1
295.84 0.1 1
297.74 0.1 1
299.73 0.1 1
301.61 0.1 1
303.59 0.1 1
305.73 0.1 1
307.66 0.1 1
309.73 0.1 1
325.42 0.1 1
327.54 0.1 1
331.55 0.1 1
333.39 0.1 1
337.31 0.1 1
341.32 0.1 1
349.36 0.1 1
355.28 0.1 1
359.33 0.1 1
361.3 0.1 1
363.28 0.1 1
365.28 0.1 1
371.17 0.1 1
375.15 0.1 1
377.1 0.1 1
384.99 0.1 1
392.98 0.1 1
395.03 0.1 1
400.98 0.1 1
402.78 0.1 1
410.78 0.1 1
412.77 0.1 1
414.8 0.1 1
424.77 0.1 1
426.67 0.1 1
438.51 0.1 1
440.46 0.1 1
442.54 0.1 1
446.46 0.1 1
448.45 0.1 1
458.45 0.1 1
462.3 0.1 1
466.29 0.1 1
468.24 0.1 1
474.36 0.1 1
480.16 0.1 1
482.24 0.1 1
484.18 0.1 1
486.23 0.1 1
492.13 0.1 1
494.05 0.1 1
496.16 0.1 1
500.05 0.1 1
504.07 0.1 1
