4.22 0.1 1
6.2 0.1 1
10.24 0.1 1
12.04 0.1 1
18.07 0.1 1
20.07 0.1 1
21.99 0.1 1
23.94 0.1 1
25.94 0.1 1
33.96 0.1 1
35.88 0.1 1
37.96 0.1 1
41.85 0.1 1
45.82 0.1 1
47.94 0.1 1
49.73 0.1 1
51.79 0.1 1
57.7 0.1 1
67.59 0.1 1
69.61 0.1 1
71.71 0.1 1
73.63 0.1 1
77.51 0.1 1
79.48 0.1 1
81.55 0.1 1
85.47 0.1 1
87.43 0.1 1
89.4 0.1 1
91.58 0.1 1
95.5 0.1 1
107.44 0.1 1
121.34 0.1 1
125.18 0.1 1
127.16 0.1 1
131.2 0.1 1
133.13 0.1 1
135.12 0.1 1
137.13 0.1 1
139.07 0.1 1
145.09 0.1 1
147.05 0.1 1
150.91 0.1 1
152.87 0.1 1
155.02 0.1 1
162.99 0.1 1
166.81 0.1 1
168.88 0.1 1
170.81 0.1 1
172.9 0.1 1
176.72 0.1 1
182.73 0.1 1
184.73 0.1 1
190.64 0.1 1
194.57 0.1 1
198.52 0.1 1
202.49 0.1 1
208.46 0.1 1
214.48 0.1 1
218.46 0.1 1
224.47 0.1 1
228.32 0.1 1
238.24 0.1 1
244.32 0.1 1
246.22 0.1 1
250.07 0.1 1
258.21 0.1 1
260.1 0.1 1
262.18 0.1 1
264.11 0.1 1
266.08 0.1 1
269.93 0.1 1
274.03 0.1 1
275.98 0.1 1
279.87 0.1 1
285.99 0.1 1
289.86 0.1 1
295.77 0.1 1
297.73 0.1 1
299.69 0.1 1
301.81 0.1 1
303.63 0.1 1
305.81 0.1 1
307.61 0.1 1
309.6 0.1 1
325.54 0.1 1
327.45 0.1 1
331.52 0.1 1
333.54 0.1 1
337.51 0.1 1
341.36 0.1 1
349.46 0.1 1
355.28 0.1 1
359.38 0.1 1
361.26 0.1 1
363.32 0.1 1
365.18 0.1 1
371.29 0.1 1
375.1 0.1 1
377.2 0.1 1
384.97 0.1 1
392.99 0.1 1
394.93 0.1 1
400.86 0.1 1
403.03 0.1 1
410.9 0.1 1
412.88 0.1 1
414.87 0.1 1
424.82 0.1 1
426.77 0.1 1
438.56 0.1 1
440.69 0.1 1
442.64 0.1 1
446.58 0.1 1
448.46 0.1 1
458.58 0.1 1
462.47 0.1 1
466.44 0.1 1
468.49 0.1 1
474.27 0.1 1
480.21 0.1 1
482.28 0.1 1
484.23 0.1 1
486.21 0.1 1
492.3 0.1 1
494.26 0.1 1
496.12 0.1 1
500.12 0.1 1
504.18 0.1 1
