4.1 0.1 1
6.12 0.1 1
10.24 0.1 1
12.1 0.1 1
17.97 0.1 1
20.12 0.1 1
22.04 0.1 1
24.12 0.1 1
26.03 0.1 1
33.88 0.1 1
36.01 0.1 1
37.93 0.1 1
41.83 0.1 1
45.85 0.1 1
47.83 0.1 1
49.92 0.1 1
51.87 0.1 1
57.65 0.1 1
67.62 0.1 1
69.74 0.1 1
71.58 0.1 1
73.63 0.1 1
77.53 0.1 1
79.53 0.1 1
81.6 0.1 1
85.53 0.1 1
87.55 0.1 1
89.47 0.1 1
91.48 0.1 1
95.37 0.1 1
107.31 0.1 1
121.21 0.1 1
125.13 0.1 1
127.28 0.1 1
131.15 0.1 1
133.08 0.1 1
135.2 0.1 1
137.2 0.1 1
139.13 0.1 1
145.03 0.1 1
146.97 0.1 1
150.9 0.1 1
153.06 0.1 1
154.97 0.1 1
162.78 0.1 1
166.93 0.1 1
168.83 0.1 1
170.88 0.1 1
172.78 0.1 1
176.65 0.1 1
182.67 0.1 1
184.67 0.1 1
190.74 0.1 1
194.55 0.1 1
198.66 0.1 1
202.46 0.1 1
208.46 0.1 1
214.33 0.1 1
218.5 0.1 1
224.31 0.1 1
228.25 0.1 1
238.17 0.1 1
244.2 0.1 1
246.25 0.1 1
250.22 0.1 1
258.14 0.1 1
260.04 0.1 1
262.11 0.1 1
263.96 0.1 1
265.93 0.1 1
270 0.1 1
273.85 0.1 1
275.93 0.1 1
279.88 0.1 1
285.92 0.1 1
289.84 0.1 1
295.69 0.1 1
297.77 0.1 1
299.72 0.1 1
301.61 0.1 1
303.63 0.1 1
305.64 0.1 1
307.63 0.1 1
309.6 0.1 1
325.6 0.1 1
327.47 0.1 1
331.37 0.1 1
333.39 0.1 1
337.4 0.1 1
341.39 0.1 1
349.39 0.1 1
355.21 0.1 1
359.21 0.1 1
361.2 0.1 1
363.21 0.1 1
365.12 0.1 1
371.05 0.1 1
375.17 0.1 1
377.1 0.1 1
385.04 0.1 1
392.94 0.1 1
394.98 0.1 1
400.99 0.1 1
402.88 0.1 1
410.75 0.1 1
412.73 0.1 1
414.83 0.1 1
424.7 0.1 1
426.7 0.1 1
438.62 0.1 1
440.64 0.1 1
442.68 0.1 1
446.49 0.1 1
448.55 0.1 1
458.37 0.1 1
462.42 0.1 1
466.47 0.1 1
468.4 0.1 1
474.22 0.1 1
480.21 0.1 1
482.31 0.1 1
484.22 0.1 1
486.24 0.1 1
492.26 0.1 1
494.11 0.1 1
496.08 0.1 1
500.01 0.1 1
504.01 0.1 1
