4.18 0.1 1
6.11 0.1 1
10.21 0.1 1
12.18 0.1 1
18.05 0.1 1
20.05 0.1 1
22.12 0.1 1
24.09 0.1 1
26.05 0.1 1
33.87 0.1 1
35.97 0.1 1
37.91 0.1 1
41.92 0.1 1
45.86 0.1 1
47.81 0.1 1
49.88 0.1 1
51.73 0.1 1
57.66 0.1 1
67.73 0.1 1
69.58 0.1 1
71.64 0.1 1
73.7 0.1 1
77.59 0.1 1
79.67 0.1 1
81.56 0.1 1
85.56 0.1 1
87.56 0.1 1
89.43 0.1 1
91.53 0.1 1
95.36 0.1 1
107.42 0.1 1
121.25 0.1 1
125.14 0.1 1
127.22 0.1 1
131.06 0.1 1
133.07 0.1 1
135.04 0.1 1
137.11 0.1 1
139.18 0.1 1
145.15 0.1 1
147.1 0.1 1
150.93 0.1 1
152.97 0.1 1
154.92 0.1 1
162.82 0.1 1
166.85 0.1 1
168.79 0.1 1
170.87 0.1 1
172.91 0.1 1
176.81 0.1 1
182.84 0.1 1
184.66 0.1 1
190.65 0.1 1
194.75 0.1 1
198.56 0.1 1
202.68 0.1 1
208.55 0.1 1
214.54 0.1 1
218.35 0.1 1
224.39 0.1 1
228.34 0.1 1
238.21 0.1 1
244.18 0.1 1
246.18 0.1 1
250.3 0.1 1
258.09 0.1 1
260.02 0.1 1
262.14 0.1 1
264.11 0.1 1
266.12 0.1 1
270.02 0.1 1
274.04 0.1 1
275.93 0.1 1
279.86 0.1 1
285.91 0.1 1
289.98 0.1 1
295.85 0.1 1
297.8 0.1 1
299.74 0.1 1
301.72 0.1 1
303.67 0.1 1
305.72 0.1 1
307.82 0.1 1
309.74 0.1 1
325.68 0.1 1
327.6 0.1 1
331.55 0.1 1
333.55 0.1 1
337.48 0.1 1
341.55 0.1 1
349.34 0.1 1
355.31 0.1 1
359.31 0.1 1
361.34 0.1 1
363.26 0.1 1
365.26 0.1 1
371.28 0.1 1
375.14 0.1 1
377.21 0.1 1
385.01 0.1 1
392.99 0.1 1
395.05 0.1 1
400.9 0.1 1
403.07 0.1 1
410.86 0.1 1
412.94 0.1 1
414.81 0.1 1
424.9 0.1 1
426.73 0.1 1
438.7 0.1 1
440.75 0.1 1
442.6 0.1 1
446.65 0.1 1
448.64 0.1 1
458.57 0.1 1
462.46 0.1 1
466.41 0.1 1
468.45 0.1 1
474.36 0.1 1
480.4 0.1 1
482.35 0.1 1
484.35 0.1 1
486.33 0.1 1
492.3 0.1 1
494.24 0.1 1
496.29 0.1 1
500.26 0.1 1
504.24 0.1 1
