4.23 0.1 1
6.18 0.1 1
10.09 0.1 1
12.07 0.1 1
18.02 0.1 1
20.09 0.1 1
22.06 0.1 1
23.92 0.1 1
26.07 0.1 1
33.93 0.1 1
35.96 0.1 1
37.83 0.1 1
41.9 0.1 1
45.81 0.1 1
47.83 0.1 1
49.85 0.1 1
51.75 0.1 1
57.69 0.1 1
67.76 0.1 1
69.76 0.1 1
71.54 0.1 1
73.54 0.1 1
77.61 0.1 1
79.51 0.1 1
81.51 0.1 1
85.63 0.1 1
87.46 0.1 1
89.55 0.1 1
91.38 0.1 1
95.55 0.1 1
107.42 0.1 1
121.28 0.1 1
125.18 0.1 1
127.11 0.1 1
131.06 0.1 1
133.15 0.1 1
135.13 0.1 1
137.18 0.1 1
139 0.1 1
144.98 0.1 1
146.95 0.1 1
150.95 0.1 1
152.94 0.1 1
155.02 0.1 1
162.92 0.1 1
166.84 0.1 1
168.89 0.1 1
170.79 0.1 1
172.76 0.1 1
176.81 0.1 1
182.81 0.1 1
184.68 0.1 1
190.67 0.1 1
194.59 0.1 1
198.62 0.1 1
202.62 0.1 1
208.54 0.1 1
214.41 0.1 1
218.38 0.1 1
224.35 0.1 1
228.36 0.1 1
238.33 0.1 1
244.17 0.1 1
246.14 0.1 1
250.16 0.1 1
258.02 0.1 1
260.02 0.1 1
262.14 0.1 1
264.09 0.1 1
266.06 0.1 1
269.93 0.1 1
274.01 0.1 1
276.01 0.1 1
279.8 0.1 1
285.88 0.1 1
289.77 0.1 1
295.86 0.1 1
297.76 0.1 1
299.67 0.1 1
301.64 0.1 1
303.71 0.1 1
305.69 0.1 1
307.74 0.1 1
309.64 0.1 1
325.4 0.1 1
327.55 0.1 1
331.52 0.1 1
333.38 0.1 1
337.44 0.1 1
341.44 0.1 1
349.22 0.1 1
355.33 0.1 1
359.31 0.1 1
361.23 0.1 1
363.2 0.1 1
365.18 0.1 1
371.12 0.1 1
375.12 0.1 1
377.17 0.1 1
385.04 0.1 1
393.04 0.1 1
394.84 0.1 1
400.94 0.1 1
402.84 0.1 1
410.83 0.1 1
412.86 0.1 1
414.68 0.1 1
424.74 0.1 1
426.69 0.1 1
438.54 0.1 1
440.66 0.1 1
442.49 0.1 1
446.51 0.1 1
448.46 0.1 1
458.45 0.1 1
462.43 0.1 1
466.27 0.1 1
468.42 0.1 1
474.39 0.1 1
480.34 0.1 1
482.24 0.1 1
484.24 0.1 1
486.26 0.1 1
492.18 0.1 1
494.04 0.1 1
496.19 0.1 1
500.03 0.1 1
503.95 0.1 1
