4.12 0.1 1
6.17 0.1 1
10.16 0.1 1
12.07 0.1 1
18.14 0.1 1
20.14 0.1 1
22.04 0.1 1
23.94 0.1 1
26.01 0.1 1
34 0.1 1
35.93 0.1 1
37.97 0.1 1
41.97 0.1 1
45.8 0.1 1
47.75 0.1 1
49.74 0.1 1
51.7 0.1 1
57.67 0.1 1
67.66 0.1 1
69.59 0.1 1
71.58 0.1 1
73.69 0.1 1
77.63 0.1 1
79.5 0.1 1
81.6 0.1 1
85.43 0.1 1
87.4 0.1 1
89.48 0.1 1
91.57 0.1 1
95.47 0.1 1
107.31 0.1 1
121.23 0.1 1
125.1 0.1 1
127.15 0.1 1
131.1 0.1 1
133.18 0.1 1
135.13 0.1 1
137.02 0.1 1
139.02 0.1 1
145.1 0.1 1
147.04 0.1 1
150.84 0.1 1
152.84 0.1 1
154.99 0.1 1
162.91 0.1 1
166.79 0.1 1
168.71 0.1 1
170.7 0.1 1
172.83 0.1 1
176.83 0.1 1
182.72 0.1 1
184.62 0.1 1
190.67 0.1 1
194.54 0.1 1
198.64 0.1 1
202.44 0.1 1
208.43 0.1 1
214.43 0.1 1
218.4 0.1 1
224.28 0.1 1
228.18 0.1 1
238.1 0.1 1
244.06 0.1 1
246.06 0.1 1
250.19 0.1 1
257.94 0.1 1
260.06 0.1 1
261.91 0.1 1
263.93 0.1 1
265.93 0.1 1
269.98 0.1 1
273.97 0.1 1
275.88 0.1 1
279.92 0.1 1
285.84 0.1 1
289.72 0.1 1
295.74 0.1 1
297.61 0.1 1
299.58 0.1 1
301.56 0.1 1
303.71 0.1 1
305.56 0.1 1
307.68 0.1 1
309.56 0.1 1
325.44 0.1 1
327.39 0.1 1
331.49 0.1 1
333.44 0.1 1
337.31 0.1 1
341.44 0.1 1
349.26 0.1 1
355.26 0.1 1
359.28 0.1 1
361.21 0.1 1
363.08 0.1 1
365.07 0.1 1
371.15 0.1 1
375.17 0.1 1
376.97 0.1 1
385.09 0.1 1
392.91 0.1 1
394.94 0.1 1
400.95 0.1 1
402.78 0.1 1
410.75 0.1 1
412.7 0.1 1
414.65 0.1 1
424.62 0.1 1
426.75 0.1 1
438.48 0.1 1
440.44 0.1 1
442.53 0.1 1
446.46 0.1 1
448.53 0.1 1
458.45 0.1 1
462.27 0.1 1
466.39 0.1 1
468.24 0.1 1
474.36 0.1 1
480.19 0.1 1
482.09 0.1 1
484.19 0.1 1
486.19 0.1 1
492.01 0.1 1
494.2 0.1 1
496.08 0.1 1
500.01 0.1 1
504.07 0.1 1
