4.21 0.1 1
6.23 0.1 1
10.1 0.1 1
12.23 0.1 1
18.08 0.1 1
19.98 0.1 1
22.05 0.1 1
23.95 0.1 1
26.02 0.1 1
33.94 0.1 1
36.02 0.1 1
37.96 0.1 1
41.82 0.1 1
45.88 0.1 1
47.78 0.1 1
49.74 0.1 1
51.86 0.1 1
57.71 0.1 1
67.78 0.1 1
69.67 0.1 1
71.7 0.1 1
73.65 0.1 1
77.52 0.1 1
79.6 0.1 1
81.57 0.1 1
85.51 0.1 1
87.52 0.1 1
89.46 0.1 1
91.49 0.1 1
95.48 0.1 1
107.38 0.1 1
121.32 0.1 1
125.22 0.1 1
127.29 0.1 1
131.19 0.1 1
133.22 0.1 1
135.17 0.1 1
137.18 0.1 1
139.01 0.1 1
145.13 0.1 1
147.04 0.1 1
151.1 0.1 1
153.05 0.1 1
154.93 0.1 1
162.97 0.1 1
166.84 0.1 1
168.84 0.1 1
170.92 0.1 1
172.79 0.1 1
176.67 0.1 1
182.71 0.1 1
184.76 0.1 1
190.68 0.1 1
194.6 0.1 1
198.51 0.1 1
202.62 0.1 1
208.4 0.1 1
214.39 0.1 1
218.47 0.1 1
224.41 0.1 1
228.36 0.1 1
238.36 0.1 1
244.13 0.1 1
246.28 0.1 1
250.13 0.1 1
258.05 0.1 1
260.17 0.1 1
262.02 0.1 1
264 0.1 1
266 0.1 1
270.02 0.1 1
273.91 0.1 1
276.04 0.1 1
279.94 0.1 1
285.91 0.1 1
289.85 0.1 1
295.8 0.1 1
297.85 0.1 1
299.67 0.1 1
301.78 0.1 1
303.8 0.1 1
305.77 0.1 1
307.79 0.1 1
309.75 0.1 1
325.44 0.1 1
327.44 0.1 1
331.53 0.1 1
333.51 0.1 1
337.48 0.1 1
341.42 0.1 1
349.29 0.1 1
355.34 0.1 1
359.22 0.1 1
361.34 0.1 1
363.34 0.1 1
365.24 0.1 1
371.26 0.1 1
375.04 0.1 1
377.19 0.1 1
385.03 0.1 1
393.05 0.1 1
395.07 0.1 1
401 0.1 1
402.97 0.1 1
410.77 0.1 1
412.86 0.1 1
414.79 0.1 1
424.8 0.1 1
426.68 0.1 1
438.7 0.1 1
440.7 0.1 1
442.63 0.1 1
446.54 0.1 1
448.44 0.1 1
458.46 0.1 1
462.53 0.1 1
466.38 0.1 1
468.38 0.1 1
474.33 0.1 1
480.31 0.1 1
482.28 0.1 1
484.25 0.1 1
486.33 0.1 1
492.12 0.1 1
494.2 0.1 1
496.15 0.1 1
500.11 0.1 1
504.12 0.1 1
