4.29 0.1 1
6.23 0.1 1
10.08 0.1 1
12.18 0.1 1
18 0.1 1
20.11 0.1 1
22.08 0.1 1
24.05 0.1 1
25.92 0.1 1
33.85 0.1 1
35.9 0.1 1
37.92 0.1 1
41.86 0.1 1
45.91 0.1 1
47.77 0.1 1
49.89 0.1 1
51.88 0.1 1
57.83 0.1 1
67.75 0.1 1
69.63 0.1 1
71.75 0.1 1
73.6 0.1 1
77.65 0.1 1
79.67 0.1 1
81.52 0.1 1
85.61 0.1 1
87.59 0.1 1
89.42 0.1 1
91.54 0.1 1
95.39 0.1 1
107.38 0.1 1
121.19 0.1 1
125.14 0.1 1
127.22 0.1 1
131.24 0.1 1
133.19 0.1 1
135.14 0.1 1
137.04 0.1 1
139.01 0.1 1
145.13 0.1 1
147.13 0.1 1
151.1 0.1 1
153 0.1 1
154.98 0.1 1
162.88 0.1 1
166.8 0.1 1
168.92 0.1 1
170.82 0.1 1
172.74 0.1 1
176.74 0.1 1
182.69 0.1 1
184.66 0.1 1
190.73 0.1 1
194.58 0.1 1
198.71 0.1 1
202.63 0.1 1
208.53 0.1 1
214.44 0.1 1
218.5 0.1 1
224.46 0.1 1
228.27 0.1 1
238.31 0.1 1
244.3 0.1 1
246.21 0.1 1
250.1 0.1 1
258.19 0.1 1
260.12 0.1 1
262.1 0.1 1
264.04 0.1 1
266.06 0.1 1
269.96 0.1 1
273.97 0.1 1
275.91 0.1 1
279.99 0.1 1
285.85 0.1 1
289.9 0.1 1
295.73 0.1 1
297.75 0.1 1
299.88 0.1 1
301.82 0.1 1
303.74 0.1 1
305.75 0.1 1
307.65 0.1 1
309.79 0.1 1
325.61 0.1 1
327.48 0.1 1
331.5 0.1 1
333.6 0.1 1
337.55 0.1 1
341.48 0.1 1
349.45 0.1 1
355.29 0.1 1
359.42 0.1 1
361.26 0.1 1
363.34 0.1 1
365.36 0.1 1
371.31 0.1 1
375.3 0.1 1
377.18 0.1 1
385.05 0.1 1
393.08 0.1 1
394.97 0.1 1
401.04 0.1 1
403 0.1 1
410.99 0.1 1
412.89 0.1 1
414.84 0.1 1
424.8 0.1 1
426.8 0.1 1
438.69 0.1 1
440.65 0.1 1
442.67 0.1 1
446.52 0.1 1
448.61 0.1 1
458.44 0.1 1
462.56 0.1 1
466.56 0.1 1
468.51 0.1 1
474.4 0.1 1
480.32 0.1 1
482.37 0.1 1
484.32 0.1 1
486.27 0.1 1
492.15 0.1 1
494.17 0.1 1
496.16 0.1 1
500.26 0.1 1
504.26 0.1 1
