4.2 0.1 1
6.22 0.1 1
10.1 0.1 1
12.02 0.1 1
18.17 0.1 1
19.99 0.1 1
22.04 0.1 1
24.06 0.1 1
26.01 0.1 1
33.98 0.1 1
35.88 0.1 1
37.91 0.1 1
41.86 0.1 1
45.95 0.1 1
47.8 0.1 1
49.73 0.1 1
51.85 0.1 1
57.84 0.1 1
67.59 0.1 1
69.69 0.1 1
71.69 0.1 1
73.61 0.1 1
77.56 0.1 1
79.51 0.1 1
81.66 0.1 1
85.46 0.1 1
87.53 0.1 1
89.51 0.1 1
91.45 0.1 1
95.53 0.1 1
107.37 0.1 1
121.26 0.1 1
125.23 0.1 1
127.16 0.1 1
131.23 0.1 1
133.13 0.1 1
135.05 0.1 1
137.01 0.1 1
139.2 0.1 1
145.07 0.1 1
147.1 0.1 1
151.05 0.1 1
153.04 0.1 1
154.89 0.1 1
162.81 0.1 1
166.89 0.1 1
168.89 0.1 1
170.84 0.1 1
172.71 0.1 1
176.69 0.1 1
182.73 0.1 1
184.61 0.1 1
190.57 0.1 1
194.62 0.1 1
198.62 0.1 1
202.64 0.1 1
208.44 0.1 1
214.51 0.1 1
218.43 0.1 1
224.36 0.1 1
228.4 0.1 1
238.35 0.1 1
244.32 0.1 1
246.27 0.1 1
250.12 0.1 1
258.06 0.1 1
260.16 0.1 1
262.11 0.1 1
264.03 0.1 1
266.01 0.1 1
270.11 0.1 1
274.08 0.1 1
276.03 0.1 1
280 0.1 1
285.95 0.1 1
289.85 0.1 1
295.74 0.1 1
297.77 0.1 1
299.71 0.1 1
301.76 0.1 1
303.79 0.1 1
305.81 0.1 1
307.77 0.1 1
309.66 0.1 1
325.65 0.1 1
327.48 0.1 1
331.55 0.1 1
333.49 0.1 1
337.54 0.1 1
341.49 0.1 1
349.49 0.1 1
355.29 0.1 1
359.31 0.1 1
361.36 0.1 1
363.33 0.1 1
365.31 0.1 1
371.21 0.1 1
375.18 0.1 1
377.25 0.1 1
385.14 0.1 1
392.96 0.1 1
395.11 0.1 1
401.04 0.1 1
402.93 0.1 1
410.95 0.1 1
412.85 0.1 1
414.81 0.1 1
424.85 0.1 1
426.69 0.1 1
438.69 0.1 1
440.72 0.1 1
442.62 0.1 1
446.64 0.1 1
448.66 0.1 1
458.48 0.1 1
462.56 0.1 1
466.37 0.1 1
468.38 0.1 1
474.44 0.1 1
480.32 0.1 1
482.4 0.1 1
484.27 0.1 1
486.36 0.1 1
492.27 0.1 1
494.31 0.1 1
496.16 0.1 1
500.16 0.1 1
504.23 0.1 1
