4.09 0.1 1
6.23 0.1 1
10.23 0.1 1
12.21 0.1 1
18.13 0.1 1
20.13 0.1 1
22.13 0.1 1
24 0.1 1
26.02 0.1 1
34.04 0.1 1
35.87 0.1 1
37.87 0.1 1
41.81 0.1 1
45.79 0.1 1
47.91 0.1 1
49.88 0.1 1
51.88 0.1 1
57.85 0.1 1
67.75 0.1 1
69.57 0.1 1
71.55 0.1 1
73.62 0.1 1
77.59 0.1 1
79.57 0.1 1
81.44 0.1 1
85.41 0.1 1
87.42 0.1 1
89.37 0.1 1
91.53 0.1 1
95.48 0.1 1
107.43 0.1 1
121.32 0.1 1
125.15 0.1 1
127.14 0.1 1
131.21 0.1 1
133.02 0.1 1
135.09 0.1 1
137.01 0.1 1
139.16 0.1 1
144.96 0.1 1
146.91 0.1 1
150.98 0.1 1
152.88 0.1 1
154.97 0.1 1
162.77 0.1 1
166.92 0.1 1
168.92 0.1 1
170.82 0.1 1
172.7 0.1 1
176.72 0.1 1
182.71 0.1 1
184.76 0.1 1
190.64 0.1 1
194.51 0.1 1
198.55 0.1 1
202.65 0.1 1
208.52 0.1 1
214.44 0.1 1
218.49 0.1 1
224.47 0.1 1
228.34 0.1 1
238.33 0.1 1
244.26 0.1 1
246.23 0.1 1
250.12 0.1 1
258.05 0.1 1
260.1 0.1 1
262.05 0.1 1
264.14 0.1 1
266.11 0.1 1
270.06 0.1 1
274.02 0.1 1
275.86 0.1 1
279.94 0.1 1
285.76 0.1 1
289.86 0.1 1
295.83 0.1 1
297.82 0.1 1
299.75 0.1 1
301.8 0.1 1
303.58 0.1 1
305.74 0.1 1
307.59 0.1 1
309.67 0.1 1
325.61 0.1 1
327.41 0.1 1
331.38 0.1 1
333.43 0.1 1
337.4 0.1 1
341.37 0.1 1
349.22 0.1 1
355.24 0.1 1
359.29 0.1 1
361.24 0.1 1
363.12 0.1 1
365.14 0.1 1
371.08 0.1 1
375.03 0.1 1
377.11 0.1 1
384.98 0.1 1
392.88 0.1 1
394.93 0.1 1
400.8 0.1 1
402.82 0.1 1
410.86 0.1 1
412.77 0.1 1
414.81 0.1 1
424.69 0.1 1
426.68 0.1 1
438.68 0.1 1
440.55 0.1 1
442.54 0.1 1
446.6 0.1 1
448.5 0.1 1
458.36 0.1 1
462.39 0.1 1
466.43 0.1 1
468.26 0.1 1
474.35 0.1 1
480.26 0.1 1
482.22 0.1 1
484.2 0.1 1
486.3 0.1 1
492.07 0.1 1
494.1 0.1 1
496.02 0.1 1
500.09 0.1 1
504.02 0.1 1
