4.25 0.1 1
6.2 0.1 1
10.06 0.1 1
12.14 0.1 1
18.18 0.1 1
20.01 0.1 1
22.06 0.1 1
24.13 0.1 1
26.05 0.1 1
33.98 0.1 1
35.95 0.1 1
37.82 0.1 1
41.88 0.1 1
45.84 0.1 1
47.9 0.1 1
49.75 0.1 1
51.82 0.1 1
57.82 0.1 1
67.63 0.1 1
69.71 0.1 1
71.68 0.1 1
73.59 0.1 1
77.55 0.1 1
79.6 0.1 1
81.5 0.1 1
85.47 0.1 1
87.53 0.1 1
89.48 0.1 1
91.52 0.1 1
95.42 0.1 1
107.41 0.1 1
121.25 0.1 1
125.31 0.1 1
127.11 0.1 1
131.72 0.1 1
133.62 0.1 1
135.73 0.1 1
137.62 0.1 1
139.57 0.1 1
145.72 0.1 1
147.59 0.1 1
151.62 0.1 1
153.62 0.1 1
155.57 0.1 1
163.56 0.1 1
167.55 0.1 1
169.38 0.1 1
171.45 0.1 1
173.31 0.1 1
177.28 0.1 1
183.24 0.1 1
185.22 0.1 1
191.25 0.1 1
195.31 0.1 1
199.26 0.1 1
203.18 0.1 1
209.13 0.1 1
215.11 0.1 1
219.06 0.1 1
225.02 0.1 1
228.95 0.1 1
238.92 0.1 1
244.94 0.1 1
246.92 0.1 1
250.79 0.1 1
258.69 0.1 1
260.65 0.1 1
262.65 0.1 1
264.65 0.1 1
266.76 0.1 1
270.7 0.1 1
274.6 0.1 1
276.67 0.1 1
280.57 0.1 1
286.49 0.1 1
290.37 0.1 1
296.41 0.1 1
298.34 0.1 1
300.48 0.1 1
302.46 0.1 1
304.3 0.1 1
306.26 0.1 1
308.35 0.1 1
310.4 0.1 1
326.17 0.1 1
328.27 0.1 1
332.24 0.1 1
334.14 0.1 1
337.99 0.1 1
341.94 0.1 1
349.91 0.1 1
355.85 0.1 1
359.95 0.1 1
361.9 0.1 1
363.85 0.1 1
365.83 0.1 1
371.72 0.1 1
375.87 0.1 1
377.65 0.1 1
385.64 0.1 1
393.58 0.1 1
395.69 0.1 1
401.61 0.1 1
403.46 0.1 1
411.43 0.1 1
413.48 0.1 1
415.4 0.1 1
425.39 0.1 1
427.34 0.1 1
439.33 0.1 1
441.14 0.1 1
443.28 0.1 1
447.18 0.1 1
449.13 0.1 1
459.2 0.1 1
462.97 0.1 1
466.94 0.1 1
468.99 0.1 1
475.06 0.1 1
481.02 0.1 1
483.01 0.1 1
484.84 0.1 1
486.94 0.1 1
492.9 0.1 1
494.85 0.1 1
496.85 0.1 1
500.78 0.1 1
504.68 0.1 1
