4.19 0.1 1
6.16 0.1 1
10.14 0.1 1
12.21 0.1 1
18.16 0.1 1
19.98 0.1 1
22.1 0.1 1
24.05 0.1 1
26.05 0.1 1
33.88 0.1 1
36.04 0.1 1
38.02 0.1 1
41.89 0.1 1
45.92 0.1 1
47.76 0.1 1
49.88 0.1 1
51.71 0.1 1
57.86 0.1 1
67.73 0.1 1
69.77 0.1 1
71.67 0.1 1
73.6 0.1 1
77.6 0.1 1
79.65 0.1 1
81.45 0.1 1
85.44 0.1 1
87.5 0.1 1
89.52 0.1 1
91.37 0.1 1
95.51 0.1 1
107.33 0.1 1
121.32 0.1 1
125.19 0.1 1
127.09 0.1 1
131.05 0.1 1
133 0.1 1
135.14 0.1 1
137.07 0.1 1
138.96 0.1 1
145.04 0.1 1
147.04 0.1 1
151.03 0.1 1
152.98 0.1 1
155 0.1 1
162.75 0.1 1
166.8 0.1 1
168.7 0.1 1
170.7 0.1 1
172.84 0.1 1
176.77 0.1 1
182.74 0.1 1
184.61 0.1 1
190.51 0.1 1
194.59 0.1 1
198.59 0.1 1
202.43 0.1 1
208.43 0.1 1
214.5 0.1 1
218.3 0.1 1
224.31 0.1 1
228.22 0.1 1
238.19 0.1 1
244.09 0.1 1
246.18 0.1 1
250.13 0.1 1
258.13 0.1 1
260.12 0.1 1
262 0.1 1
263.9 0.1 1
266.02 0.1 1
269.99 0.1 1
273.99 0.1 1
275.97 0.1 1
279.89 0.1 1
285.86 0.1 1
289.76 0.1 1
295.73 0.1 1
297.63 0.1 1
299.67 0.1 1
301.78 0.1 1
303.77 0.1 1
305.67 0.1 1
307.75 0.1 1
309.62 0.1 1
325.41 0.1 1
327.59 0.1 1
331.39 0.1 1
333.41 0.1 1
337.36 0.1 1
341.35 0.1 1
349.4 0.1 1
355.35 0.1 1
359.22 0.1 1
361.3 0.1 1
363.12 0.1 1
365.07 0.1 1
371.09 0.1 1
374.99 0.1 1
377.03 0.1 1
384.95 0.1 1
392.93 0.1 1
395 0.1 1
400.95 0.1 1
402.82 0.1 1
410.79 0.1 1
412.71 0.1 1
414.86 0.1 1
424.69 0.1 1
426.6 0.1 1
438.5 0.1 1
440.65 0.1 1
442.45 0.1 1
446.44 0.1 1
448.5 0.1 1
458.41 0.1 1
462.27 0.1 1
466.26 0.1 1
468.34 0.1 1
474.28 0.1 1
480.21 0.1 1
482.12 0.1 1
484.22 0.1 1
486.17 0.1 1
492.13 0.1 1
494.15 0.1 1
496.02 0.1 1
500.14 0.1 1
503.92 0.1 1
