4.16 0.1 1
6.25 0.1 1
10.16 0.1 1
12.17 0.1 1
18.17 0.1 1
20.1 0.1 1
22.12 0.1 1
24.05 0.1 1
26.04 0.1 1
33.89 0.1 1
35.99 0.1 1
37.99 0.1 1
41.93 0.1 1
45.93 0.1 1
47.85 0.1 1
49.71 0.1 1
51.73 0.1 1
57.78 0.1 1
67.6 0.1 1
69.72 0.1 1
71.69 0.1 1
73.56 0.1 1
77.62 0.1 1
79.62 0.1 1
81.47 0.1 1
85.61 0.1 1
87.58 0.1 1
89.59 0.1 1
91.48 0.1 1
95.51 0.1 1
107.45 0.1 1
121.29 0.1 1
125.19 0.1 1
127.11 0.1 1
131.13 0.1 1
133.14 0.1 1
135.14 0.1 1
137.19 0.1 1
139 0.1 1
145.03 0.1 1
147.05 0.1 1
150.93 0.1 1
152.97 0.1 1
155.02 0.1 1
162.94 0.1 1
166.77 0.1 1
168.87 0.1 1
170.81 0.1 1
172.91 0.1 1
176.79 0.1 1
182.68 0.1 1
184.76 0.1 1
190.71 0.1 1
194.72 0.1 1
198.63 0.1 1
202.67 0.1 1
208.62 0.1 1
214.47 0.1 1
218.42 0.1 1
224.46 0.1 1
228.34 0.1 1
238.23 0.1 1
244.25 0.1 1
246.25 0.1 1
250.09 0.1 1
258.09 0.1 1
260.21 0.1 1
262.16 0.1 1
264.04 0.1 1
266.04 0.1 1
269.93 0.1 1
274.08 0.1 1
276.08 0.1 1
280.01 0.1 1
285.88 0.1 1
289.93 0.1 1
295.79 0.1 1
297.82 0.1 1
299.89 0.1 1
301.75 0.1 1
303.84 0.1 1
305.69 0.1 1
307.77 0.1 1
309.79 0.1 1
325.56 0.1 1
327.6 0.1 1
331.63 0.1 1
333.53 0.1 1
337.43 0.1 1
341.44 0.1 1
349.29 0.1 1
355.41 0.1 1
359.24 0.1 1
361.19 0.1 1
363.29 0.1 1
365.24 0.1 1
371.18 0.1 1
375.15 0.1 1
377.25 0.1 1
385.07 0.1 1
393.05 0.1 1
395.12 0.1 1
400.97 0.1 1
403.02 0.1 1
410.89 0.1 1
412.91 0.1 1
414.95 0.1 1
424.85 0.1 1
426.68 0.1 1
438.72 0.1 1
440.56 0.1 1
442.66 0.1 1
446.56 0.1 1
448.66 0.1 1
458.41 0.1 1
462.53 0.1 1
466.43 0.1 1
468.35 0.1 1
474.3 0.1 1
480.29 0.1 1
482.34 0.1 1
484.4 0.1 1
486.29 0.1 1
492.34 0.1 1
494.16 0.1 1
496.31 0.1 1
500.24 0.1 1
504.1 0.1 1
