4.28 0.1 1
6.2 0.1 1
10.23 0.1 1
12.22 0.1 1
17.99 0.1 1
20.14 0.1 1
21.97 0.1 1
24.01 0.1 1
25.92 0.1 1
33.99 0.1 1
36.01 0.1 1
37.95 0.1 1
41.8 0.1 1
45.8 0.1 1
47.75 0.1 1
49.78 0.1 1
51.82 0.1 1
57.8 0.1 1
67.71 0.1 1
69.71 0.1 1
71.64 0.1 1
73.66 0.1 1
77.58 0.1 1
79.48 0.1 1
81.61 0.1 1
85.55 0.1 1
87.55 0.1 1
89.46 0.1 1
91.48 0.1 1
95.4 0.1 1
107.3 0.1 1
121.31 0.1 1
125.13 0.1 1
127.21 0.1 1
131.21 0.1 1
133.2 0.1 1
135.03 0.1 1
137.08 0.1 1
139.06 0.1 1
145.08 0.1 1
146.95 0.1 1
151.05 0.1 1
152.94 0.1 1
155.02 0.1 1
162.94 0.1 1
166.88 0.1 1
168.93 0.1 1
170.76 0.1 1
172.84 0.1 1
176.84 0.1 1
182.68 0.1 1
184.8 0.1 1
190.72 0.1 1
194.69 0.1 1
198.7 0.1 1
202.59 0.1 1
208.47 0.1 1
214.46 0.1 1
218.36 0.1 1
224.33 0.1 1
228.31 0.1 1
238.22 0.1 1
244.19 0.1 1
246.14 0.1 1
250.16 0.1 1
258.23 0.1 1
260.16 0.1 1
262.06 0.1 1
264.14 0.1 1
266.06 0.1 1
270.15 0.1 1
273.91 0.1 1
276.06 0.1 1
280 0.1 1
285.94 0.1 1
289.85 0.1 1
295.87 0.1 1
297.92 0.1 1
299.91 0.1 1
301.76 0.1 1
303.69 0.1 1
305.79 0.1 1
307.71 0.1 1
309.63 0.1 1
325.67 0.1 1
327.68 0.1 1
331.6 0.1 1
333.62 0.1 1
337.55 0.1 1
341.54 0.1 1
349.51 0.1 1
355.33 0.1 1
359.26 0.1 1
361.35 0.1 1
363.41 0.1 1
365.28 0.1 1
371.25 0.1 1
375.27 0.1 1
377.29 0.1 1
385.17 0.1 1
393.16 0.1 1
395.11 0.1 1
400.94 0.1 1
403.03 0.1 1
410.9 0.1 1
413.01 0.1 1
414.93 0.1 1
424.87 0.1 1
426.87 0.1 1
438.79 0.1 1
440.66 0.1 1
442.61 0.1 1
446.74 0.1 1
448.63 0.1 1
458.58 0.1 1
462.48 0.1 1
466.43 0.1 1
468.5 0.1 1
474.47 0.1 1
480.32 0.1 1
482.42 0.1 1
484.41 0.1 1
486.26 0.1 1
492.21 0.1 1
494.31 0.1 1
496.16 0.1 1
500.21 0.1 1
504.15 0.1 1
