4.2 0.1 1
6.08 0.1 1
10.22 0.1 1
12.1 0.1 1
18.04 0.1 1
20 0.1 1
22.14 0.1 1
23.92 0.1 1
25.91 0.1 1
33.92 0.1 1
35.92 0.1 1
38.01 0.1 1
41.98 0.1 1
45.74 0.1 1
47.81 0.1 1
49.91 0.1 1
51.78 0.1 1
57.72 0.1 1
67.69 0.1 1
69.55 0.1 1
71.66 0.1 1
73.52 0.1 1
77.49 0.1 1
79.64 0.1 1
81.62 0.1 1
85.61 0.1 1
87.41 0.1 1
89.44 0.1 1
91.51 0.1 1
95.4 0.1 1
107.35 0.1 1
121.29 0.1 1
125.09 0.1 1
127.08 0.1 1
131.21 0.1 1
133.08 0.1 1
135.16 0.1 1
137.01 0.1 1
139 0.1 1
145.12 0.1 1
147.12 0.1 1
151.07 0.1 1
153.02 0.1 1
154.97 0.1 1
162.8 0.1 1
166.74 0.1 1
168.77 0.1 1
170.76 0.1 1
172.82 0.1 1
176.69 0.1 1
182.76 0.1 1
184.63 0.1 1
190.68 0.1 1
194.57 0.1 1
198.63 0.1 1
202.47 0.1 1
208.55 0.1 1
214.47 0.1 1
218.44 0.1 1
224.28 0.1 1
228.41 0.1 1
238.25 0.1 1
244.28 0.1 1
246.25 0.1 1
250.12 0.1 1
258.15 0.1 1
259.99 0.1 1
261.99 0.1 1
264.14 0.1 1
266.09 0.1 1
270.03 0.1 1
274.03 0.1 1
276.01 0.1 1
279.88 0.1 1
285.87 0.1 1
289.92 0.1 1
295.77 0.1 1
297.85 0.1 1
299.74 0.1 1
301.67 0.1 1
303.7 0.1 1
305.64 0.1 1
307.69 0.1 1
309.71 0.1 1
325.46 0.1 1
327.6 0.1 1
331.5 0.1 1
333.43 0.1 1
337.47 0.1 1
341.4 0.1 1
349.37 0.1 1
355.26 0.1 1
359.36 0.1 1
361.33 0.1 1
363.24 0.1 1
365.23 0.1 1
371.28 0.1 1
375.08 0.1 1
377.15 0.1 1
385.07 0.1 1
392.97 0.1 1
394.94 0.1 1
401.02 0.1 1
402.82 0.1 1
410.83 0.1 1
412.78 0.1 1
414.76 0.1 1
424.78 0.1 1
426.78 0.1 1
438.6 0.1 1
440.72 0.1 1
442.52 0.1 1
446.57 0.1 1
448.56 0.1 1
458.46 0.1 1
462.41 0.1 1
466.43 0.1 1
468.31 0.1 1
474.28 0.1 1
480.2 0.1 1
482.25 0.1 1
484.37 0.1 1
486.3 0.1 1
492.31 0.1 1
494.19 0.1 1
496.11 0.1 1
500.16 0.1 1
504.04 0.1 1
