4.17 0.1 1
6.12 0.1 1
10.18 0.1 1
12.04 0.1 1
18.1 0.1 1
20.01 0.1 1
22.06 0.1 1
23.93 0.1 1
26.03 0.1 1
33.88 0.1 1
36.02 0.1 1
37.84 0.1 1
41.8 0.1 1
45.82 0.1 1
47.74 0.1 1
49.87 0.1 1
51.84 0.1 1
57.81 0.1 1
67.76 0.1 1
69.56 0.1 1
71.68 0.1 1
73.7 0.1 1
77.63 0.1 1
79.5 0.1 1
81.5 0.1 1
85.62 0.1 1
87.56 0.1 1
89.52 0.1 1
91.54 0.1 1
95.52 0.1 1
107.44 0.1 1
121.33 0.1 1
125.12 0.1 1
127.22 0.1 1
131.14 0.1 1
133.24 0.1 1
135.04 0.1 1
137.09 0.1 1
139.02 0.1 1
145.11 0.1 1
146.94 0.1 1
151.08 0.1 1
152.88 0.1 1
155.05 0.1 1
162.98 0.1 1
166.93 0.1 1
168.92 0.1 1
170.82 0.1 1
172.82 0.1 1
176.7 0.1 1
182.69 0.1 1
184.79 0.1 1
190.76 0.1 1
194.58 0.1 1
198.65 0.1 1
202.51 0.1 1
208.6 0.1 1
214.52 0.1 1
218.49 0.1 1
224.44 0.1 1
228.29 0.1 1
238.26 0.1 1
244.23 0.1 1
246.25 0.1 1
250.11 0.1 1
258.05 0.1 1
260.22 0.1 1
262.07 0.1 1
264.02 0.1 1
266.04 0.1 1
269.94 0.1 1
273.92 0.1 1
275.99 0.1 1
279.91 0.1 1
285.91 0.1 1
289.86 0.1 1
295.86 0.1 1
297.8 0.1 1
299.75 0.1 1
301.68 0.1 1
303.8 0.1 1
305.68 0.1 1
307.69 0.1 1
309.8 0.1 1
325.52 0.1 1
327.48 0.1 1
331.49 0.1 1
333.59 0.1 1
337.43 0.1 1
341.5 0.1 1
349.37 0.1 1
355.4 0.1 1
359.32 0.1 1
361.25 0.1 1
363.22 0.1 1
365.37 0.1 1
371.24 0.1 1
375.26 0.1 1
377.11 0.1 1
385.08 0.1 1
392.95 0.1 1
395.1 0.1 1
401.04 0.1 1
403 0.1 1
410.87 0.1 1
412.79 0.1 1
414.86 0.1 1
424.79 0.1 1
426.78 0.1 1
438.78 0.1 1
440.57 0.1 1
442.6 0.1 1
446.65 0.1 1
448.6 0.1 1
458.52 0.1 1
462.46 0.1 1
466.43 0.1 1
468.54 0.1 1
474.46 0.1 1
480.4 0.1 1
482.3 0.1 1
484.4 0.1 1
486.38 0.1 1
492.25 0.1 1
494.24 0.1 1
496.29 0.1 1
500.27 0.1 1
504.06 0.1 1
