4.11 0.1 1
6.15 0.1 1
10.16 0.1 1
12.08 0.1 1
18.17 0.1 1
19.95 0.1 1
21.95 0.1 1
23.97 0.1 1
25.95 0.1 1
33.87 0.1 1
35.94 0.1 1
37.96 0.1 1
41.89 0.1 1
45.83 0.1 1
47.76 0.1 1
49.84 0.1 1
51.85 0.1 1
57.85 0.1 1
67.6 0.1 1
69.55 0.1 1
71.7 0.1 1
73.69 0.1 1
77.49 0.1 1
79.54 0.1 1
81.47 0.1 1
85.61 0.1 1
87.42 0.1 1
89.46 0.1 1
91.53 0.1 1
95.34 0.1 1
107.42 0.1 1
121.24 0.1 1
125.24 0.1 1
127.12 0.1 1
131.11 0.1 1
133.09 0.1 1
135.21 0.1 1
137.16 0.1 1
139.19 0.1 1
145.01 0.1 1
147.13 0.1 1
151 0.1 1
153.07 0.1 1
154.97 0.1 1
162.84 0.1 1
166.95 0.1 1
168.84 0.1 1
170.87 0.1 1
172.74 0.1 1
176.69 0.1 1
182.78 0.1 1
184.66 0.1 1
190.75 0.1 1
194.61 0.1 1
198.51 0.1 1
202.55 0.1 1
208.45 0.1 1
214.55 0.1 1
218.44 0.1 1
224.34 0.1 1
228.41 0.1 1
238.28 0.1 1
244.26 0.1 1
246.17 0.1 1
250.25 0.1 1
258.24 0.1 1
260.17 0.1 1
262 0.1 1
264.07 0.1 1
266.02 0.1 1
269.94 0.1 1
273.99 0.1 1
276.06 0.1 1
280 0.1 1
285.9 0.1 1
289.92 0.1 1
295.83 0.1 1
297.75 0.1 1
299.82 0.1 1
301.7 0.1 1
303.74 0.1 1
305.82 0.1 1
307.72 0.1 1
309.69 0.1 1
325.54 0.1 1
327.68 0.1 1
331.51 0.1 1
333.5 0.1 1
337.48 0.1 1
341.4 0.1 1
349.44 0.1 1
355.36 0.1 1
359.37 0.1 1
361.37 0.1 1
363.29 0.1 1
365.29 0.1 1
371.31 0.1 1
375.28 0.1 1
377.11 0.1 1
385.07 0.1 1
393.1 0.1 1
394.97 0.1 1
400.97 0.1 1
402.99 0.1 1
410.84 0.1 1
412.98 0.1 1
414.78 0.1 1
424.78 0.1 1
426.76 0.1 1
438.63 0.1 1
440.69 0.1 1
442.65 0.1 1
446.61 0.1 1
448.5 0.1 1
458.49 0.1 1
462.46 0.1 1
466.56 0.1 1
468.55 0.1 1
474.42 0.1 1
480.32 0.1 1
482.35 0.1 1
484.33 0.1 1
486.24 0.1 1
492.2 0.1 1
494.22 0.1 1
496.31 0.1 1
500.19 0.1 1
504.16 0.1 1
