4.12 0.1 1
6.07 0.1 1
10.09 0.1 1
12.02 0.1 1
18.04 0.1 1
20.13 0.1 1
21.98 0.1 1
24.08 0.1 1
26.01 0.1 1
33.9 0.1 1
35.83 0.1 1
37.9 0.1 1
41.78 0.1 1
45.79 0.1 1
47.92 0.1 1
49.77 0.1 1
51.82 0.1 1
57.84 0.1 1
67.59 0.1 1
69.63 0.1 1
71.63 0.1 1
73.58 0.1 1
77.7 0.1 1
79.58 0.1 1
81.63 0.1 1
85.62 0.1 1
87.47 0.1 1
89.55 0.1 1
91.59 0.1 1
95.54 0.1 1
107.33 0.1 1
121.2 0.1 1
125.3 0.1 1
127.27 0.1 1
131.12 0.1 1
133.22 0.1 1
135.15 0.1 1
137.04 0.1 1
139.05 0.1 1
144.99 0.1 1
146.97 0.1 1
151.01 0.1 1
152.89 0.1 1
154.94 0.1 1
163.01 0.1 1
166.9 0.1 1
168.95 0.1 1
170.77 0.1 1
172.78 0.1 1
176.75 0.1 1
182.75 0.1 1
184.79 0.1 1
190.77 0.1 1
194.66 0.1 1
198.68 0.1 1
202.69 0.1 1
208.45 0.1 1
214.41 0.1 1
218.53 0.1 1
224.34 0.1 1
228.34 0.1 1
238.27 0.1 1
244.29 0.1 1
246.29 0.1 1
250.09 0.1 1
258.12 0.1 1
260.13 0.1 1
262 0.1 1
264.02 0.1 1
266.07 0.1 1
270.07 0.1 1
274.1 0.1 1
276.07 0.1 1
279.94 0.1 1
285.91 0.1 1
289.86 0.1 1
295.83 0.1 1
297.75 0.1 1
299.7 0.1 1
301.83 0.1 1
303.85 0.1 1
305.68 0.1 1
307.78 0.1 1
309.75 0.1 1
325.54 0.1 1
327.52 0.1 1
331.61 0.1 1
333.63 0.1 1
337.46 0.1 1
341.43 0.1 1
349.31 0.1 1
355.33 0.1 1
359.25 0.1 1
361.25 0.1 1
363.27 0.1 1
365.2 0.1 1
371.14 0.1 1
375.16 0.1 1
377.26 0.1 1
385.11 0.1 1
393.01 0.1 1
395.1 0.1 1
400.88 0.1 1
402.88 0.1 1
410.87 0.1 1
412.86 0.1 1
414.87 0.1 1
424.76 0.1 1
426.81 0.1 1
438.6 0.1 1
440.71 0.1 1
442.75 0.1 1
446.7 0.1 1
448.54 0.1 1
458.57 0.1 1
462.47 0.1 1
466.51 0.1 1
468.36 0.1 1
474.33 0.1 1
480.45 0.1 1
482.23 0.1 1
484.31 0.1 1
486.28 0.1 1
492.25 0.1 1
494.3 0.1 1
496.27 0.1 1
500.12 0.1 1
504.25 0.1 1
