4.26 0.1 1
6.07 0.1 1
10.13 0.1 1
12.13 0.1 1
18.07 0.1 1
19.97 0.1 1
22 0.1 1
24.12 0.1 1
25.94 0.1 1
33.89 0.1 1
35.96 0.1 1
37.99 0.1 1
41.86 0.1 1
45.91 0.1 1
47.9 0.1 1
49.78 0.1 1
51.77 0.1 1
57.67 0.1 1
67.72 0.1 1
69.56 0.1 1
71.72 0.1 1
73.67 0.1 1
77.56 0.1 1
79.58 0.1 1
81.56 0.1 1
85.48 0.1 1
87.6 0.1 1
89.53 0.1 1
91.41 0.1 1
95.53 0.1 1
107.4 0.1 1
121.26 0.1 1
125.11 0.1 1
127.23 0.1 1
131.23 0.1 1
133.06 0.1 1
135.18 0.1 1
137.01 0.1 1
139.18 0.1 1
145.13 0.1 1
147.05 0.1 1
150.95 0.1 1
153.07 0.1 1
155.02 0.1 1
162.82 0.1 1
166.82 0.1 1
168.88 0.1 1
170.93 0.1 1
172.91 0.1 1
176.85 0.1 1
182.78 0.1 1
184.65 0.1 1
190.65 0.1 1
194.55 0.1 1
198.7 0.1 1
202.66 0.1 1
208.62 0.1 1
214.39 0.1 1
218.43 0.1 1
224.43 0.1 1
228.45 0.1 1
238.38 0.1 1
244.17 0.1 1
246.17 0.1 1
250.31 0.1 1
258.21 0.1 1
260.03 0.1 1
262.01 0.1 1
264.16 0.1 1
266.01 0.1 1
270.08 0.1 1
273.98 0.1 1
275.98 0.1 1
279.87 0.1 1
285.92 0.1 1
289.92 0.1 1
295.87 0.1 1
297.72 0.1 1
299.91 0.1 1
301.83 0.1 1
303.88 0.1 1
305.83 0.1 1
307.76 0.1 1
309.69 0.1 1
325.62 0.1 1
327.5 0.1 1
331.45 0.1 1
333.45 0.1 1
337.46 0.1 1
341.47 0.1 1
349.49 0.1 1
355.3 0.1 1
359.36 0.1 1
361.4 0.1 1
363.37 0.1 1
365.18 0.1 1
371.22 0.1 1
375.2 0.1 1
377.09 0.1 1
385.17 0.1 1
393.13 0.1 1
395.04 0.1 1
400.91 0.1 1
403.01 0.1 1
410.97 0.1 1
412.83 0.1 1
414.85 0.1 1
424.77 0.1 1
426.86 0.1 1
438.63 0.1 1
440.66 0.1 1
442.56 0.1 1
446.63 0.1 1
448.55 0.1 1
458.57 0.1 1
462.42 0.1 1
466.55 0.1 1
468.47 0.1 1
474.41 0.1 1
480.39 0.1 1
482.41 0.1 1
484.28 0.1 1
486.26 0.1 1
492.16 0.1 1
494.26 0.1 1
496.15 0.1 1
500.2 0.1 1
504.08 0.1 1
