4.23 0.1 1
6.25 0.1 1
10.12 0.1 1
12.1 0.1 1
18.03 0.1 1
19.95 0.1 1
21.95 0.1 1
24.07 0.1 1
26.09 0.1 1
34.01 0.1 1
35.96 0.1 1
37.86 0.1 1
41.89 0.1 1
45.86 0.1 1
47.73 0.1 1
49.85 0.1 1
51.9 0.1 1
57.82 0.1 1
67.77 0.1 1
69.65 0.1 1
71.74 0.1 1
73.54 0.1 1
77.64 0.1 1
79.47 0.1 1
81.59 0.1 1
85.44 0.1 1
87.58 0.1 1
89.38 0.1 1
91.43 0.1 1
95.45 0.1 1
107.28 0.1 1
121.14 0.1 1
125.22 0.1 1
127.06 0.1 1
131.03 0.1 1
133.06 0.1 1
135.14 0.1 1
137.09 0.1 1
139.16 0.1 1
144.95 0.1 1
147 0.1 1
150.98 0.1 1
152.97 0.1 1
154.97 0.1 1
162.87 0.1 1
166.77 0.1 1
168.74 0.1 1
170.72 0.1 1
172.87 0.1 1
176.81 0.1 1
182.71 0.1 1
184.78 0.1 1
190.63 0.1 1
194.53 0.1 1
198.48 0.1 1
202.5 0.1 1
208.57 0.1 1
214.37 0.1 1
218.41 0.1 1
224.44 0.1 1
228.34 0.1 1
238.2 0.1 1
244.2 0.1 1
246.27 0.1 1
250.05 0.1 1
258.12 0.1 1
260.14 0.1 1
262.04 0.1 1
264.02 0.1 1
266.07 0.1 1
269.94 0.1 1
274.03 0.1 1
275.96 0.1 1
279.85 0.1 1
285.9 0.1 1
289.9 0.1 1
295.74 0.1 1
297.85 0.1 1
299.72 0.1 1
301.65 0.1 1
303.61 0.1 1
305.62 0.1 1
307.62 0.1 1
309.71 0.1 1
325.58 0.1 1
327.55 0.1 1
331.58 0.1 1
333.37 0.1 1
337.45 0.1 1
341.47 0.1 1
349.32 0.1 1
355.21 0.1 1
359.36 0.1 1
361.21 0.1 1
363.14 0.1 1
365.18 0.1 1
371.23 0.1 1
375.13 0.1 1
377.08 0.1 1
385.07 0.1 1
393.07 0.1 1
395.02 0.1 1
401.01 0.1 1
402.98 0.1 1
410.8 0.1 1
412.86 0.1 1
414.78 0.1 1
424.63 0.1 1
426.7 0.1 1
438.61 0.1 1
440.66 0.1 1
442.54 0.1 1
446.59 0.1 1
448.64 0.1 1
458.43 0.1 1
462.43 0.1 1
466.38 0.1 1
468.42 0.1 1
474.44 0.1 1
480.3 0.1 1
482.34 0.1 1
484.31 0.1 1
486.24 0.1 1
492.11 0.1 1
494.16 0.1 1
496.11 0.1 1
500.08 0.1 1
504.2 0.1 1
