4.09 0.1 1
6.14 0.1 1
10.13 0.1 1
12.23 0.1 1
18.11 0.1 1
20.13 0.1 1
22.13 0.1 1
24.08 0.1 1
25.93 0.1 1
34.05 0.1 1
35.95 0.1 1
37.9 0.1 1
41.97 0.1 1
45.77 0.1 1
47.94 0.1 1
49.81 0.1 1
51.81 0.1 1
57.73 0.1 1
67.73 0.1 1
69.6 0.1 1
71.7 0.1 1
73.7 0.1 1
77.69 0.1 1
79.62 0.1 1
81.5 0.1 1
85.57 0.1 1
87.62 0.1 1
89.44 0.1 1
91.41 0.1 1
95.53 0.1 1
107.43 0.1 1
121.22 0.1 1
125.15 0.1 1
127.12 0.1 1
131.09 0.1 1
133.06 0.1 1
135.09 0.1 1
137.09 0.1 1
139.14 0.1 1
145.03 0.1 1
146.96 0.1 1
150.96 0.1 1
153.04 0.1 1
154.91 0.1 1
162.83 0.1 1
166.9 0.1 1
168.88 0.1 1
170.82 0.1 1
172.85 0.1 1
176.85 0.1 1
182.77 0.1 1
184.81 0.1 1
190.59 0.1 1
194.64 0.1 1
198.63 0.1 1
202.48 0.1 1
208.45 0.1 1
214.52 0.1 1
218.47 0.1 1
224.35 0.1 1
228.34 0.1 1
238.33 0.1 1
244.15 0.1 1
246.23 0.1 1
250.05 0.1 1
258.03 0.1 1
260.15 0.1 1
262.15 0.1 1
264.13 0.1 1
265.99 0.1 1
269.99 0.1 1
273.99 0.1 1
276.01 0.1 1
279.96 0.1 1
285.74 0.1 1
289.85 0.1 1
295.85 0.1 1
297.85 0.1 1
299.68 0.1 1
301.77 0.1 1
303.68 0.1 1
305.77 0.1 1
307.63 0.1 1
309.74 0.1 1
325.47 0.1 1
327.51 0.1 1
331.48 0.1 1
333.51 0.1 1
337.38 0.1 1
341.33 0.1 1
349.25 0.1 1
355.38 0.1 1
359.17 0.1 1
361.32 0.1 1
363.25 0.1 1
365.15 0.1 1
371.26 0.1 1
375.07 0.1 1
377.16 0.1 1
385 0.1 1
392.88 0.1 1
395.03 0.1 1
400.85 0.1 1
402.97 0.1 1
410.81 0.1 1
412.77 0.1 1
414.82 0.1 1
424.64 0.1 1
426.74 0.1 1
438.6 0.1 1
440.6 0.1 1
442.57 0.1 1
446.6 0.1 1
448.5 0.1 1
458.4 0.1 1
462.32 0.1 1
466.41 0.1 1
468.43 0.1 1
474.33 0.1 1
480.31 0.1 1
482.3 0.1 1
484.33 0.1 1
486.12 0.1 1
492.2 0.1 1
494.13 0.1 1
496.15 0.1 1
500.09 0.1 1
503.95 0.1 1
