4.09 0.1 1
6.21 0.1 1
10.11 0.1 1
12.16 0.1 1
17.9 0.1 1
19.89 0.1 1
21.94 0.1 1
23.91 0.1 1
25.89 0.1 1
33.75 0.1 1
35.85 0.1 1
37.82 0.1 1
41.66 0.1 1
45.74 0.1 1
47.61 0.1 1
49.56 0.1 1
51.53 0.1 1
57.39 0.1 1
67.37 0.1 1
69.35 0.1 1
71.29 0.1 1
73.27 0.1 1
77.24 0.1 1
79.31 0.1 1
81.18 0.1 1
85.23 0.1 1
87.03 0.1 1
89.12 0.1 1
90.99 0.1 1
95.03 0.1 1
106.81 0.1 1
120.79 0.1 1
124.71 0.1 1
126.71 0.1 1
130.61 0.1 1
132.58 0.1 1
134.68 0.1 1
136.62 0.1 1
138.45 0.1 1
144.38 0.1 1
146.53 0.1 1
150.43 0.1 1
152.43 0.1 1
154.32 0.1 1
162.19 0.1 1
166.26 0.1 1
168.08 0.1 1
170.13 0.1 1
172.1 0.1 1
176.01 0.1 1
182.03 0.1 1
184.08 0.1 1
189.94 0.1 1
193.93 0.1 1
197.85 0.1 1
201.73 0.1 1
207.62 0.1 1
213.65 0.1 1
217.55 0.1 1
223.54 0.1 1
227.49 0.1 1
237.39 0.1 1
243.43 0.1 1
245.34 0.1 1
249.31 0.1 1
257.2 0.1 1
259.24 0.1 1
261.13 0.1 1
263.14 0.1 1
265.03 0.1 1
269.03 0.1 1
273.07 0.1 1
274.96 0.1 1
278.96 0.1 1
284.92 0.1 1
288.79 0.1 1
294.83 0.1 1
296.8 0.1 1
298.63 0.1 1
300.58 0.1 1
302.68 0.1 1
304.59 0.1 1
306.56 0.1 1
308.62 0.1 1
324.39 0.1 1
326.31 0.1 1
330.23 0.1 1
332.26 0.1 1
336.27 0.1 1
340.25 0.1 1
348.16 0.1 1
354.04 0.1 1
357.96 0.1 1
360.01 0.1 1
361.98 0.1 1
363.85 0.1 1
369.83 0.1 1
373.79 0.1 1
375.82 0.1 1
383.63 0.1 1
391.59 0.1 1
393.49 0.1 1
399.51 0.1 1
401.5 0.1 1
409.41 0.1 1
411.29 0.1 1
413.35 0.1 1
423.36 0.1 1
425.16 0.1 1
437.12 0.1 1
439.07 0.1 1
441.06 0.1 1
444.93 0.1 1
446.91 0.1 1
456.81 0.1 1
460.88 0.1 1
464.78 0.1 1
466.85 0.1 1
472.72 0.1 1
478.73 0.1 1
480.73 0.1 1
482.5 0.1 1
484.65 0.1 1
490.59 0.1 1
492.49 0.1 1
494.51 0.1 1
498.41 0.1 1
502.43 0.1 1
