4.29 0.1 1
6.13 0.1 1
10.14 0.1 1
12.11 0.1 1
18.11 0.1 1
20.01 0.1 1
22.11 0.1 1
23.93 0.1 1
25.92 0.1 1
33.87 0.1 1
35.87 0.1 1
38 0.1 1
41.87 0.1 1
45.89 0.1 1
47.74 0.1 1
49.91 0.1 1
51.78 0.1 1
57.7 0.1 1
67.7 0.1 1
69.57 0.1 1
71.6 0.1 1
73.67 0.1 1
77.6 0.1 1
79.64 0.1 1
81.62 0.1 1
85.62 0.1 1
87.62 0.1 1
89.44 0.1 1
91.46 0.1 1
95.51 0.1 1
107.26 0.1 1
121.22 0.1 1
125.29 0.1 1
127.14 0.1 1
131.27 0.1 1
133.07 0.1 1
135.11 0.1 1
137.16 0.1 1
139.09 0.1 1
145.13 0.1 1
147.13 0.1 1
150.96 0.1 1
153.06 0.1 1
154.9 0.1 1
162.82 0.1 1
166.95 0.1 1
168.75 0.1 1
170.75 0.1 1
172.84 0.1 1
176.67 0.1 1
182.69 0.1 1
184.69 0.1 1
190.71 0.1 1
194.65 0.1 1
198.56 0.1 1
202.55 0.1 1
208.5 0.1 1
214.45 0.1 1
218.52 0.1 1
224.31 0.1 1
228.26 0.1 1
238.26 0.1 1
244.16 0.1 1
246.23 0.1 1
250.08 0.1 1
258.15 0.1 1
260.04 0.1 1
262.14 0.1 1
264.09 0.1 1
265.96 0.1 1
269.96 0.1 1
273.89 0.1 1
275.96 0.1 1
279.86 0.1 1
285.76 0.1 1
289.73 0.1 1
295.82 0.1 1
297.83 0.1 1
299.67 0.1 1
301.75 0.1 1
303.72 0.1 1
305.7 0.1 1
307.65 0.1 1
309.71 0.1 1
325.44 0.1 1
327.5 0.1 1
331.48 0.1 1
333.53 0.1 1
337.37 0.1 1
341.32 0.1 1
349.39 0.1 1
355.36 0.1 1
359.31 0.1 1
361.27 0.1 1
363.31 0.1 1
365.29 0.1 1
371.16 0.1 1
375.23 0.1 1
377.06 0.1 1
385.13 0.1 1
393.07 0.1 1
395.05 0.1 1
400.91 0.1 1
402.81 0.1 1
410.86 0.1 1
412.88 0.1 1
414.89 0.1 1
424.65 0.1 1
426.72 0.1 1
438.54 0.1 1
440.69 0.1 1
442.67 0.1 1
446.64 0.1 1
448.52 0.1 1
458.41 0.1 1
462.41 0.1 1
466.4 0.1 1
468.33 0.1 1
474.43 0.1 1
480.39 0.1 1
482.29 0.1 1
484.17 0.1 1
486.27 0.1 1
492.21 0.1 1
494.19 0.1 1
496.12 0.1 1
500.09 0.1 1
504.19 0.1 1
