4.12 0.1 1
6.12 0.1 1
10.07 0.1 1
12.19 0.1 1
18.11 0.1 1
20.01 0.1 1
22.13 0.1 1
24.06 0.1 1
25.93 0.1 1
33.85 0.1 1
35.93 0.1 1
37.81 0.1 1
41.93 0.1 1
45.78 0.1 1
47.84 0.1 1
49.84 0.1 1
51.82 0.1 1
57.84 0.1 1
67.68 0.1 1
69.66 0.1 1
71.63 0.1 1
73.69 0.1 1
77.66 0.1 1
79.58 0.1 1
81.65 0.1 1
85.55 0.1 1
87.5 0.1 1
89.42 0.1 1
91.5 0.1 1
95.47 0.1 1
107.31 0.1 1
121.19 0.1 1
125.26 0.1 1
127.28 0.1 1
131.25 0.1 1
133.25 0.1 1
135.13 0.1 1
137.2 0.1 1
139.2 0.1 1
145.09 0.1 1
147.06 0.1 1
150.96 0.1 1
153.06 0.1 1
154.99 0.1 1
162.89 0.1 1
166.78 0.1 1
168.83 0.1 1
170.83 0.1 1
172.8 0.1 1
176.72 0.1 1
182.69 0.1 1
184.77 0.1 1
190.77 0.1 1
194.71 0.1 1
198.61 0.1 1
202.57 0.1 1
208.63 0.1 1
214.5 0.1 1
218.43 0.1 1
224.5 0.1 1
228.32 0.1 1
238.25 0.1 1
244.17 0.1 1
246.34 0.1 1
250.24 0.1 1
258.06 0.1 1
260.16 0.1 1
262.03 0.1 1
264.18 0.1 1
266 0.1 1
270.03 0.1 1
273.95 0.1 1
275.99 0.1 1
279.87 0.1 1
285.89 0.1 1
289.79 0.1 1
295.79 0.1 1
297.76 0.1 1
299.84 0.1 1
301.8 0.1 1
303.75 0.1 1
305.8 0.1 1
307.76 0.1 1
309.78 0.1 1
325.62 0.1 1
327.65 0.1 1
331.47 0.1 1
333.56 0.1 1
337.59 0.1 1
341.54 0.1 1
349.35 0.1 1
355.35 0.1 1
359.37 0.1 1
361.35 0.1 1
363.32 0.1 1
365.27 0.1 1
371.24 0.1 1
375.17 0.1 1
377.16 0.1 1
385.07 0.1 1
393.05 0.1 1
395.1 0.1 1
400.93 0.1 1
403 0.1 1
410.85 0.1 1
412.94 0.1 1
414.99 0.1 1
424.71 0.1 1
426.74 0.1 1
438.75 0.1 1
440.66 0.1 1
442.65 0.1 1
446.68 0.1 1
448.63 0.1 1
458.55 0.1 1
462.4 0.1 1
466.56 0.1 1
468.52 0.1 1
474.49 0.1 1
480.29 0.1 1
482.41 0.1 1
484.35 0.1 1
486.36 0.1 1
492.21 0.1 1
494.33 0.1 1
496.17 0.1 1
500.2 0.1 1
504.12 0.1 1
