4.16 0.1 1
6.17 0.1 1
10.16 0.1 1
12.07 0.1 1
18.09 0.1 1
20.16 0.1 1
22.11 0.1 1
24.01 0.1 1
26 0.1 1
34.05 0.1 1
35.98 0.1 1
37.92 0.1 1
41.87 0.1 1
45.9 0.1 1
47.89 0.1 1
49.77 0.1 1
51.71 0.1 1
57.81 0.1 1
67.65 0.1 1
69.71 0.1 1
71.75 0.1 1
73.7 0.1 1
77.55 0.1 1
79.55 0.1 1
81.62 0.1 1
85.42 0.1 1
87.54 0.1 1
89.52 0.1 1
91.45 0.1 1
95.42 0.1 1
107.43 0.1 1
121.17 0.1 1
125.17 0.1 1
127.27 0.1 1
131.15 0.1 1
133.2 0.1 1
135.07 0.1 1
137.15 0.1 1
139.04 0.1 1
144.99 0.1 1
146.92 0.1 1
150.91 0.1 1
152.99 0.1 1
154.86 0.1 1
162.88 0.1 1
166.8 0.1 1
168.78 0.1 1
170.83 0.1 1
172.82 0.1 1
176.7 0.1 1
182.8 0.1 1
184.67 0.1 1
190.64 0.1 1
194.56 0.1 1
198.58 0.1 1
202.58 0.1 1
208.53 0.1 1
214.42 0.1 1
218.48 0.1 1
224.44 0.1 1
228.37 0.1 1
238.26 0.1 1
244.14 0.1 1
246.24 0.1 1
250.15 0.1 1
258.21 0.1 1
260.02 0.1 1
262.18 0.1 1
264.1 0.1 1
266.03 0.1 1
269.95 0.1 1
274.1 0.1 1
275.95 0.1 1
279.92 0.1 1
285.99 0.1 1
289.78 0.1 1
295.88 0.1 1
297.85 0.1 1
299.8 0.1 1
301.71 0.1 1
303.75 0.1 1
305.82 0.1 1
307.77 0.1 1
309.62 0.1 1
325.56 0.1 1
327.61 0.1 1
331.57 0.1 1
333.58 0.1 1
337.36 0.1 1
341.38 0.1 1
349.35 0.1 1
355.3 0.1 1
359.3 0.1 1
361.37 0.1 1
363.17 0.1 1
365.34 0.1 1
371.12 0.1 1
375.12 0.1 1
377.16 0.1 1
385.05 0.1 1
392.98 0.1 1
394.96 0.1 1
401.05 0.1 1
402.85 0.1 1
410.77 0.1 1
412.74 0.1 1
414.72 0.1 1
424.71 0.1 1
426.68 0.1 1
438.58 0.1 1
440.71 0.1 1
442.55 0.1 1
446.48 0.1 1
448.48 0.1 1
458.5 0.1 1
462.41 0.1 1
466.39 0.1 1
468.46 0.1 1
474.31 0.1 1
480.26 0.1 1
482.28 0.1 1
484.28 0.1 1
486.17 0.1 1
492.17 0.1 1
494.1 0.1 1
496.24 0.1 1
500.22 0.1 1
504 0.1 1
