4.08 0.1 1
6.07 0.1 1
10.1 0.1 1
12.14 0.1 1
18.17 0.1 1
20.14 0.1 1
22.14 0.1 1
24.04 0.1 1
26.08 0.1 1
33.98 0.1 1
35.96 0.1 1
37.88 0.1 1
41.98 0.1 1
45.78 0.1 1
47.92 0.1 1
49.73 0.1 1
51.7 0.1 1
57.72 0.1 1
67.66 0.1 1
69.59 0.1 1
71.74 0.1 1
73.63 0.1 1
77.53 0.1 1
79.66 0.1 1
81.55 0.1 1
85.47 0.1 1
87.48 0.1 1
89.52 0.1 1
91.48 0.1 1
95.53 0.1 1
107.29 0.1 1
121.26 0.1 1
125.11 0.1 1
127.26 0.1 1
131.05 0.1 1
133.08 0.1 1
135.05 0.1 1
137.02 0.1 1
139.03 0.1 1
145.12 0.1 1
147.1 0.1 1
151.06 0.1 1
152.92 0.1 1
154.97 0.1 1
162.94 0.1 1
166.84 0.1 1
168.78 0.1 1
170.83 0.1 1
172.86 0.1 1
176.71 0.1 1
182.65 0.1 1
184.8 0.1 1
190.64 0.1 1
194.67 0.1 1
198.57 0.1 1
202.59 0.1 1
208.54 0.1 1
214.44 0.1 1
218.4 0.1 1
224.43 0.1 1
228.42 0.1 1
238.3 0.1 1
244.24 0.1 1
246.16 0.1 1
250.16 0.1 1
258.14 0.1 1
260.11 0.1 1
262.11 0.1 1
264.06 0.1 1
266.06 0.1 1
270.05 0.1 1
274.07 0.1 1
275.97 0.1 1
279.87 0.1 1
285.79 0.1 1
289.95 0.1 1
295.86 0.1 1
297.69 0.1 1
299.86 0.1 1
301.71 0.1 1
303.69 0.1 1
305.76 0.1 1
307.78 0.1 1
309.61 0.1 1
325.49 0.1 1
327.47 0.1 1
331.49 0.1 1
333.42 0.1 1
337.41 0.1 1
341.41 0.1 1
349.34 0.1 1
355.31 0.1 1
359.33 0.1 1
361.21 0.1 1
363.17 0.1 1
365.25 0.1 1
371.25 0.1 1
375.2 0.1 1
377.2 0.1 1
385.02 0.1 1
392.99 0.1 1
395.04 0.1 1
400.85 0.1 1
403 0.1 1
410.85 0.1 1
412.85 0.1 1
414.8 0.1 1
424.84 0.1 1
426.74 0.1 1
438.54 0.1 1
440.53 0.1 1
442.61 0.1 1
446.5 0.1 1
448.51 0.1 1
458.55 0.1 1
462.42 0.1 1
466.37 0.1 1
468.3 0.1 1
474.46 0.1 1
480.21 0.1 1
482.29 0.1 1
484.31 0.1 1
486.24 0.1 1
492.23 0.1 1
494.13 0.1 1
496.18 0.1 1
500.06 0.1 1
504.12 0.1 1
