4.08 0.1 1
6.15 0.1 1
10.2 0.1 1
12.22 0.1 1
17.97 0.1 1
20.04 0.1 1
22.14 0.1 1
24.11 0.1 1
26.04 0.1 1
33.9 0.1 1
35.95 0.1 1
38.01 0.1 1
41.78 0.1 1
45.78 0.1 1
47.8 0.1 1
49.85 0.1 1
51.82 0.1 1
57.74 0.1 1
67.77 0.1 1
69.58 0.1 1
71.68 0.1 1
73.71 0.1 1
77.58 0.1 1
79.51 0.1 1
81.6 0.1 1
85.41 0.1 1
87.56 0.1 1
89.38 0.1 1
91.5 0.1 1
95.37 0.1 1
107.29 0.1 1
121.29 0.1 1
125.26 0.1 1
127.11 0.1 1
131.13 0.1 1
133.08 0.1 1
135.05 0.1 1
137.13 0.1 1
139.05 0.1 1
144.99 0.1 1
147.07 0.1 1
151.05 0.1 1
153.04 0.1 1
155.01 0.1 1
162.88 0.1 1
166.83 0.1 1
168.84 0.1 1
170.75 0.1 1
172.8 0.1 1
176.88 0.1 1
182.77 0.1 1
184.67 0.1 1
190.69 0.1 1
194.65 0.1 1
198.6 0.1 1
202.62 0.1 1
208.61 0.1 1
214.43 0.1 1
218.54 0.1 1
224.48 0.1 1
228.38 0.1 1
238.39 0.1 1
244.21 0.1 1
246.29 0.1 1
250.12 0.1 1
258.19 0.1 1
260.01 0.1 1
262.04 0.1 1
264.13 0.1 1
266 0.1 1
270.06 0.1 1
273.98 0.1 1
275.92 0.1 1
279.9 0.1 1
285.79 0.1 1
289.75 0.1 1
295.84 0.1 1
297.74 0.1 1
299.73 0.1 1
301.84 0.1 1
303.78 0.1 1
305.81 0.1 1
307.64 0.1 1
309.69 0.1 1
325.62 0.1 1
327.57 0.1 1
331.45 0.1 1
333.4 0.1 1
337.44 0.1 1
341.52 0.1 1
349.38 0.1 1
355.21 0.1 1
359.23 0.1 1
361.3 0.1 1
363.31 0.1 1
365.17 0.1 1
371.1 0.1 1
375.12 0.1 1
377.24 0.1 1
385.04 0.1 1
393.07 0.1 1
394.93 0.1 1
400.96 0.1 1
402.91 0.1 1
410.96 0.1 1
412.83 0.1 1
414.77 0.1 1
424.8 0.1 1
426.65 0.1 1
438.57 0.1 1
440.66 0.1 1
442.64 0.1 1
446.51 0.1 1
448.61 0.1 1
458.58 0.1 1
462.37 0.1 1
466.42 0.1 1
468.45 0.1 1
474.42 0.1 1
480.37 0.1 1
482.31 0.1 1
484.27 0.1 1
486.26 0.1 1
492.18 0.1 1
494.25 0.1 1
496.25 0.1 1
500.26 0.1 1
504.12 0.1 1
