4.26 0.1 1
6.16 0.1 1
10.06 0.1 1
12.18 0.1 1
18.07 0.1 1
20.05 0.1 1
22.12 0.1 1
23.92 0.1 1
26.04 0.1 1
33.94 0.1 1
35.91 0.1 1
37.83 0.1 1
41.94 0.1 1
45.95 0.1 1
47.74 0.1 1
49.76 0.1 1
51.86 0.1 1
57.75 0.1 1
67.7 0.1 1
69.64 0.1 1
71.74 0.1 1
73.57 0.1 1
77.57 0.1 1
79.61 0.1 1
81.64 0.1 1
85.51 0.1 1
87.41 0.1 1
89.43 0.1 1
91.44 0.1 1
95.51 0.1 1
107.42 0.1 1
121.31 0.1 1
125.22 0.1 1
127.22 0.1 1
131.21 0.1 1
133.08 0.1 1
135.19 0.1 1
137.15 0.1 1
139.2 0.1 1
145 0.1 1
147.13 0.1 1
150.92 0.1 1
152.92 0.1 1
154.97 0.1 1
162.89 0.1 1
166.79 0.1 1
168.87 0.1 1
170.94 0.1 1
172.82 0.1 1
176.74 0.1 1
182.84 0.1 1
184.7 0.1 1
190.62 0.1 1
194.67 0.1 1
198.6 0.1 1
202.69 0.1 1
208.44 0.1 1
214.51 0.1 1
218.47 0.1 1
224.49 0.1 1
228.4 0.1 1
238.38 0.1 1
244.22 0.1 1
246.22 0.1 1
250.14 0.1 1
258.07 0.1 1
260.17 0.1 1
262.02 0.1 1
264.06 0.1 1
265.99 0.1 1
270.06 0.1 1
273.94 0.1 1
276.1 0.1 1
280 0.1 1
285.88 0.1 1
289.97 0.1 1
295.8 0.1 1
297.74 0.1 1
299.75 0.1 1
301.74 0.1 1
303.81 0.1 1
305.67 0.1 1
307.72 0.1 1
309.64 0.1 1
325.7 0.1 1
327.56 0.1 1
331.52 0.1 1
333.48 0.1 1
337.4 0.1 1
341.55 0.1 1
349.39 0.1 1
355.29 0.1 1
359.41 0.1 1
361.38 0.1 1
363.21 0.1 1
365.28 0.1 1
371.26 0.1 1
375.1 0.1 1
377.18 0.1 1
385.14 0.1 1
392.96 0.1 1
394.92 0.1 1
401.04 0.1 1
402.99 0.1 1
410.8 0.1 1
412.95 0.1 1
414.86 0.1 1
424.85 0.1 1
426.72 0.1 1
438.64 0.1 1
440.72 0.1 1
442.66 0.1 1
446.68 0.1 1
448.53 0.1 1
458.56 0.1 1
462.43 0.1 1
466.43 0.1 1
468.4 0.1 1
474.42 0.1 1
480.37 0.1 1
482.37 0.1 1
484.22 0.1 1
486.22 0.1 1
492.16 0.1 1
494.19 0.1 1
496.14 0.1 1
500.25 0.1 1
504.06 0.1 1
