4.2 0.1 1
6.08 0.1 1
10.23 0.1 1
12.09 0.1 1
18.07 0.1 1
19.97 0.1 1
22.04 0.1 1
23.97 0.1 1
25.99 0.1 1
33.84 0.1 1
36.01 0.1 1
37.84 0.1 1
41.83 0.1 1
45.75 0.1 1
47.93 0.1 1
49.91 0.1 1
51.83 0.1 1
57.7 0.1 1
67.59 0.1 1
69.57 0.1 1
71.72 0.1 1
73.66 0.1 1
77.53 0.1 1
79.61 0.1 1
81.54 0.1 1
85.53 0.1 1
87.51 0.1 1
89.46 0.1 1
91.46 0.1 1
95.53 0.1 1
107.34 0.1 1
121.12 0.1 1
125.16 0.1 1
127.14 0.1 1
131.08 0.1 1
133.21 0.1 1
135.03 0.1 1
137 0.1 1
139.1 0.1 1
145.12 0.1 1
147.1 0.1 1
150.92 0.1 1
153.05 0.1 1
155 0.1 1
162.92 0.1 1
166.76 0.1 1
168.82 0.1 1
170.83 0.1 1
172.86 0.1 1
176.84 0.1 1
182.71 0.1 1
184.71 0.1 1
190.73 0.1 1
194.6 0.1 1
198.62 0.1 1
202.54 0.1 1
208.39 0.1 1
214.53 0.1 1
218.49 0.1 1
224.46 0.1 1
228.43 0.1 1
238.2 0.1 1
244.17 0.1 1
246.25 0.1 1
250.12 0.1 1
258.12 0.1 1
260.12 0.1 1
262.04 0.1 1
263.96 0.1 1
265.98 0.1 1
269.96 0.1 1
273.9 0.1 1
275.85 0.1 1
279.92 0.1 1
285.75 0.1 1
289.8 0.1 1
295.67 0.1 1
297.77 0.1 1
299.74 0.1 1
301.69 0.1 1
303.61 0.1 1
305.76 0.1 1
307.57 0.1 1
309.68 0.1 1
325.51 0.1 1
327.5 0.1 1
331.43 0.1 1
333.49 0.1 1
337.45 0.1 1
341.44 0.1 1
349.27 0.1 1
355.29 0.1 1
359.29 0.1 1
361.14 0.1 1
363.15 0.1 1
365.15 0.1 1
371.05 0.1 1
375.2 0.1 1
377.1 0.1 1
385.07 0.1 1
392.94 0.1 1
395.06 0.1 1
400.86 0.1 1
402.89 0.1 1
410.8 0.1 1
412.8 0.1 1
414.75 0.1 1
424.75 0.1 1
426.7 0.1 1
438.69 0.1 1
440.61 0.1 1
442.59 0.1 1
446.61 0.1 1
448.56 0.1 1
458.38 0.1 1
462.45 0.1 1
466.42 0.1 1
468.4 0.1 1
474.42 0.1 1
480.27 0.1 1
482.36 0.1 1
484.24 0.1 1
486.31 0.1 1
492.11 0.1 1
494.26 0.1 1
496.11 0.1 1
500.05 0.1 1
504.18 0.1 1
