4.09 0.1 1
6.25 0.1 1
10.14 0.1 1
12.16 0.1 1
18.09 0.1 1
20.14 0.1 1
22.13 0.1 1
24.13 0.1 1
26.1 0.1 1
33.97 0.1 1
35.85 0.1 1
37.92 0.1 1
41.98 0.1 1
45.8 0.1 1
47.89 0.1 1
49.82 0.1 1
51.76 0.1 1
57.84 0.1 1
67.76 0.1 1
69.68 0.1 1
71.55 0.1 1
73.7 0.1 1
77.6 0.1 1
79.56 0.1 1
81.5 0.1 1
85.45 0.1 1
87.5 0.1 1
89.45 0.1 1
91.59 0.1 1
95.41 0.1 1
107.36 0.1 1
121.3 0.1 1
125.2 0.1 1
127.12 0.1 1
131.1 0.1 1
133.12 0.1 1
135.04 0.1 1
137 0.1 1
139.09 0.1 1
145.11 0.1 1
146.96 0.1 1
151.01 0.1 1
152.96 0.1 1
154.93 0.1 1
162.91 0.1 1
166.9 0.1 1
168.76 0.1 1
170.83 0.1 1
172.85 0.1 1
176.65 0.1 1
182.8 0.1 1
184.69 0.1 1
190.54 0.1 1
194.61 0.1 1
198.56 0.1 1
202.64 0.1 1
208.51 0.1 1
214.51 0.1 1
218.48 0.1 1
224.42 0.1 1
228.27 0.1 1
238.17 0.1 1
244.14 0.1 1
246.09 0.1 1
250.13 0.1 1
258.06 0.1 1
260.15 0.1 1
261.95 0.1 1
264.02 0.1 1
265.98 0.1 1
270.04 0.1 1
273.89 0.1 1
276 0.1 1
279.89 0.1 1
285.87 0.1 1
289.84 0.1 1
295.76 0.1 1
297.68 0.1 1
299.75 0.1 1
301.65 0.1 1
303.8 0.1 1
305.7 0.1 1
307.6 0.1 1
309.73 0.1 1
325.56 0.1 1
327.42 0.1 1
331.46 0.1 1
333.56 0.1 1
337.36 0.1 1
341.31 0.1 1
349.36 0.1 1
355.25 0.1 1
359.33 0.1 1
361.19 0.1 1
363.15 0.1 1
365.17 0.1 1
371.15 0.1 1
375.11 0.1 1
377.06 0.1 1
385.14 0.1 1
392.91 0.1 1
395.05 0.1 1
400.83 0.1 1
402.95 0.1 1
410.84 0.1 1
412.75 0.1 1
414.9 0.1 1
424.81 0.1 1
426.77 0.1 1
438.65 0.1 1
440.7 0.1 1
442.56 0.1 1
446.65 0.1 1
448.63 0.1 1
458.44 0.1 1
462.45 0.1 1
466.49 0.1 1
468.41 0.1 1
474.23 0.1 1
480.26 0.1 1
482.36 0.1 1
484.18 0.1 1
486.18 0.1 1
492.1 0.1 1
494.12 0.1 1
496.07 0.1 1
500.1 0.1 1
504.17 0.1 1
