4.2 0.1 1
6.12 0.1 1
10.2 0.1 1
12.02 0.1 1
18.17 0.1 1
20.12 0.1 1
21.96 0.1 1
23.97 0.1 1
26.04 0.1 1
33.94 0.1 1
35.86 0.1 1
37.9 0.1 1
41.91 0.1 1
45.86 0.1 1
47.78 0.1 1
49.9 0.1 1
51.85 0.1 1
57.8 0.1 1
67.57 0.1 1
69.71 0.1 1
71.74 0.1 1
73.72 0.1 1
77.69 0.1 1
79.59 0.1 1
81.56 0.1 1
85.48 0.1 1
87.43 0.1 1
89.6 0.1 1
91.41 0.1 1
95.42 0.1 1
107.24 0.1 1
121.28 0.1 1
125.26 0.1 1
127.13 0.1 1
131.13 0.1 1
133.1 0.1 1
135.03 0.1 1
137.05 0.1 1
139.06 0.1 1
145.02 0.1 1
146.97 0.1 1
150.89 0.1 1
152.92 0.1 1
154.87 0.1 1
162.84 0.1 1
166.91 0.1 1
168.81 0.1 1
170.86 0.1 1
172.81 0.1 1
176.76 0.1 1
182.65 0.1 1
184.72 0.1 1
190.68 0.1 1
194.62 0.1 1
198.57 0.1 1
202.62 0.1 1
208.49 0.1 1
214.38 0.1 1
218.38 0.1 1
224.35 0.1 1
228.37 0.1 1
238.13 0.1 1
244.15 0.1 1
246.21 0.1 1
250.24 0.1 1
258.01 0.1 1
259.98 0.1 1
262.04 0.1 1
264.08 0.1 1
265.91 0.1 1
269.93 0.1 1
273.92 0.1 1
275.85 0.1 1
279.93 0.1 1
285.75 0.1 1
289.8 0.1 1
295.72 0.1 1
297.66 0.1 1
299.66 0.1 1
301.77 0.1 1
303.69 0.1 1
305.64 0.1 1
307.78 0.1 1
309.73 0.1 1
325.43 0.1 1
327.53 0.1 1
331.45 0.1 1
333.44 0.1 1
337.42 0.1 1
341.36 0.1 1
349.26 0.1 1
355.38 0.1 1
359.33 0.1 1
361.16 0.1 1
363.16 0.1 1
365.2 0.1 1
371.23 0.1 1
375.07 0.1 1
377.15 0.1 1
385.11 0.1 1
392.99 0.1 1
394.98 0.1 1
400.91 0.1 1
403.01 0.1 1
410.76 0.1 1
412.8 0.1 1
414.87 0.1 1
424.75 0.1 1
426.6 0.1 1
438.57 0.1 1
440.58 0.1 1
442.58 0.1 1
446.43 0.1 1
448.46 0.1 1
458.53 0.1 1
462.5 0.1 1
466.37 0.1 1
468.25 0.1 1
474.2 0.1 1
480.26 0.1 1
482.34 0.1 1
484.19 0.1 1
486.31 0.1 1
492.06 0.1 1
494.25 0.1 1
496.11 0.1 1
500.2 0.1 1
504.1 0.1 1
