4.1 0.1 1
6.25 0.1 1
10.14 0.1 1
12.16 0.1 1
17.97 0.1 1
20.16 0.1 1
22.13 0.1 1
24.03 0.1 1
25.94 0.1 1
33.93 0.1 1
35.85 0.1 1
37.98 0.1 1
41.97 0.1 1
45.93 0.1 1
47.8 0.1 1
49.89 0.1 1
51.9 0.1 1
57.67 0.1 1
67.71 0.1 1
69.66 0.1 1
71.73 0.1 1
73.69 0.1 1
77.68 0.1 1
79.5 0.1 1
81.51 0.1 1
85.45 0.1 1
87.58 0.1 1
89.58 0.1 1
91.43 0.1 1
95.39 0.1 1
107.32 0.1 1
121.34 0.1 1
125.2 0.1 1
127.2 0.1 1
131.2 0.1 1
133.18 0.1 1
135.22 0.1 1
137.2 0.1 1
139.03 0.1 1
144.95 0.1 1
147.09 0.1 1
150.91 0.1 1
152.92 0.1 1
155.06 0.1 1
162.98 0.1 1
166.81 0.1 1
168.9 0.1 1
170.83 0.1 1
172.78 0.1 1
176.76 0.1 1
182.75 0.1 1
184.74 0.1 1
190.62 0.1 1
194.54 0.1 1
198.52 0.1 1
202.44 0.1 1
208.44 0.1 1
214.5 0.1 1
218.38 0.1 1
224.31 0.1 1
228.3 0.1 1
238.35 0.1 1
244.16 0.1 1
246.19 0.1 1
250.21 0.1 1
258.16 0.1 1
260.05 0.1 1
262 0.1 1
264.05 0.1 1
265.95 0.1 1
270.05 0.1 1
273.92 0.1 1
275.83 0.1 1
279.82 0.1 1
285.84 0.1 1
289.71 0.1 1
295.69 0.1 1
297.73 0.1 1
299.83 0.1 1
301.79 0.1 1
303.74 0.1 1
305.71 0.1 1
307.65 0.1 1
309.68 0.1 1
325.55 0.1 1
327.6 0.1 1
331.42 0.1 1
333.37 0.1 1
337.51 0.1 1
341.42 0.1 1
349.34 0.1 1
355.21 0.1 1
359.15 0.1 1
361.28 0.1 1
363.2 0.1 1
365.15 0.1 1
371.05 0.1 1
375.15 0.1 1
377 0.1 1
385.07 0.1 1
392.99 0.1 1
394.86 0.1 1
400.85 0.1 1
402.85 0.1 1
410.82 0.1 1
412.85 0.1 1
414.8 0.1 1
424.65 0.1 1
426.69 0.1 1
438.64 0.1 1
440.49 0.1 1
442.53 0.1 1
446.48 0.1 1
448.58 0.1 1
458.42 0.1 1
462.42 0.1 1
466.3 0.1 1
468.4 0.1 1
474.32 0.1 1
480.24 0.1 1
482.16 0.1 1
484.24 0.1 1
486.26 0.1 1
492.18 0.1 1
494.25 0.1 1
496.16 0.1 1
500 0.1 1
504.1 0.1 1
