4.21 0.1 1
6.09 0.1 1
10.03 0.1 1
12.2 0.1 1
18.15 0.1 1
19.95 0.1 1
22.03 0.1 1
24.07 0.1 1
26 0.1 1
33.97 0.1 1
35.87 0.1 1
37.84 0.1 1
41.96 0.1 1
45.88 0.1 1
47.86 0.1 1
49.81 0.1 1
51.8 0.1 1
57.83 0.1 1
67.75 0.1 1
69.73 0.1 1
71.65 0.1 1
73.67 0.1 1
77.62 0.1 1
79.54 0.1 1
81.49 0.1 1
85.54 0.1 1
87.54 0.1 1
89.44 0.1 1
91.51 0.1 1
95.38 0.1 1
107.3 0.1 1
121.24 0.1 1
125.19 0.1 1
127.09 0.1 1
131.22 0.1 1
133.21 0.1 1
135.11 0.1 1
137.19 0.1 1
139.08 0.1 1
144.94 0.1 1
147 0.1 1
150.96 0.1 1
152.93 0.1 1
154.88 0.1 1
162.85 0.1 1
166.74 0.1 1
168.87 0.1 1
170.74 0.1 1
172.79 0.1 1
176.77 0.1 1
182.69 0.1 1
184.79 0.1 1
190.63 0.1 1
194.71 0.1 1
198.66 0.1 1
202.53 0.1 1
208.58 0.1 1
214.35 0.1 1
218.42 0.1 1
224.41 0.1 1
228.24 0.1 1
238.29 0.1 1
244.21 0.1 1
246.28 0.1 1
250.27 0.1 1
258.17 0.1 1
260.05 0.1 1
262.12 0.1 1
264.1 0.1 1
266.07 0.1 1
270.04 0.1 1
273.96 0.1 1
275.96 0.1 1
279.89 0.1 1
285.81 0.1 1
289.93 0.1 1
295.88 0.1 1
297.7 0.1 1
299.87 0.1 1
301.85 0.1 1
303.69 0.1 1
305.82 0.1 1
307.79 0.1 1
309.65 0.1 1
325.61 0.1 1
327.63 0.1 1
331.5 0.1 1
333.58 0.1 1
337.48 0.1 1
341.48 0.1 1
349.4 0.1 1
355.4 0.1 1
359.2 0.1 1
361.25 0.1 1
363.17 0.1 1
365.19 0.1 1
371.27 0.1 1
375.26 0.1 1
377.11 0.1 1
385.06 0.1 1
393.1 0.1 1
395.05 0.1 1
400.97 0.1 1
402.92 0.1 1
410.97 0.1 1
412.92 0.1 1
414.76 0.1 1
424.73 0.1 1
426.75 0.1 1
438.7 0.1 1
440.7 0.1 1
442.7 0.1 1
446.59 0.1 1
448.5 0.1 1
458.39 0.1 1
462.46 0.1 1
466.41 0.1 1
468.33 0.1 1
474.45 0.1 1
480.33 0.1 1
482.26 0.1 1
484.38 0.1 1
486.37 0.1 1
492.29 0.1 1
494.14 0.1 1
496.12 0.1 1
500.22 0.1 1
504.12 0.1 1
