4.09 0.1 1
6.16 0.1 1
10.13 0.1 1
12.08 0.1 1
18.14 0.1 1
20.06 0.1 1
22.08 0.1 1
24.08 0.1 1
25.91 0.1 1
33.85 0.1 1
35.85 0.1 1
38 0.1 1
41.8 0.1 1
45.94 0.1 1
47.84 0.1 1
49.79 0.1 1
51.77 0.1 1
57.83 0.1 1
67.61 0.1 1
69.68 0.1 1
71.6 0.1 1
73.7 0.1 1
77.52 0.1 1
79.58 0.1 1
81.62 0.1 1
85.57 0.1 1
87.5 0.1 1
89.52 0.1 1
91.42 0.1 1
95.51 0.1 1
107.34 0.1 1
121.23 0.1 1
125.22 0.1 1
127.22 0.1 1
131.24 0.1 1
133.07 0.1 1
135.14 0.1 1
137.14 0.1 1
138.99 0.1 1
145.06 0.1 1
147.01 0.1 1
151.01 0.1 1
152.93 0.1 1
154.96 0.1 1
162.83 0.1 1
166.75 0.1 1
168.87 0.1 1
170.88 0.1 1
172.8 0.1 1
176.77 0.1 1
182.75 0.1 1
184.66 0.1 1
190.56 0.1 1
194.66 0.1 1
198.61 0.1 1
202.48 0.1 1
208.46 0.1 1
214.5 0.1 1
218.35 0.1 1
224.45 0.1 1
228.25 0.1 1
238.26 0.1 1
244.31 0.1 1
246.21 0.1 1
250.16 0.1 1
258 0.1 1
260.13 0.1 1
262.05 0.1 1
264.13 0.1 1
266.05 0.1 1
270.04 0.1 1
273.99 0.1 1
275.89 0.1 1
279.92 0.1 1
285.91 0.1 1
289.78 0.1 1
295.85 0.1 1
297.68 0.1 1
299.83 0.1 1
301.7 0.1 1
303.8 0.1 1
305.72 0.1 1
307.58 0.1 1
309.7 0.1 1
325.46 0.1 1
327.54 0.1 1
331.53 0.1 1
333.38 0.1 1
337.39 0.1 1
341.46 0.1 1
349.28 0.1 1
355.27 0.1 1
359.35 0.1 1
361.25 0.1 1
363.2 0.1 1
365.25 0.1 1
371.11 0.1 1
375.04 0.1 1
377.08 0.1 1
385.01 0.1 1
393.08 0.1 1
394.87 0.1 1
400.92 0.1 1
402.92 0.1 1
410.81 0.1 1
412.79 0.1 1
414.72 0.1 1
424.66 0.1 1
426.61 0.1 1
438.51 0.1 1
440.6 0.1 1
442.57 0.1 1
446.6 0.1 1
448.44 0.1 1
458.41 0.1 1
462.47 0.1 1
466.29 0.1 1
468.28 0.1 1
474.35 0.1 1
480.26 0.1 1
482.25 0.1 1
484.15 0.1 1
486.33 0.1 1
492.25 0.1 1
494.15 0.1 1
496.25 0.1 1
500.15 0.1 1
504.06 0.1 1
