4.16 0.1 1
6.07 0.1 1
10.16 0.1 1
12.16 0.1 1
18.03 0.1 1
20.16 0.1 1
22.11 0.1 1
24.03 0.1 1
25.95 0.1 1
33.95 0.1 1
35.9 0.1 1
37.84 0.1 1
41.82 0.1 1
45.87 0.1 1
47.92 0.1 1
49.89 0.1 1
51.76 0.1 1
57.74 0.1 1
67.73 0.1 1
69.76 0.1 1
71.61 0.1 1
73.55 0.1 1
77.5 0.1 1
79.63 0.1 1
81.64 0.1 1
85.45 0.1 1
87.44 0.1 1
89.44 0.1 1
91.44 0.1 1
95.47 0.1 1
107.41 0.1 1
121.22 0.1 1
125.27 0.1 1
127.3 0.1 1
131.2 0.1 1
133.22 0.1 1
135.21 0.1 1
137.14 0.1 1
139.14 0.1 1
145.04 0.1 1
147.11 0.1 1
151.01 0.1 1
153.01 0.1 1
154.94 0.1 1
162.85 0.1 1
166.95 0.1 1
168.95 0.1 1
170.87 0.1 1
172.9 0.1 1
176.89 0.1 1
182.74 0.1 1
184.66 0.1 1
190.62 0.1 1
194.68 0.1 1
198.69 0.1 1
202.51 0.1 1
208.63 0.1 1
214.43 0.1 1
218.37 0.1 1
224.35 0.1 1
228.35 0.1 1
238.24 0.1 1
244.18 0.1 1
246.23 0.1 1
250.21 0.1 1
258.22 0.1 1
260.13 0.1 1
262.02 0.1 1
264.02 0.1 1
266 0.1 1
270.1 0.1 1
273.94 0.1 1
275.99 0.1 1
279.94 0.1 1
286.01 0.1 1
289.89 0.1 1
295.76 0.1 1
297.75 0.1 1
299.9 0.1 1
301.78 0.1 1
303.78 0.1 1
305.83 0.1 1
307.82 0.1 1
309.65 0.1 1
325.69 0.1 1
327.59 0.1 1
331.63 0.1 1
333.59 0.1 1
337.55 0.1 1
341.55 0.1 1
349.33 0.1 1
355.45 0.1 1
359.39 0.1 1
361.42 0.1 1
363.2 0.1 1
365.19 0.1 1
371.22 0.1 1
375.14 0.1 1
377.11 0.1 1
385.15 0.1 1
393.05 0.1 1
395.07 0.1 1
401.1 0.1 1
402.99 0.1 1
411 0.1 1
412.86 0.1 1
414.86 0.1 1
424.83 0.1 1
426.76 0.1 1
438.8 0.1 1
440.7 0.1 1
442.58 0.1 1
446.57 0.1 1
448.62 0.1 1
458.61 0.1 1
462.51 0.1 1
466.43 0.1 1
468.36 0.1 1
474.33 0.1 1
480.46 0.1 1
482.4 0.1 1
484.37 0.1 1
486.28 0.1 1
492.37 0.1 1
494.27 0.1 1
496.14 0.1 1
500.3 0.1 1
504.27 0.1 1
