4.28 0.1 1
6.22 0.1 1
10.19 0.1 1
12.1 0.1 1
18.14 0.1 1
20.07 0.1 1
22.06 0.1 1
24.09 0.1 1
25.94 0.1 1
33.98 0.1 1
36.01 0.1 1
37.88 0.1 1
41.78 0.1 1
45.82 0.1 1
47.9 0.1 1
49.9 0.1 1
51.87 0.1 1
57.84 0.1 1
67.76 0.1 1
69.67 0.1 1
71.66 0.1 1
73.59 0.1 1
77.51 0.1 1
79.51 0.1 1
81.56 0.1 1
85.6 0.1 1
87.46 0.1 1
89.38 0.1 1
91.56 0.1 1
95.33 0.1 1
107.4 0.1 1
121.13 0.1 1
125.13 0.1 1
127.23 0.1 1
131.05 0.1 1
133.2 0.1 1
135.03 0.1 1
137.03 0.1 1
139.03 0.1 1
144.98 0.1 1
147.03 0.1 1
151.07 0.1 1
153.02 0.1 1
154.96 0.1 1
162.99 0.1 1
166.94 0.1 1
168.76 0.1 1
170.76 0.1 1
172.74 0.1 1
176.71 0.1 1
182.78 0.1 1
184.62 0.1 1
190.68 0.1 1
194.57 0.1 1
198.7 0.1 1
202.52 0.1 1
208.42 0.1 1
214.46 0.1 1
218.43 0.1 1
224.5 0.1 1
228.45 0.1 1
238.25 0.1 1
244.14 0.1 1
246.14 0.1 1
250.09 0.1 1
258.16 0.1 1
260.06 0.1 1
262.01 0.1 1
263.96 0.1 1
266.14 0.1 1
269.95 0.1 1
273.98 0.1 1
275.9 0.1 1
279.85 0.1 1
285.92 0.1 1
289.94 0.1 1
295.81 0.1 1
297.79 0.1 1
299.79 0.1 1
301.69 0.1 1
303.69 0.1 1
305.62 0.1 1
307.79 0.1 1
309.66 0.1 1
325.53 0.1 1
327.45 0.1 1
331.43 0.1 1
333.6 0.1 1
337.47 0.1 1
341.36 0.1 1
349.32 0.1 1
355.34 0.1 1
359.19 0.1 1
361.28 0.1 1
363.28 0.1 1
365.18 0.1 1
371.23 0.1 1
375.08 0.1 1
377.23 0.1 1
385.19 0.1 1
393.11 0.1 1
394.94 0.1 1
400.89 0.1 1
403.01 0.1 1
410.98 0.1 1
412.8 0.1 1
414.9 0.1 1
424.68 0.1 1
426.85 0.1 1
438.66 0.1 1
440.64 0.1 1
442.71 0.1 1
446.51 0.1 1
448.61 0.1 1
458.53 0.1 1
462.53 0.1 1
466.48 0.1 1
468.35 0.1 1
474.3 0.1 1
480.42 0.1 1
482.25 0.1 1
484.19 0.1 1
486.29 0.1 1
492.23 0.1 1
494.26 0.1 1
496.16 0.1 1
500.21 0.1 1
504.16 0.1 1
