4.18 0.1 1
6.15 0.1 1
10.15 0.1 1
12.19 0.1 1
18.07 0.1 1
20.14 0.1 1
22.01 0.1 1
23.98 0.1 1
26.01 0.1 1
33.88 0.1 1
35.98 0.1 1
37.98 0.1 1
41.95 0.1 1
45.75 0.1 1
47.87 0.1 1
49.75 0.1 1
51.72 0.1 1
57.85 0.1 1
67.72 0.1 1
69.62 0.1 1
71.69 0.1 1
73.66 0.1 1
77.66 0.1 1
79.56 0.1 1
81.48 0.1 1
85.43 0.1 1
87.61 0.1 1
89.53 0.1 1
91.43 0.1 1
95.45 0.1 1
107.37 0.1 1
121.23 0.1 1
125.16 0.1 1
127.25 0.1 1
131.15 0.1 1
133.16 0.1 1
135.16 0.1 1
137.17 0.1 1
139.13 0.1 1
144.95 0.1 1
147.1 0.1 1
150.92 0.1 1
152.89 0.1 1
154.92 0.1 1
162.88 0.1 1
166.89 0.1 1
168.91 0.1 1
170.88 0.1 1
172.76 0.1 1
176.71 0.1 1
182.65 0.1 1
184.75 0.1 1
190.74 0.1 1
194.64 0.1 1
198.64 0.1 1
202.67 0.1 1
208.47 0.1 1
214.41 0.1 1
218.48 0.1 1
224.33 0.1 1
228.32 0.1 1
238.2 0.1 1
244.29 0.1 1
246.22 0.1 1
250.19 0.1 1
258.06 0.1 1
260.19 0.1 1
262.06 0.1 1
263.98 0.1 1
265.96 0.1 1
270.05 0.1 1
274 0.1 1
276.02 0.1 1
280.03 0.1 1
285.82 0.1 1
289.75 0.1 1
295.79 0.1 1
297.84 0.1 1
299.77 0.1 1
301.68 0.1 1
303.84 0.1 1
305.74 0.1 1
307.66 0.1 1
309.61 0.1 1
325.53 0.1 1
327.55 0.1 1
331.47 0.1 1
333.4 0.1 1
337.44 0.1 1
341.39 0.1 1
349.29 0.1 1
355.43 0.1 1
359.2 0.1 1
361.18 0.1 1
363.26 0.1 1
365.35 0.1 1
371.15 0.1 1
375.19 0.1 1
377.24 0.1 1
385.07 0.1 1
393.06 0.1 1
395.08 0.1 1
401 0.1 1
402.93 0.1 1
410.93 0.1 1
412.97 0.1 1
414.93 0.1 1
424.7 0.1 1
426.82 0.1 1
438.61 0.1 1
440.71 0.1 1
442.61 0.1 1
446.56 0.1 1
448.55 0.1 1
458.53 0.1 1
462.45 0.1 1
466.47 0.1 1
468.32 0.1 1
474.36 0.1 1
480.26 0.1 1
482.29 0.1 1
484.31 0.1 1
486.29 0.1 1
492.19 0.1 1
494.21 0.1 1
496.1 0.1 1
500.11 0.1 1
504.18 0.1 1
