4.1 0.1 1
6.27 0.1 1
10.14 0.1 1
12.02 0.1 1
18.01 0.1 1
19.98 0.1 1
21.98 0.1 1
24.09 0.1 1
25.93 0.1 1
33.96 0.1 1
35.91 0.1 1
37.91 0.1 1
41.82 0.1 1
45.95 0.1 1
47.89 0.1 1
49.77 0.1 1
51.89 0.1 1
57.76 0.1 1
67.63 0.1 1
69.74 0.1 1
71.68 0.1 1
73.59 0.1 1
77.51 0.1 1
79.5 0.1 1
81.56 0.1 1
85.62 0.1 1
87.42 0.1 1
89.42 0.1 1
91.48 0.1 1
95.37 0.1 1
107.39 0.1 1
121.25 0.1 1
125.21 0.1 1
127.18 0.1 1
131.08 0.1 1
133.07 0.1 1
135.18 0.1 1
137.07 0.1 1
138.99 0.1 1
145.07 0.1 1
147.06 0.1 1
150.87 0.1 1
152.92 0.1 1
155.04 0.1 1
162.84 0.1 1
166.88 0.1 1
168.83 0.1 1
170.75 0.1 1
172.73 0.1 1
176.75 0.1 1
182.75 0.1 1
184.75 0.1 1
190.65 0.1 1
194.72 0.1 1
198.64 0.1 1
202.64 0.1 1
208.54 0.1 1
214.43 0.1 1
218.31 0.1 1
224.45 0.1 1
228.27 0.1 1
238.25 0.1 1
244.26 0.1 1
246.24 0.1 1
250.16 0.1 1
258.08 0.1 1
260.06 0.1 1
261.98 0.1 1
264.05 0.1 1
266.03 0.1 1
269.97 0.1 1
273.98 0.1 1
275.88 0.1 1
279.92 0.1 1
285.79 0.1 1
289.94 0.1 1
295.79 0.1 1
297.86 0.1 1
299.84 0.1 1
301.78 0.1 1
303.63 0.1 1
305.76 0.1 1
307.76 0.1 1
309.68 0.1 1
325.59 0.1 1
327.59 0.1 1
331.56 0.1 1
333.45 0.1 1
337.36 0.1 1
341.49 0.1 1
349.46 0.1 1
355.41 0.1 1
359.33 0.1 1
361.21 0.1 1
363.2 0.1 1
365.22 0.1 1
371.19 0.1 1
375.07 0.1 1
377.15 0.1 1
385.11 0.1 1
392.94 0.1 1
395.01 0.1 1
400.95 0.1 1
403.03 0.1 1
410.95 0.1 1
412.95 0.1 1
414.9 0.1 1
424.86 0.1 1
426.72 0.1 1
438.58 0.1 1
440.63 0.1 1
442.61 0.1 1
446.6 0.1 1
448.56 0.1 1
458.4 0.1 1
462.54 0.1 1
466.4 0.1 1
468.37 0.1 1
474.41 0.1 1
480.34 0.1 1
482.26 0.1 1
484.36 0.1 1
486.26 0.1 1
492.16 0.1 1
494.26 0.1 1
496.28 0.1 1
500.05 0.1 1
504.22 0.1 1
