4.25 0.1 1
6.19 0.1 1
10.04 0.1 1
12.12 0.1 1
18.02 0.1 1
20.03 0.1 1
22.06 0.1 1
24.03 0.1 1
26.01 0.1 1
33.98 0.1 1
35.95 0.1 1
38.02 0.1 1
41.98 0.1 1
45.95 0.1 1
47.82 0.1 1
49.74 0.1 1
51.7 0.1 1
57.72 0.1 1
67.73 0.1 1
69.58 0.1 1
71.64 0.1 1
73.51 0.1 1
77.5 0.1 1
79.48 0.1 1
81.6 0.1 1
85.53 0.1 1
87.38 0.1 1
89.5 0.1 1
91.4 0.1 1
95.5 0.1 1
107.31 0.1 1
121.23 0.1 1
125.13 0.1 1
127.06 0.1 1
131.08 0.1 1
133 0.1 1
135 0.1 1
137.04 0.1 1
139.14 0.1 1
144.94 0.1 1
147.04 0.1 1
150.92 0.1 1
153.01 0.1 1
154.94 0.1 1
162.93 0.1 1
166.71 0.1 1
168.7 0.1 1
170.73 0.1 1
172.81 0.1 1
176.8 0.1 1
182.6 0.1 1
184.57 0.1 1
190.69 0.1 1
194.61 0.1 1
198.54 0.1 1
202.46 0.1 1
208.51 0.1 1
214.48 0.1 1
218.33 0.1 1
224.27 0.1 1
228.29 0.1 1
238.19 0.1 1
244.18 0.1 1
246.21 0.1 1
250.09 0.1 1
258.05 0.1 1
259.95 0.1 1
262 0.1 1
263.92 0.1 1
265.88 0.1 1
270 0.1 1
273.97 0.1 1
275.94 0.1 1
279.92 0.1 1
285.79 0.1 1
289.69 0.1 1
295.64 0.1 1
297.78 0.1 1
299.66 0.1 1
301.63 0.1 1
303.65 0.1 1
305.66 0.1 1
307.65 0.1 1
309.62 0.1 1
325.4 0.1 1
327.52 0.1 1
331.41 0.1 1
333.37 0.1 1
337.44 0.1 1
341.39 0.1 1
349.3 0.1 1
355.23 0.1 1
359.1 0.1 1
361.2 0.1 1
363.08 0.1 1
365.22 0.1 1
371.07 0.1 1
375.12 0.1 1
377.14 0.1 1
385.01 0.1 1
393 0.1 1
394.93 0.1 1
400.8 0.1 1
402.87 0.1 1
410.85 0.1 1
412.74 0.1 1
414.69 0.1 1
424.62 0.1 1
426.71 0.1 1
438.56 0.1 1
440.58 0.1 1
442.53 0.1 1
446.38 0.1 1
448.57 0.1 1
458.35 0.1 1
462.36 0.1 1
466.37 0.1 1
468.26 0.1 1
474.31 0.1 1
480.28 0.1 1
482.21 0.1 1
484.25 0.1 1
486.15 0.1 1
492.07 0.1 1
494.08 0.1 1
496.17 0.1 1
500.07 0.1 1
504.07 0.1 1
