4.17 0.1 1
6.07 0.1 1
10.17 0.1 1
12.05 0.1 1
17.99 0.1 1
20.02 0.1 1
21.99 0.1 1
24.11 0.1 1
25.91 0.1 1
33.91 0.1 1
35.9 0.1 1
38 0.1 1
41.8 0.1 1
45.77 0.1 1
47.85 0.1 1
49.75 0.1 1
51.84 0.1 1
57.84 0.1 1
67.64 0.1 1
69.57 0.1 1
71.59 0.1 1
73.71 0.1 1
77.51 0.1 1
79.59 0.1 1
81.53 0.1 1
85.5 0.1 1
87.51 0.1 1
89.6 0.1 1
91.57 0.1 1
95.43 0.1 1
107.29 0.1 1
121.28 0.1 1
125.31 0.1 1
127.13 0.1 1
131.23 0.1 1
133.1 0.1 1
135.13 0.1 1
137.05 0.1 1
139 0.1 1
145.09 0.1 1
147.07 0.1 1
150.92 0.1 1
153.07 0.1 1
155.06 0.1 1
162.89 0.1 1
166.91 0.1 1
168.91 0.1 1
170.93 0.1 1
172.86 0.1 1
176.85 0.1 1
182.72 0.1 1
184.78 0.1 1
190.63 0.1 1
194.6 0.1 1
198.59 0.1 1
202.66 0.1 1
208.54 0.1 1
214.53 0.1 1
218.51 0.1 1
224.31 0.1 1
228.43 0.1 1
238.24 0.1 1
244.24 0.1 1
246.25 0.1 1
250.29 0.1 1
258.12 0.1 1
260.04 0.1 1
262.18 0.1 1
264.09 0.1 1
266 0.1 1
269.96 0.1 1
274 0.1 1
275.95 0.1 1
279.95 0.1 1
285.83 0.1 1
289.79 0.1 1
295.77 0.1 1
297.87 0.1 1
299.79 0.1 1
301.82 0.1 1
303.71 0.1 1
305.69 0.1 1
307.69 0.1 1
309.74 0.1 1
325.63 0.1 1
327.5 0.1 1
331.49 0.1 1
333.54 0.1 1
337.37 0.1 1
341.4 0.1 1
349.44 0.1 1
355.33 0.1 1
359.28 0.1 1
361.36 0.1 1
363.23 0.1 1
365.31 0.1 1
371.25 0.1 1
375.25 0.1 1
377.08 0.1 1
385.14 0.1 1
393.07 0.1 1
394.97 0.1 1
400.93 0.1 1
402.91 0.1 1
410.96 0.1 1
412.81 0.1 1
414.85 0.1 1
424.83 0.1 1
426.69 0.1 1
438.61 0.1 1
440.59 0.1 1
442.56 0.1 1
446.63 0.1 1
448.61 0.1 1
458.41 0.1 1
462.5 0.1 1
466.48 0.1 1
468.43 0.1 1
474.32 0.1 1
480.36 0.1 1
482.21 0.1 1
484.17 0.1 1
486.32 0.1 1
492.29 0.1 1
494.24 0.1 1
496.09 0.1 1
500.18 0.1 1
504.13 0.1 1
