4.29 0.1 1
6.24 0.1 1
10.13 0.1 1
12.14 0.1 1
17.98 0.1 1
20.01 0.1 1
22.1 0.1 1
23.96 0.1 1
25.91 0.1 1
34.02 0.1 1
35.85 0.1 1
37.95 0.1 1
41.95 0.1 1
45.94 0.1 1
47.74 0.1 1
49.82 0.1 1
51.84 0.1 1
57.79 0.1 1
67.68 0.1 1
69.6 0.1 1
71.72 0.1 1
73.55 0.1 1
77.52 0.1 1
79.64 0.1 1
81.62 0.1 1
85.52 0.1 1
87.5 0.1 1
89.41 0.1 1
91.51 0.1 1
95.44 0.1 1
107.41 0.1 1
121.15 0.1 1
125.2 0.1 1
127.29 0.1 1
131.15 0.1 1
133.25 0.1 1
135.07 0.1 1
137.19 0.1 1
139.11 0.1 1
145.13 0.1 1
147.13 0.1 1
150.98 0.1 1
153.04 0.1 1
155.08 0.1 1
162.91 0.1 1
166.88 0.1 1
168.92 0.1 1
170.8 0.1 1
172.89 0.1 1
176.9 0.1 1
182.66 0.1 1
184.72 0.1 1
190.68 0.1 1
194.69 0.1 1
198.68 0.1 1
202.68 0.1 1
208.47 0.1 1
214.55 0.1 1
218.52 0.1 1
224.47 0.1 1
228.37 0.1 1
238.38 0.1 1
244.36 0.1 1
246.35 0.1 1
250.26 0.1 1
258.2 0.1 1
260.15 0.1 1
262.22 0.1 1
264.15 0.1 1
266.19 0.1 1
269.99 0.1 1
274.06 0.1 1
275.94 0.1 1
279.89 0.1 1
285.94 0.1 1
289.83 0.1 1
295.81 0.1 1
297.91 0.1 1
299.71 0.1 1
301.83 0.1 1
303.73 0.1 1
305.85 0.1 1
307.79 0.1 1
309.72 0.1 1
325.56 0.1 1
327.49 0.1 1
331.61 0.1 1
333.61 0.1 1
337.51 0.1 1
341.4 0.1 1
349.43 0.1 1
355.27 0.1 1
359.32 0.1 1
361.27 0.1 1
363.4 0.1 1
365.29 0.1 1
371.14 0.1 1
375.23 0.1 1
377.13 0.1 1
385.11 0.1 1
393.13 0.1 1
395.1 0.1 1
401.02 0.1 1
402.95 0.1 1
410.82 0.1 1
412.89 0.1 1
414.84 0.1 1
424.86 0.1 1
426.69 0.1 1
438.67 0.1 1
440.7 0.1 1
442.67 0.1 1
446.67 0.1 1
448.57 0.1 1
458.51 0.1 1
462.59 0.1 1
466.49 0.1 1
468.51 0.1 1
474.48 0.1 1
480.46 0.1 1
482.3 0.1 1
484.35 0.1 1
486.23 0.1 1
492.2 0.1 1
494.17 0.1 1
496.29 0.1 1
500.17 0.1 1
504.19 0.1 1
