4.22 0.1 1
6.22 0.1 1
10.22 0.1 1
12.11 0.1 1
18.06 0.1 1
20.06 0.1 1
21.96 0.1 1
24.01 0.1 1
26.03 0.1 1
34.02 0.1 1
35.97 0.1 1
37.93 0.1 1
41.8 0.1 1
45.85 0.1 1
47.9 0.1 1
49.82 0.1 1
51.8 0.1 1
57.69 0.1 1
67.74 0.1 1
69.59 0.1 1
71.64 0.1 1
73.73 0.1 1
77.6 0.1 1
79.58 0.1 1
81.48 0.1 1
85.6 0.1 1
87.58 0.1 1
89.6 0.1 1
91.42 0.1 1
95.42 0.1 1
107.31 0.1 1
121.23 0.1 1
125.23 0.1 1
127.28 0.1 1
131.15 0.1 1
133.07 0.1 1
135.05 0.1 1
137.05 0.1 1
139.07 0.1 1
145.14 0.1 1
147.11 0.1 1
151.04 0.1 1
152.88 0.1 1
155.04 0.1 1
162.96 0.1 1
166.76 0.1 1
168.83 0.1 1
170.78 0.1 1
172.87 0.1 1
176.88 0.1 1
182.7 0.1 1
184.75 0.1 1
190.69 0.1 1
194.64 0.1 1
198.53 0.1 1
202.59 0.1 1
208.53 0.1 1
214.45 0.1 1
218.52 0.1 1
224.47 0.1 1
228.44 0.1 1
238.34 0.1 1
244.31 0.1 1
246.26 0.1 1
250.18 0.1 1
258.06 0.1 1
260.15 0.1 1
262.13 0.1 1
264.17 0.1 1
266.05 0.1 1
269.94 0.1 1
274.1 0.1 1
275.92 0.1 1
279.97 0.1 1
285.81 0.1 1
289.79 0.1 1
295.91 0.1 1
297.86 0.1 1
299.8 0.1 1
301.73 0.1 1
303.8 0.1 1
305.78 0.1 1
307.68 0.1 1
309.72 0.1 1
325.64 0.1 1
327.57 0.1 1
331.47 0.1 1
333.43 0.1 1
337.44 0.1 1
341.48 0.1 1
349.41 0.1 1
355.33 0.1 1
359.27 0.1 1
361.2 0.1 1
363.25 0.1 1
365.15 0.1 1
371.19 0.1 1
375.06 0.1 1
377.11 0.1 1
385.09 0.1 1
392.98 0.1 1
395.01 0.1 1
400.87 0.1 1
402.88 0.1 1
410.85 0.1 1
412.82 0.1 1
414.92 0.1 1
424.68 0.1 1
426.69 0.1 1
438.73 0.1 1
440.6 0.1 1
442.53 0.1 1
446.5 0.1 1
448.55 0.1 1
458.4 0.1 1
462.44 0.1 1
466.32 0.1 1
468.39 0.1 1
474.34 0.1 1
480.38 0.1 1
482.23 0.1 1
484.38 0.1 1
486.26 0.1 1
492.12 0.1 1
494.3 0.1 1
496.15 0.1 1
500.14 0.1 1
504.19 0.1 1
