4.24 0.1 1
6.26 0.1 1
10.16 0.1 1
12.16 0.1 1
18.17 0.1 1
19.95 0.1 1
22.09 0.1 1
24.05 0.1 1
26.07 0.1 1
33.84 0.1 1
35.84 0.1 1
37.89 0.1 1
41.96 0.1 1
45.83 0.1 1
47.86 0.1 1
49.83 0.1 1
51.86 0.1 1
57.81 0.1 1
67.58 0.1 1
69.57 0.1 1
71.72 0.1 1
73.7 0.1 1
77.69 0.1 1
79.67 0.1 1
81.56 0.1 1
85.62 0.1 1
87.58 0.1 1
89.41 0.1 1
91.44 0.1 1
95.48 0.1 1
107.38 0.1 1
121.16 0.1 1
125.26 0.1 1
127.26 0.1 1
131.13 0.1 1
133.03 0.1 1
135.11 0.1 1
137.16 0.1 1
139.1 0.1 1
145.1 0.1 1
146.9 0.1 1
151.03 0.1 1
153.05 0.1 1
154.99 0.1 1
162.82 0.1 1
166.77 0.1 1
168.84 0.1 1
170.74 0.1 1
172.84 0.1 1
176.76 0.1 1
182.63 0.1 1
184.75 0.1 1
190.53 0.1 1
194.5 0.1 1
198.49 0.1 1
202.64 0.1 1
208.42 0.1 1
214.54 0.1 1
218.38 0.1 1
224.43 0.1 1
228.26 0.1 1
238.25 0.1 1
244.2 0.1 1
246.09 0.1 1
250.19 0.1 1
258.04 0.1 1
260.16 0.1 1
262.03 0.1 1
264.11 0.1 1
266.03 0.1 1
269.95 0.1 1
273.95 0.1 1
276.01 0.1 1
280 0.1 1
285.83 0.1 1
289.92 0.1 1
295.74 0.1 1
297.77 0.1 1
299.71 0.1 1
301.72 0.1 1
303.79 0.1 1
305.61 0.1 1
307.59 0.1 1
309.63 0.1 1
325.43 0.1 1
327.57 0.1 1
331.52 0.1 1
333.4 0.1 1
337.52 0.1 1
341.37 0.1 1
349.34 0.1 1
355.36 0.1 1
359.25 0.1 1
361.3 0.1 1
363.13 0.1 1
365.25 0.1 1
371.05 0.1 1
375.07 0.1 1
377.07 0.1 1
385.11 0.1 1
392.91 0.1 1
394.99 0.1 1
401.01 0.1 1
403 0.1 1
410.73 0.1 1
412.87 0.1 1
414.88 0.1 1
424.74 0.1 1
426.69 0.1 1
438.59 0.1 1
440.49 0.1 1
442.6 0.1 1
446.45 0.1 1
448.63 0.1 1
458.47 0.1 1
462.32 0.1 1
466.42 0.1 1
468.42 0.1 1
474.32 0.1 1
480.26 0.1 1
482.21 0.1 1
484.34 0.1 1
486.19 0.1 1
492.1 0.1 1
494.08 0.1 1
496.05 0.1 1
500.12 0.1 1
504.1 0.1 1
