4.08 0.1 1
6.2 0.1 1
10.2 0.1 1
12.15 0.1 1
18.16 0.1 1
20.12 0.1 1
22.11 0.1 1
24.04 0.1 1
26.07 0.1 1
33.86 0.1 1
36.03 0.1 1
37.83 0.1 1
41.81 0.1 1
45.91 0.1 1
47.93 0.1 1
49.88 0.1 1
51.73 0.1 1
57.67 0.1 1
67.62 0.1 1
69.59 0.1 1
71.74 0.1 1
73.58 0.1 1
77.61 0.1 1
79.64 0.1 1
81.61 0.1 1
85.56 0.1 1
87.58 0.1 1
89.55 0.1 1
91.5 0.1 1
95.53 0.1 1
107.4 0.1 1
121.14 0.1 1
125.19 0.1 1
127.16 0.1 1
131.18 0.1 1
133.11 0.1 1
135.03 0.1 1
137.22 0.1 1
139.1 0.1 1
144.99 0.1 1
147.13 0.1 1
151.07 0.1 1
153.02 0.1 1
155.06 0.1 1
162.84 0.1 1
166.94 0.1 1
168.91 0.1 1
170.76 0.1 1
172.75 0.1 1
176.73 0.1 1
182.83 0.1 1
184.8 0.1 1
190.6 0.1 1
194.55 0.1 1
198.62 0.1 1
202.49 0.1 1
208.59 0.1 1
214.39 0.1 1
218.46 0.1 1
224.38 0.1 1
228.4 0.1 1
238.24 0.1 1
244.12 0.1 1
246.25 0.1 1
250.14 0.1 1
258.04 0.1 1
260.09 0.1 1
262.11 0.1 1
264.14 0.1 1
266.14 0.1 1
270.03 0.1 1
274.05 0.1 1
275.92 0.1 1
280.02 0.1 1
285.9 0.1 1
289.75 0.1 1
295.84 0.1 1
297.81 0.1 1
299.79 0.1 1
301.71 0.1 1
303.81 0.1 1
305.69 0.1 1
307.76 0.1 1
309.6 0.1 1
325.6 0.1 1
327.45 0.1 1
331.44 0.1 1
333.42 0.1 1
337.54 0.1 1
341.34 0.1 1
349.24 0.1 1
355.25 0.1 1
359.28 0.1 1
361.26 0.1 1
363.13 0.1 1
365.12 0.1 1
371.12 0.1 1
375.04 0.1 1
377.05 0.1 1
384.99 0.1 1
393.06 0.1 1
395.06 0.1 1
401.03 0.1 1
402.96 0.1 1
410.83 0.1 1
412.93 0.1 1
414.78 0.1 1
424.82 0.1 1
426.7 0.1 1
438.56 0.1 1
440.71 0.1 1
442.68 0.1 1
446.54 0.1 1
448.51 0.1 1
458.43 0.1 1
462.5 0.1 1
466.5 0.1 1
468.4 0.1 1
474.42 0.1 1
480.37 0.1 1
482.32 0.1 1
484.23 0.1 1
486.14 0.1 1
492.24 0.1 1
494.28 0.1 1
496.25 0.1 1
500.15 0.1 1
504.06 0.1 1
