4.2 0.1 1
6.22 0.1 1
10.14 0.1 1
12.17 0.1 1
18.18 0.1 1
20.08 0.1 1
22.06 0.1 1
23.94 0.1 1
26.01 0.1 1
33.9 0.1 1
35.87 0.1 1
37.93 0.1 1
41.97 0.1 1
45.77 0.1 1
47.94 0.1 1
49.85 0.1 1
51.8 0.1 1
57.74 0.1 1
67.74 0.1 1
69.58 0.1 1
71.69 0.1 1
73.55 0.1 1
77.58 0.1 1
79.65 0.1 1
81.56 0.1 1
85.5 0.1 1
87.5 0.1 1
89.43 0.1 1
91.39 0.1 1
95.37 0.1 1
107.41 0.1 1
121.25 0.1 1
125.16 0.1 1
127.16 0.1 1
131.12 0.1 1
133.08 0.1 1
135.18 0.1 1
137.1 0.1 1
139.17 0.1 1
145.1 0.1 1
147.02 0.1 1
150.89 0.1 1
152.96 0.1 1
155.01 0.1 1
162.98 0.1 1
166.78 0.1 1
168.85 0.1 1
170.86 0.1 1
172.85 0.1 1
176.7 0.1 1
182.8 0.1 1
184.6 0.1 1
190.75 0.1 1
194.54 0.1 1
198.56 0.1 1
202.54 0.1 1
208.44 0.1 1
214.56 0.1 1
218.36 0.1 1
224.43 0.1 1
228.4 0.1 1
238.3 0.1 1
244.31 0.1 1
246.27 0.1 1
250.16 0.1 1
258.13 0.1 1
260.13 0.1 1
262 0.1 1
264.16 0.1 1
265.98 0.1 1
269.97 0.1 1
273.97 0.1 1
275.87 0.1 1
279.84 0.1 1
285.97 0.1 1
289.86 0.1 1
295.82 0.1 1
297.79 0.1 1
299.71 0.1 1
301.74 0.1 1
303.71 0.1 1
305.63 0.1 1
307.66 0.1 1
309.61 0.1 1
325.59 0.1 1
327.54 0.1 1
331.5 0.1 1
333.59 0.1 1
337.44 0.1 1
341.39 0.1 1
349.48 0.1 1
355.28 0.1 1
359.38 0.1 1
361.3 0.1 1
363.25 0.1 1
365.33 0.1 1
371.12 0.1 1
375.27 0.1 1
377.07 0.1 1
385.01 0.1 1
392.96 0.1 1
394.94 0.1 1
401 0.1 1
403.03 0.1 1
410.92 0.1 1
412.77 0.1 1
414.88 0.1 1
424.7 0.1 1
426.69 0.1 1
438.68 0.1 1
440.73 0.1 1
442.64 0.1 1
446.65 0.1 1
448.63 0.1 1
458.58 0.1 1
462.57 0.1 1
466.5 0.1 1
468.5 0.1 1
474.47 0.1 1
480.39 0.1 1
482.24 0.1 1
484.36 0.1 1
486.19 0.1 1
492.28 0.1 1
494.28 0.1 1
496.15 0.1 1
500.1 0.1 1
504.08 0.1 1
