4.1 0.1 1
6.12 0.1 1
10.19 0.1 1
12.07 0.1 1
18.09 0.1 1
20.01 0.1 1
21.96 0.1 1
24.03 0.1 1
26.01 0.1 1
33.86 0.1 1
35.95 0.1 1
37.88 0.1 1
41.85 0.1 1
45.85 0.1 1
47.82 0.1 1
49.77 0.1 1
51.82 0.1 1
57.74 0.1 1
67.66 0.1 1
69.58 0.1 1
71.68 0.1 1
73.73 0.1 1
77.63 0.1 1
79.66 0.1 1
81.61 0.1 1
85.45 0.1 1
87.43 0.1 1
89.5 0.1 1
91.42 0.1 1
95.37 0.1 1
107.26 0.1 1
121.28 0.1 1
125.25 0.1 1
127.08 0.1 1
131.17 0.1 1
133.07 0.1 1
135.1 0.1 1
137.1 0.1 1
139.05 0.1 1
145.04 0.1 1
146.96 0.1 1
150.89 0.1 1
152.87 0.1 1
154.99 0.1 1
162.84 0.1 1
166.81 0.1 1
168.83 0.1 1
170.85 0.1 1
172.75 0.1 1
176.73 0.1 1
182.62 0.1 1
184.63 0.1 1
190.69 0.1 1
194.72 0.1 1
198.66 0.1 1
202.47 0.1 1
208.46 0.1 1
214.53 0.1 1
218.45 0.1 1
224.45 0.1 1
228.35 0.1 1
238.25 0.1 1
244.12 0.1 1
246.24 0.1 1
250.09 0.1 1
258 0.1 1
260.01 0.1 1
261.98 0.1 1
264.1 0.1 1
265.98 0.1 1
270.03 0.1 1
273.87 0.1 1
276.02 0.1 1
279.94 0.1 1
285.89 0.1 1
289.79 0.1 1
295.74 0.1 1
297.69 0.1 1
299.68 0.1 1
301.69 0.1 1
303.68 0.1 1
305.66 0.1 1
307.66 0.1 1
309.68 0.1 1
325.6 0.1 1
327.42 0.1 1
331.46 0.1 1
333.49 0.1 1
337.48 0.1 1
341.48 0.1 1
349.33 0.1 1
355.25 0.1 1
359.33 0.1 1
361.22 0.1 1
363.12 0.1 1
365.17 0.1 1
371.14 0.1 1
375.16 0.1 1
377.16 0.1 1
384.96 0.1 1
392.96 0.1 1
395.01 0.1 1
400.8 0.1 1
402.78 0.1 1
410.85 0.1 1
412.8 0.1 1
414.85 0.1 1
424.72 0.1 1
426.64 0.1 1
438.7 0.1 1
440.66 0.1 1
442.48 0.1 1
446.63 0.1 1
448.42 0.1 1
458.5 0.1 1
462.5 0.1 1
466.47 0.1 1
468.46 0.1 1
474.34 0.1 1
480.23 0.1 1
482.28 0.1 1
484.26 0.1 1
486.13 0.1 1
492.17 0.1 1
494.25 0.1 1
496.12 0.1 1
500.12 0.1 1
503.99 0.1 1
