4.1 0.1 1
6.2 0.1 1
10.05 0.1 1
12.02 0.1 1
18.17 0.1 1
20 0.1 1
21.99 0.1 1
23.99 0.1 1
25.95 0.1 1
33.96 0.1 1
35.86 0.1 1
38.01 0.1 1
41.84 0.1 1
45.86 0.1 1
47.86 0.1 1
49.86 0.1 1
51.7 0.1 1
57.82 0.1 1
67.6 0.1 1
69.62 0.1 1
71.61 0.1 1
73.52 0.1 1
77.67 0.1 1
79.64 0.1 1
81.59 0.1 1
85.54 0.1 1
87.48 0.1 1
89.39 0.1 1
91.46 0.1 1
95.35 0.1 1
107.3 0.1 1
121.29 0.1 1
125.24 0.1 1
127.17 0.1 1
131.13 0.1 1
133.06 0.1 1
135.16 0.1 1
137.06 0.1 1
139.01 0.1 1
145.06 0.1 1
147.03 0.1 1
150.9 0.1 1
153.02 0.1 1
154.9 0.1 1
162.94 0.1 1
166.84 0.1 1
168.87 0.1 1
170.72 0.1 1
172.72 0.1 1
176.68 0.1 1
182.71 0.1 1
184.71 0.1 1
190.6 0.1 1
194.62 0.1 1
198.65 0.1 1
202.6 0.1 1
208.57 0.1 1
214.36 0.1 1
218.43 0.1 1
224.31 0.1 1
228.21 0.1 1
238.31 0.1 1
244.13 0.1 1
246.24 0.1 1
250.19 0.1 1
258.17 0.1 1
260.14 0.1 1
262.12 0.1 1
264.12 0.1 1
265.94 0.1 1
270.06 0.1 1
273.89 0.1 1
275.85 0.1 1
279.93 0.1 1
285.95 0.1 1
289.8 0.1 1
295.7 0.1 1
297.79 0.1 1
299.65 0.1 1
301.64 0.1 1
303.61 0.1 1
305.66 0.1 1
307.71 0.1 1
309.62 0.1 1
325.61 0.1 1
327.45 0.1 1
331.53 0.1 1
333.37 0.1 1
337.47 0.1 1
341.47 0.1 1
349.24 0.1 1
355.26 0.1 1
359.19 0.1 1
361.31 0.1 1
363.31 0.1 1
365.18 0.1 1
371.18 0.1 1
375.12 0.1 1
377.05 0.1 1
385.08 0.1 1
392.9 0.1 1
394.96 0.1 1
400.87 0.1 1
402.88 0.1 1
410.88 0.1 1
412.86 0.1 1
414.85 0.1 1
424.8 0.1 1
426.75 0.1 1
438.62 0.1 1
440.62 0.1 1
442.52 0.1 1
446.54 0.1 1
448.56 0.1 1
458.43 0.1 1
462.46 0.1 1
466.33 0.1 1
468.4 0.1 1
474.42 0.1 1
480.2 0.1 1
482.37 0.1 1
484.17 0.1 1
486.15 0.1 1
492.27 0.1 1
494.09 0.1 1
496.09 0.1 1
500.23 0.1 1
504.16 0.1 1
