4.22 0.1 1
6.17 0.1 1
10.11 0.1 1
12.08 0.1 1
18.06 0.1 1
20.05 0.1 1
22.13 0.1 1
24.07 0.1 1
26.05 0.1 1
33.85 0.1 1
35.92 0.1 1
37.9 0.1 1
41.95 0.1 1
45.96 0.1 1
47.87 0.1 1
49.79 0.1 1
51.71 0.1 1
57.68 0.1 1
67.68 0.1 1
69.72 0.1 1
71.68 0.1 1
73.57 0.1 1
77.63 0.1 1
79.52 0.1 1
81.65 0.1 1
85.42 0.1 1
87.45 0.1 1
89.44 0.1 1
91.47 0.1 1
95.37 0.1 1
107.28 0.1 1
121.2 0.1 1
125.12 0.1 1
127.22 0.1 1
131.12 0.1 1
133.04 0.1 1
135.04 0.1 1
137.16 0.1 1
139.04 0.1 1
145.01 0.1 1
146.96 0.1 1
150.93 0.1 1
152.93 0.1 1
154.93 0.1 1
162.8 0.1 1
166.88 0.1 1
168.82 0.1 1
170.85 0.1 1
172.87 0.1 1
176.82 0.1 1
182.84 0.1 1
184.62 0.1 1
190.62 0.1 1
194.71 0.1 1
198.71 0.1 1
202.56 0.1 1
208.48 0.1 1
214.57 0.1 1
218.45 0.1 1
224.32 0.1 1
228.31 0.1 1
238.39 0.1 1
244.31 0.1 1
246.3 0.1 1
250.2 0.1 1
258.05 0.1 1
260.22 0.1 1
262.15 0.1 1
264.04 0.1 1
266.09 0.1 1
269.97 0.1 1
274.07 0.1 1
276.07 0.1 1
279.94 0.1 1
285.83 0.1 1
289.83 0.1 1
295.81 0.1 1
297.71 0.1 1
299.76 0.1 1
301.82 0.1 1
303.8 0.1 1
305.72 0.1 1
307.8 0.1 1
309.67 0.1 1
325.69 0.1 1
327.66 0.1 1
331.61 0.1 1
333.59 0.1 1
337.53 0.1 1
341.43 0.1 1
349.47 0.1 1
355.38 0.1 1
359.2 0.1 1
361.2 0.1 1
363.29 0.1 1
365.27 0.1 1
371.11 0.1 1
375.06 0.1 1
377.13 0.1 1
385.16 0.1 1
393.05 0.1 1
394.9 0.1 1
400.94 0.1 1
402.99 0.1 1
410.91 0.1 1
412.79 0.1 1
414.94 0.1 1
424.73 0.1 1
426.68 0.1 1
438.65 0.1 1
440.7 0.1 1
442.58 0.1 1
446.54 0.1 1
448.55 0.1 1
458.39 0.1 1
462.41 0.1 1
466.46 0.1 1
468.41 0.1 1
474.44 0.1 1
480.33 0.1 1
482.4 0.1 1
484.37 0.1 1
486.37 0.1 1
492.27 0.1 1
494.14 0.1 1
496.24 0.1 1
500.11 0.1 1
504.19 0.1 1
