4.1 0.1 1
6.1 0.1 1
10.12 0.1 1
12.15 0.1 1
18.12 0.1 1
20.12 0.1 1
22.07 0.1 1
24.1 0.1 1
26.05 0.1 1
33.91 0.1 1
35.88 0.1 1
37.99 0.1 1
41.88 0.1 1
45.86 0.1 1
47.81 0.1 1
49.76 0.1 1
51.76 0.1 1
57.75 0.1 1
67.67 0.1 1
69.57 0.1 1
71.7 0.1 1
73.66 0.1 1
77.49 0.1 1
79.54 0.1 1
81.59 0.1 1
85.59 0.1 1
87.58 0.1 1
89.49 0.1 1
91.46 0.1 1
95.35 0.1 1
107.4 0.1 1
121.26 0.1 1
125.29 0.1 1
127.21 0.1 1
131.14 0.1 1
133.19 0.1 1
135.14 0.1 1
137.04 0.1 1
139.08 0.1 1
144.95 0.1 1
147.01 0.1 1
150.88 0.1 1
153.03 0.1 1
154.85 0.1 1
162.85 0.1 1
166.92 0.1 1
168.86 0.1 1
170.87 0.1 1
172.72 0.1 1
176.73 0.1 1
182.78 0.1 1
184.75 0.1 1
190.61 0.1 1
194.55 0.1 1
198.52 0.1 1
202.52 0.1 1
208.45 0.1 1
214.49 0.1 1
218.46 0.1 1
224.41 0.1 1
228.33 0.1 1
238.3 0.1 1
244.23 0.1 1
246.28 0.1 1
250.09 0.1 1
258.02 0.1 1
260.02 0.1 1
262.04 0.1 1
264.09 0.1 1
265.98 0.1 1
270.09 0.1 1
274.01 0.1 1
276.05 0.1 1
279.83 0.1 1
285.88 0.1 1
289.83 0.1 1
295.75 0.1 1
297.82 0.1 1
299.67 0.1 1
301.74 0.1 1
303.79 0.1 1
305.72 0.1 1
307.76 0.1 1
309.64 0.1 1
325.63 0.1 1
327.5 0.1 1
331.6 0.1 1
333.53 0.1 1
337.35 0.1 1
341.44 0.1 1
349.31 0.1 1
355.32 0.1 1
359.31 0.1 1
361.33 0.1 1
363.28 0.1 1
365.14 0.1 1
371.08 0.1 1
375.15 0.1 1
377.12 0.1 1
385.12 0.1 1
393.04 0.1 1
395.02 0.1 1
400.87 0.1 1
402.94 0.1 1
410.79 0.1 1
412.76 0.1 1
414.83 0.1 1
424.83 0.1 1
426.83 0.1 1
438.67 0.1 1
440.59 0.1 1
442.69 0.1 1
446.51 0.1 1
448.66 0.1 1
458.48 0.1 1
462.53 0.1 1
466.5 0.1 1
468.35 0.1 1
474.33 0.1 1
480.37 0.1 1
482.24 0.1 1
484.27 0.1 1
486.32 0.1 1
492.24 0.1 1
494.16 0.1 1
496.24 0.1 1
500.09 0.1 1
504.03 0.1 1
