4.18 0.1 1
6.25 0.1 1
10.07 0.1 1
12.15 0.1 1
18.12 0.1 1
19.97 0.1 1
22.04 0.1 1
24.06 0.1 1
26.09 0.1 1
33.88 0.1 1
35.96 0.1 1
37.98 0.1 1
41.81 0.1 1
45.85 0.1 1
47.91 0.1 1
49.9 0.1 1
51.72 0.1 1
57.77 0.1 1
67.64 0.1 1
69.57 0.1 1
71.57 0.1 1
73.64 0.1 1
77.63 0.1 1
79.61 0.1 1
81.51 0.1 1
85.43 0.1 1
87.5 0.1 1
89.48 0.1 1
91.48 0.1 1
95.48 0.1 1
107.3 0.1 1
121.17 0.1 1
125.09 0.1 1
127.09 0.1 1
131.23 0.1 1
133.11 0.1 1
135.11 0.1 1
137.1 0.1 1
139.05 0.1 1
145.1 0.1 1
146.97 0.1 1
151.04 0.1 1
153 0.1 1
154.97 0.1 1
162.81 0.1 1
166.84 0.1 1
168.78 0.1 1
170.83 0.1 1
172.83 0.1 1
176.65 0.1 1
182.75 0.1 1
184.76 0.1 1
190.72 0.1 1
194.7 0.1 1
198.62 0.1 1
202.5 0.1 1
208.57 0.1 1
214.51 0.1 1
218.41 0.1 1
224.43 0.1 1
228.43 0.1 1
238.32 0.1 1
244.22 0.1 1
246.29 0.1 1
250.06 0.1 1
258.18 0.1 1
260.18 0.1 1
262.11 0.1 1
264.09 0.1 1
265.93 0.1 1
270.06 0.1 1
273.91 0.1 1
275.96 0.1 1
279.88 0.1 1
285.9 0.1 1
289.92 0.1 1
295.77 0.1 1
297.84 0.1 1
299.84 0.1 1
301.69 0.1 1
303.82 0.1 1
305.69 0.1 1
307.73 0.1 1
309.73 0.1 1
325.55 0.1 1
327.48 0.1 1
331.54 0.1 1
333.5 0.1 1
337.42 0.1 1
341.32 0.1 1
349.39 0.1 1
355.29 0.1 1
359.33 0.1 1
361.26 0.1 1
363.15 0.1 1
365.21 0.1 1
371.25 0.1 1
375.08 0.1 1
377.2 0.1 1
385.02 0.1 1
392.94 0.1 1
394.96 0.1 1
400.98 0.1 1
402.93 0.1 1
410.85 0.1 1
412.95 0.1 1
414.87 0.1 1
424.84 0.1 1
426.67 0.1 1
438.54 0.1 1
440.62 0.1 1
442.52 0.1 1
446.49 0.1 1
448.59 0.1 1
458.53 0.1 1
462.5 0.1 1
466.48 0.1 1
468.37 0.1 1
474.42 0.1 1
480.39 0.1 1
482.21 0.1 1
484.37 0.1 1
486.21 0.1 1
492.16 0.1 1
494.16 0.1 1
496.28 0.1 1
500.06 0.1 1
504.12 0.1 1
