4.11 0.1 1
6.16 0.1 1
10.25 0.1 1
12.1 0.1 1
18.08 0.1 1
19.98 0.1 1
22.07 0.1 1
24.08 0.1 1
26.07 0.1 1
33.97 0.1 1
35.84 0.1 1
37.96 0.1 1
41.97 0.1 1
45.88 0.1 1
47.83 0.1 1
49.76 0.1 1
51.74 0.1 1
57.81 0.1 1
67.6 0.1 1
69.68 0.1 1
71.63 0.1 1
73.6 0.1 1
77.64 0.1 1
79.49 0.1 1
81.47 0.1 1
85.57 0.1 1
87.46 0.1 1
89.47 0.1 1
91.51 0.1 1
95.48 0.1 1
107.41 0.1 1
121.19 0.1 1
125.1 0.1 1
127.15 0.1 1
131.09 0.1 1
133.19 0.1 1
135.22 0.1 1
137.01 0.1 1
139.01 0.1 1
145.11 0.1 1
147.04 0.1 1
151.08 0.1 1
153.01 0.1 1
154.93 0.1 1
162.88 0.1 1
166.87 0.1 1
168.94 0.1 1
170.84 0.1 1
172.79 0.1 1
176.86 0.1 1
182.82 0.1 1
184.69 0.1 1
190.63 0.1 1
194.58 0.1 1
198.7 0.1 1
202.58 0.1 1
208.5 0.1 1
214.5 0.1 1
218.34 0.1 1
224.44 0.1 1
228.41 0.1 1
238.34 0.1 1
244.26 0.1 1
246.31 0.1 1
250.1 0.1 1
258.12 0.1 1
260.02 0.1 1
262 0.1 1
264.17 0.1 1
266.12 0.1 1
270.09 0.1 1
274.04 0.1 1
275.97 0.1 1
279.84 0.1 1
285.8 0.1 1
289.9 0.1 1
295.73 0.1 1
297.8 0.1 1
299.75 0.1 1
301.82 0.1 1
303.8 0.1 1
305.62 0.1 1
307.75 0.1 1
309.65 0.1 1
325.46 0.1 1
327.43 0.1 1
331.49 0.1 1
333.56 0.1 1
337.38 0.1 1
341.35 0.1 1
349.37 0.1 1
355.34 0.1 1
359.17 0.1 1
361.29 0.1 1
363.34 0.1 1
365.29 0.1 1
371.06 0.1 1
375.19 0.1 1
377.01 0.1 1
385.15 0.1 1
392.93 0.1 1
394.87 0.1 1
400.84 0.1 1
402.82 0.1 1
410.79 0.1 1
412.79 0.1 1
414.69 0.1 1
424.71 0.1 1
426.66 0.1 1
438.6 0.1 1
440.55 0.1 1
442.52 0.1 1
446.47 0.1 1
448.54 0.1 1
458.37 0.1 1
462.49 0.1 1
466.39 0.1 1
468.31 0.1 1
474.41 0.1 1
480.2 0.1 1
482.18 0.1 1
484.25 0.1 1
486.15 0.1 1
492.07 0.1 1
494.17 0.1 1
496.22 0.1 1
500.11 0.1 1
504.09 0.1 1
