4.26 0.1 1
6.09 0.1 1
10.25 0.1 1
12.05 0.1 1
18.05 0.1 1
20.13 0.1 1
21.98 0.1 1
24.12 0.1 1
26.12 0.1 1
33.91 0.1 1
35.87 0.1 1
37.91 0.1 1
41.84 0.1 1
45.76 0.1 1
47.83 0.1 1
49.81 0.1 1
51.84 0.1 1
57.78 0.1 1
67.6 0.1 1
69.73 0.1 1
71.75 0.1 1
73.57 0.1 1
77.65 0.1 1
79.55 0.1 1
81.59 0.1 1
85.57 0.1 1
87.59 0.1 1
89.58 0.1 1
91.54 0.1 1
95.54 0.1 1
107.45 0.1 1
121.29 0.1 1
125.29 0.1 1
127.31 0.1 1
131.22 0.1 1
133.16 0.1 1
135.07 0.1 1
137.18 0.1 1
139.03 0.1 1
145.03 0.1 1
147.09 0.1 1
151.01 0.1 1
152.98 0.1 1
154.9 0.1 1
162.83 0.1 1
166.97 0.1 1
168.8 0.1 1
170.9 0.1 1
172.77 0.1 1
176.77 0.1 1
182.84 0.1 1
184.74 0.1 1
190.63 0.1 1
194.76 0.1 1
198.58 0.1 1
202.65 0.1 1
208.5 0.1 1
214.45 0.1 1
218.39 0.1 1
224.39 0.1 1
228.37 0.1 1
238.28 0.1 1
244.21 0.1 1
246.15 0.1 1
250.18 0.1 1
258.15 0.1 1
260.1 0.1 1
262.07 0.1 1
264.14 0.1 1
265.99 0.1 1
270.07 0.1 1
274.06 0.1 1
276.01 0.1 1
279.91 0.1 1
285.83 0.1 1
289.91 0.1 1
295.83 0.1 1
297.8 0.1 1
299.75 0.1 1
301.8 0.1 1
303.75 0.1 1
305.87 0.1 1
307.69 0.1 1
309.67 0.1 1
325.54 0.1 1
327.63 0.1 1
331.49 0.1 1
333.44 0.1 1
337.56 0.1 1
341.55 0.1 1
349.4 0.1 1
355.32 0.1 1
359.42 0.1 1
361.32 0.1 1
363.27 0.1 1
365.34 0.1 1
371.26 0.1 1
375.13 0.1 1
377.24 0.1 1
385.21 0.1 1
393.17 0.1 1
395.02 0.1 1
401.1 0.1 1
403.09 0.1 1
410.99 0.1 1
412.84 0.1 1
414.81 0.1 1
424.73 0.1 1
426.84 0.1 1
438.8 0.1 1
440.63 0.1 1
442.72 0.1 1
446.65 0.1 1
448.69 0.1 1
458.44 0.1 1
462.42 0.1 1
466.54 0.1 1
468.38 0.1 1
474.44 0.1 1
480.45 0.1 1
482.38 0.1 1
484.35 0.1 1
486.37 0.1 1
492.2 0.1 1
494.33 0.1 1
496.2 0.1 1
500.27 0.1 1
504.2 0.1 1
