4.25 0.1 1
6.1 0.1 1
10.1 0.1 1
12.17 0.1 1
18.15 0.1 1
20.07 0.1 1
22.11 0.1 1
24.09 0.1 1
26.07 0.1 1
33.91 0.1 1
35.83 0.1 1
37.98 0.1 1
41.96 0.1 1
45.81 0.1 1
47.9 0.1 1
49.88 0.1 1
51.8 0.1 1
57.8 0.1 1
67.59 0.1 1
69.57 0.1 1
71.69 0.1 1
73.67 0.1 1
77.63 0.1 1
79.58 0.1 1
81.63 0.1 1
85.44 0.1 1
87.48 0.1 1
89.58 0.1 1
91.43 0.1 1
95.47 0.1 1
107.44 0.1 1
121.29 0.1 1
125.28 0.1 1
127.11 0.1 1
131.15 0.1 1
133.03 0.1 1
135.03 0.1 1
137.06 0.1 1
139.11 0.1 1
144.97 0.1 1
147.03 0.1 1
150.99 0.1 1
152.85 0.1 1
155.02 0.1 1
162.86 0.1 1
166.81 0.1 1
168.74 0.1 1
170.83 0.1 1
172.71 0.1 1
176.75 0.1 1
182.7 0.1 1
184.73 0.1 1
190.7 0.1 1
194.72 0.1 1
198.55 0.1 1
202.6 0.1 1
208.56 0.1 1
214.47 0.1 1
218.38 0.1 1
224.36 0.1 1
228.38 0.1 1
238.33 0.1 1
244.25 0.1 1
246.15 0.1 1
250.14 0.1 1
258.14 0.1 1
260.18 0.1 1
262.06 0.1 1
264.01 0.1 1
265.94 0.1 1
270 0.1 1
274.03 0.1 1
275.98 0.1 1
280 0.1 1
285.88 0.1 1
289.88 0.1 1
295.8 0.1 1
297.79 0.1 1
299.79 0.1 1
301.74 0.1 1
303.81 0.1 1
305.74 0.1 1
307.68 0.1 1
309.66 0.1 1
325.63 0.1 1
327.53 0.1 1
331.58 0.1 1
333.42 0.1 1
337.39 0.1 1
341.52 0.1 1
349.34 0.1 1
355.24 0.1 1
359.21 0.1 1
361.19 0.1 1
363.28 0.1 1
365.3 0.1 1
371.08 0.1 1
375.1 0.1 1
377.18 0.1 1
385.05 0.1 1
392.96 0.1 1
395.04 0.1 1
401.01 0.1 1
402.83 0.1 1
410.95 0.1 1
412.78 0.1 1
414.81 0.1 1
424.85 0.1 1
426.72 0.1 1
438.69 0.1 1
440.57 0.1 1
442.57 0.1 1
446.64 0.1 1
448.54 0.1 1
458.5 0.1 1
462.46 0.1 1
466.37 0.1 1
468.4 0.1 1
474.42 0.1 1
480.37 0.1 1
482.29 0.1 1
484.29 0.1 1
486.34 0.1 1
492.16 0.1 1
494.13 0.1 1
496.14 0.1 1
500.21 0.1 1
504.06 0.1 1
