4.29 0.1 1
6.26 0.1 1
10.24 0.1 1
12.06 0.1 1
18.06 0.1 1
20.03 0.1 1
22.15 0.1 1
24.13 0.1 1
26.11 0.1 1
33.9 0.1 1
35.92 0.1 1
37.82 0.1 1
41.87 0.1 1
45.92 0.1 1
47.74 0.1 1
49.89 0.1 1
51.74 0.1 1
57.74 0.1 1
67.76 0.1 1
69.68 0.1 1
71.7 0.1 1
73.56 0.1 1
77.52 0.1 1
79.6 0.1 1
81.5 0.1 1
85.42 0.1 1
87.52 0.1 1
89.5 0.1 1
91.42 0.1 1
95.47 0.1 1
107.36 0.1 1
121.13 0.1 1
125.1 0.1 1
127.23 0.1 1
131.1 0.1 1
133.04 0.1 1
135.05 0.1 1
137 0.1 1
139.14 0.1 1
144.94 0.1 1
147.06 0.1 1
151.08 0.1 1
153.03 0.1 1
154.88 0.1 1
162.85 0.1 1
166.78 0.1 1
168.77 0.1 1
170.82 0.1 1
172.7 0.1 1
176.75 0.1 1
182.64 0.1 1
184.81 0.1 1
190.57 0.1 1
194.61 0.1 1
198.64 0.1 1
202.53 0.1 1
208.55 0.1 1
214.43 0.1 1
218.42 0.1 1
224.29 0.1 1
228.35 0.1 1
238.28 0.1 1
244.16 0.1 1
246.15 0.1 1
250.06 0.1 1
258.02 0.1 1
260.07 0.1 1
262.08 0.1 1
263.99 0.1 1
266.02 0.1 1
269.94 0.1 1
273.86 0.1 1
275.99 0.1 1
279.89 0.1 1
285.79 0.1 1
289.88 0.1 1
295.7 0.1 1
297.66 0.1 1
299.7 0.1 1
301.76 0.1 1
303.77 0.1 1
305.73 0.1 1
307.7 0.1 1
309.72 0.1 1
325.56 0.1 1
327.56 0.1 1
331.36 0.1 1
333.41 0.1 1
337.48 0.1 1
341.26 0.1 1
349.38 0.1 1
355.33 0.1 1
359.25 0.1 1
361.19 0.1 1
363.27 0.1 1
365.12 0.1 1
371.17 0.1 1
375.04 0.1 1
377.16 0.1 1
384.93 0.1 1
392.98 0.1 1
395.03 0.1 1
400.99 0.1 1
402.82 0.1 1
410.81 0.1 1
412.79 0.1 1
414.86 0.1 1
424.76 0.1 1
426.64 0.1 1
438.5 0.1 1
440.55 0.1 1
442.62 0.1 1
446.62 0.1 1
448.42 0.1 1
458.36 0.1 1
462.36 0.1 1
466.43 0.1 1
468.34 0.1 1
474.18 0.1 1
480.26 0.1 1
482.18 0.1 1
484.12 0.1 1
486.28 0.1 1
492.24 0.1 1
494.1 0.1 1
496.12 0.1 1
500.02 0.1 1
504.01 0.1 1
