4.18 0.1 1
6.18 0.1 1
10.11 0.1 1
12.2 0.1 1
18.02 0.1 1
19.98 0.1 1
22.13 0.1 1
24 0.1 1
25.93 0.1 1
33.92 0.1 1
35.96 0.1 1
37.92 0.1 1
41.81 0.1 1
45.83 0.1 1
47.89 0.1 1
49.83 0.1 1
51.9 0.1 1
57.75 0.1 1
67.57 0.1 1
69.7 0.1 1
71.62 0.1 1
73.64 0.1 1
77.57 0.1 1
79.45 0.1 1
81.59 0.1 1
85.47 0.1 1
87.56 0.1 1
89.56 0.1 1
91.56 0.1 1
95.41 0.1 1
107.4 0.1 1
121.24 0.1 1
125.17 0.1 1
127.17 0.1 1
131.12 0.1 1
133.19 0.1 1
135.19 0.1 1
137.08 0.1 1
139.04 0.1 1
145.06 0.1 1
147.01 0.1 1
150.95 0.1 1
152.87 0.1 1
154.98 0.1 1
162.82 0.1 1
166.92 0.1 1
168.9 0.1 1
170.79 0.1 1
172.81 0.1 1
176.66 0.1 1
182.68 0.1 1
184.79 0.1 1
190.63 0.1 1
194.7 0.1 1
198.51 0.1 1
202.57 0.1 1
208.5 0.1 1
214.44 0.1 1
218.41 0.1 1
224.27 0.1 1
228.38 0.1 1
238.26 0.1 1
244.22 0.1 1
246.27 0.1 1
250.23 0.1 1
258.05 0.1 1
260.02 0.1 1
262.07 0.1 1
264.12 0.1 1
266.01 0.1 1
269.96 0.1 1
274.08 0.1 1
275.93 0.1 1
279.96 0.1 1
285.8 0.1 1
289.75 0.1 1
295.9 0.1 1
297.83 0.1 1
299.79 0.1 1
301.84 0.1 1
303.84 0.1 1
305.62 0.1 1
307.62 0.1 1
309.62 0.1 1
325.63 0.1 1
327.51 0.1 1
331.41 0.1 1
333.56 0.1 1
337.53 0.1 1
341.47 0.1 1
349.35 0.1 1
355.36 0.1 1
359.36 0.1 1
361.19 0.1 1
363.27 0.1 1
365.19 0.1 1
371.23 0.1 1
375.13 0.1 1
377.21 0.1 1
385.1 0.1 1
392.94 0.1 1
394.95 0.1 1
400.94 0.1 1
402.99 0.1 1
410.81 0.1 1
412.79 0.1 1
414.93 0.1 1
424.66 0.1 1
426.68 0.1 1
438.57 0.1 1
440.57 0.1 1
442.67 0.1 1
446.65 0.1 1
448.57 0.1 1
458.44 0.1 1
462.53 0.1 1
466.36 0.1 1
468.41 0.1 1
474.43 0.1 1
480.38 0.1 1
482.3 0.1 1
484.2 0.1 1
486.32 0.1 1
492.12 0.1 1
494.19 0.1 1
496.06 0.1 1
500.04 0.1 1
504.11 0.1 1
