4.09 0.1 1
6.26 0.1 1
10.13 0.1 1
12.11 0.1 1
18.03 0.1 1
20.1 0.1 1
22.15 0.1 1
24.12 0.1 1
25.95 0.1 1
33.97 0.1 1
36 0.1 1
38.01 0.1 1
41.97 0.1 1
45.91 0.1 1
47.84 0.1 1
49.88 0.1 1
51.84 0.1 1
57.68 0.1 1
67.68 0.1 1
69.68 0.1 1
71.67 0.1 1
73.65 0.1 1
77.67 0.1 1
79.67 0.1 1
81.45 0.1 1
85.49 0.1 1
87.56 0.1 1
89.54 0.1 1
91.41 0.1 1
95.43 0.1 1
107.36 0.1 1
121.19 0.1 1
125.17 0.1 1
127.12 0.1 1
131.14 0.1 1
133.07 0.1 1
135.21 0.1 1
137.11 0.1 1
139.12 0.1 1
145.13 0.1 1
146.99 0.1 1
150.96 0.1 1
152.88 0.1 1
155.05 0.1 1
162.98 0.1 1
166.9 0.1 1
168.77 0.1 1
170.9 0.1 1
172.9 0.1 1
176.67 0.1 1
182.71 0.1 1
184.64 0.1 1
190.59 0.1 1
194.71 0.1 1
198.53 0.1 1
202.65 0.1 1
208.6 0.1 1
214.38 0.1 1
218.49 0.1 1
224.47 0.1 1
228.34 0.1 1
238.21 0.1 1
244.23 0.1 1
246.23 0.1 1
250.08 0.1 1
258.07 0.1 1
260.12 0.1 1
261.99 0.1 1
264.12 0.1 1
265.99 0.1 1
269.99 0.1 1
273.92 0.1 1
275.86 0.1 1
279.89 0.1 1
285.94 0.1 1
289.9 0.1 1
295.78 0.1 1
297.87 0.1 1
299.65 0.1 1
301.82 0.1 1
303.67 0.1 1
305.69 0.1 1
307.63 0.1 1
309.6 0.1 1
325.56 0.1 1
327.54 0.1 1
331.44 0.1 1
333.51 0.1 1
337.55 0.1 1
341.36 0.1 1
349.38 0.1 1
355.34 0.1 1
359.35 0.1 1
361.17 0.1 1
363.27 0.1 1
365.29 0.1 1
371.26 0.1 1
375.08 0.1 1
377.09 0.1 1
384.98 0.1 1
393 0.1 1
394.97 0.1 1
400.97 0.1 1
402.84 0.1 1
410.82 0.1 1
412.82 0.1 1
414.76 0.1 1
424.83 0.1 1
426.83 0.1 1
438.63 0.1 1
440.55 0.1 1
442.65 0.1 1
446.65 0.1 1
448.54 0.1 1
458.54 0.1 1
462.37 0.1 1
466.34 0.1 1
468.38 0.1 1
474.43 0.1 1
480.23 0.1 1
482.3 0.1 1
484.37 0.1 1
486.2 0.1 1
492.27 0.1 1
494.1 0.1 1
496.17 0.1 1
500.22 0.1 1
504.17 0.1 1
