4.13 0.1 1
6.08 0.1 1
10.05 0.1 1
12.15 0.1 1
18.17 0.1 1
20.03 0.1 1
22.03 0.1 1
23.93 0.1 1
25.94 0.1 1
33.92 0.1 1
35.82 0.1 1
37.91 0.1 1
41.77 0.1 1
45.84 0.1 1
47.93 0.1 1
49.78 0.1 1
51.73 0.1 1
57.76 0.1 1
67.65 0.1 1
69.62 0.1 1
71.57 0.1 1
73.7 0.1 1
77.5 0.1 1
79.59 0.1 1
81.64 0.1 1
85.54 0.1 1
87.46 0.1 1
89.42 0.1 1
91.48 0.1 1
95.36 0.1 1
107.4 0.1 1
121.32 0.1 1
125.22 0.1 1
127.24 0.1 1
131.07 0.1 1
133.21 0.1 1
135.09 0.1 1
137.01 0.1 1
139.13 0.1 1
144.98 0.1 1
147.01 0.1 1
150.98 0.1 1
152.93 0.1 1
154.85 0.1 1
162.84 0.1 1
166.82 0.1 1
168.84 0.1 1
170.69 0.1 1
172.72 0.1 1
176.74 0.1 1
182.71 0.1 1
184.76 0.1 1
190.54 0.1 1
194.61 0.1 1
198.5 0.1 1
202.57 0.1 1
208.38 0.1 1
214.35 0.1 1
218.29 0.1 1
224.26 0.1 1
228.28 0.1 1
238.23 0.1 1
244.25 0.1 1
246.08 0.1 1
250.13 0.1 1
258.12 0.1 1
260.04 0.1 1
262.14 0.1 1
263.92 0.1 1
265.96 0.1 1
270.04 0.1 1
273.98 0.1 1
275.91 0.1 1
279.86 0.1 1
285.75 0.1 1
289.8 0.1 1
295.85 0.1 1
297.68 0.1 1
299.65 0.1 1
301.62 0.1 1
303.62 0.1 1
305.79 0.1 1
307.67 0.1 1
309.65 0.1 1
325.53 0.1 1
327.6 0.1 1
331.5 0.1 1
333.4 0.1 1
337.45 0.1 1
341.38 0.1 1
349.24 0.1 1
355.24 0.1 1
359.36 0.1 1
361.22 0.1 1
363.29 0.1 1
365.28 0.1 1
371.19 0.1 1
375.23 0.1 1
377.06 0.1 1
384.95 0.1 1
392.97 0.1 1
395 0.1 1
400.97 0.1 1
402.96 0.1 1
410.81 0.1 1
412.76 0.1 1
414.76 0.1 1
424.66 0.1 1
426.76 0.1 1
438.6 0.1 1
440.7 0.1 1
442.62 0.1 1
446.56 0.1 1
448.62 0.1 1
458.46 0.1 1
462.49 0.1 1
466.48 0.1 1
468.41 0.1 1
474.31 0.1 1
480.18 0.1 1
482.17 0.1 1
484.34 0.1 1
486.17 0.1 1
492.12 0.1 1
494.11 0.1 1
496.07 0.1 1
500.19 0.1 1
504.16 0.1 1
