4.15 0.1 1
6.25 0.1 1
10.14 0.1 1
12.05 0.1 1
17.97 0.1 1
20.06 0.1 1
22.11 0.1 1
24.03 0.1 1
26.03 0.1 1
33.9 0.1 1
35.95 0.1 1
37.95 0.1 1
41.85 0.1 1
45.78 0.1 1
47.73 0.1 1
49.84 0.1 1
51.77 0.1 1
57.69 0.1 1
67.78 0.1 1
69.76 0.1 1
71.54 0.1 1
73.69 0.1 1
77.55 0.1 1
79.61 0.1 1
81.6 0.1 1
85.55 0.1 1
87.45 0.1 1
89.42 0.1 1
91.5 0.1 1
95.35 0.1 1
107.27 0.1 1
121.25 0.1 1
125.18 0.1 1
127.28 0.1 1
131.18 0.1 1
133.2 0.1 1
135.15 0.1 1
137.1 0.1 1
139.17 0.1 1
145.12 0.1 1
147.02 0.1 1
150.94 0.1 1
153.06 0.1 1
154.86 0.1 1
162.91 0.1 1
166.79 0.1 1
168.88 0.1 1
170.8 0.1 1
172.91 0.1 1
176.72 0.1 1
182.63 0.1 1
184.62 0.1 1
190.65 0.1 1
194.7 0.1 1
198.62 0.1 1
202.64 0.1 1
208.49 0.1 1
214.56 0.1 1
218.38 0.1 1
224.4 0.1 1
228.47 0.1 1
238.37 0.1 1
244.17 0.1 1
246.31 0.1 1
250.16 0.1 1
258.14 0.1 1
260.06 0.1 1
262.11 0.1 1
264.03 0.1 1
266.05 0.1 1
270.1 0.1 1
274.08 0.1 1
275.9 0.1 1
279.85 0.1 1
285.9 0.1 1
289.82 0.1 1
295.72 0.1 1
297.88 0.1 1
299.71 0.1 1
301.76 0.1 1
303.66 0.1 1
305.66 0.1 1
307.68 0.1 1
309.61 0.1 1
325.52 0.1 1
327.45 0.1 1
331.55 0.1 1
333.44 0.1 1
337.51 0.1 1
341.51 0.1 1
349.36 0.1 1
355.41 0.1 1
359.33 0.1 1
361.3 0.1 1
363.18 0.1 1
365.25 0.1 1
371.22 0.1 1
375.14 0.1 1
377.15 0.1 1
384.99 0.1 1
392.98 0.1 1
395.03 0.1 1
400.98 0.1 1
403 0.1 1
410.92 0.1 1
412.88 0.1 1
414.93 0.1 1
424.84 0.1 1
426.74 0.1 1
438.59 0.1 1
440.56 0.1 1
442.58 0.1 1
446.58 0.1 1
448.46 0.1 1
458.45 0.1 1
462.53 0.1 1
466.4 0.1 1
468.44 0.1 1
474.36 0.1 1
480.36 0.1 1
482.31 0.1 1
484.18 0.1 1
486.19 0.1 1
492.3 0.1 1
494.3 0.1 1
496.11 0.1 1
500.15 0.1 1
504.17 0.1 1
