4.19 0.1 1
6.19 0.1 1
10.21 0.1 1
12.13 0.1 1
18.11 0.1 1
20.13 0.1 1
21.95 0.1 1
24.05 0.1 1
25.98 0.1 1
33.94 0.1 1
35.89 0.1 1
37.92 0.1 1
41.91 0.1 1
45.77 0.1 1
47.92 0.1 1
49.91 0.1 1
51.77 0.1 1
57.68 0.1 1
67.6 0.1 1
69.63 0.1 1
71.72 0.1 1
73.6 0.1 1
77.6 0.1 1
79.65 0.1 1
81.55 0.1 1
85.54 0.1 1
87.45 0.1 1
89.44 0.1 1
91.42 0.1 1
95.49 0.1 1
107.41 0.1 1
121.32 0.1 1
125.15 0.1 1
127.2 0.1 1
131.04 0.1 1
133.1 0.1 1
135.17 0.1 1
137.14 0.1 1
139.09 0.1 1
144.98 0.1 1
146.91 0.1 1
150.88 0.1 1
152.86 0.1 1
154.83 0.1 1
162.93 0.1 1
166.93 0.1 1
168.72 0.1 1
170.87 0.1 1
172.69 0.1 1
176.77 0.1 1
182.69 0.1 1
184.57 0.1 1
190.53 0.1 1
194.68 0.1 1
198.58 0.1 1
202.45 0.1 1
208.48 0.1 1
214.53 0.1 1
218.5 0.1 1
224.37 0.1 1
228.24 0.1 1
238.29 0.1 1
244.25 0.1 1
246.15 0.1 1
250.22 0.1 1
258.05 0.1 1
260.08 0.1 1
262.14 0.1 1
264.12 0.1 1
265.94 0.1 1
270.04 0.1 1
273.99 0.1 1
275.91 0.1 1
279.79 0.1 1
285.83 0.1 1
289.85 0.1 1
295.87 0.1 1
297.81 0.1 1
299.78 0.1 1
301.75 0.1 1
303.67 0.1 1
305.6 0.1 1
307.59 0.1 1
309.57 0.1 1
325.59 0.1 1
327.56 0.1 1
331.55 0.1 1
333.39 0.1 1
337.4 0.1 1
341.35 0.1 1
349.3 0.1 1
355.25 0.1 1
359.15 0.1 1
361.24 0.1 1
363.21 0.1 1
365.17 0.1 1
371.06 0.1 1
375.21 0.1 1
377.1 0.1 1
385.08 0.1 1
392.92 0.1 1
395.02 0.1 1
400.9 0.1 1
402.87 0.1 1
410.94 0.1 1
412.79 0.1 1
414.79 0.1 1
424.8 0.1 1
426.73 0.1 1
438.72 0.1 1
440.62 0.1 1
442.57 0.1 1
446.49 0.1 1
448.5 0.1 1
458.56 0.1 1
462.44 0.1 1
466.49 0.1 1
468.31 0.1 1
474.43 0.1 1
480.23 0.1 1
482.28 0.1 1
484.23 0.1 1
486.28 0.1 1
492.1 0.1 1
494.12 0.1 1
496.25 0.1 1
500.21 0.1 1
504.04 0.1 1
