4.24 0.1 1
6.09 0.1 1
10.16 0.1 1
12.03 0.1 1
18.07 0.1 1
20.03 0.1 1
21.98 0.1 1
24 0.1 1
26 0.1 1
33.94 0.1 1
35.85 0.1 1
37.82 0.1 1
41.97 0.1 1
45.91 0.1 1
47.81 0.1 1
49.84 0.1 1
51.84 0.1 1
57.66 0.1 1
67.72 0.1 1
69.67 0.1 1
71.72 0.1 1
73.62 0.1 1
77.65 0.1 1
79.55 0.1 1
81.61 0.1 1
85.54 0.1 1
87.56 0.1 1
89.53 0.1 1
91.39 0.1 1
95.39 0.1 1
107.4 0.1 1
121.35 0.1 1
125.12 0.1 1
127.27 0.1 1
131.26 0.1 1
133.06 0.1 1
135.16 0.1 1
137.09 0.1 1
139.06 0.1 1
145.01 0.1 1
146.96 0.1 1
151.03 0.1 1
152.93 0.1 1
155.06 0.1 1
162.9 0.1 1
166.87 0.1 1
168.97 0.1 1
170.89 0.1 1
172.77 0.1 1
176.91 0.1 1
182.81 0.1 1
184.64 0.1 1
190.71 0.1 1
194.61 0.1 1
198.55 0.1 1
202.63 0.1 1
208.55 0.1 1
214.49 0.1 1
218.49 0.1 1
224.47 0.1 1
228.47 0.1 1
238.26 0.1 1
244.31 0.1 1
246.3 0.1 1
250.17 0.1 1
258.09 0.1 1
260.04 0.1 1
262.17 0.1 1
264.15 0.1 1
266.19 0.1 1
269.99 0.1 1
274.11 0.1 1
276.08 0.1 1
280.06 0.1 1
285.86 0.1 1
289.98 0.1 1
295.93 0.1 1
297.8 0.1 1
299.85 0.1 1
301.79 0.1 1
303.75 0.1 1
305.75 0.1 1
307.7 0.1 1
309.84 0.1 1
325.51 0.1 1
327.55 0.1 1
331.48 0.1 1
333.58 0.1 1
337.55 0.1 1
341.58 0.1 1
349.42 0.1 1
355.44 0.1 1
359.41 0.1 1
361.26 0.1 1
363.36 0.1 1
365.26 0.1 1
371.28 0.1 1
375.25 0.1 1
377.28 0.1 1
385.22 0.1 1
392.99 0.1 1
395.07 0.1 1
400.95 0.1 1
403.09 0.1 1
410.91 0.1 1
412.81 0.1 1
414.79 0.1 1
424.9 0.1 1
426.83 0.1 1
438.7 0.1 1
440.72 0.1 1
442.74 0.1 1
446.57 0.1 1
448.7 0.1 1
458.54 0.1 1
462.48 0.1 1
466.44 0.1 1
468.55 0.1 1
474.37 0.1 1
480.27 0.1 1
482.43 0.1 1
484.35 0.1 1
486.3 0.1 1
492.17 0.1 1
494.17 0.1 1
496.26 0.1 1
500.16 0.1 1
504.21 0.1 1
