4.14 0.1 1
6.17 0.1 1
10.21 0.1 1
12.14 0.1 1
17.98 0.1 1
20.06 0.1 1
22.08 0.1 1
24.1 0.1 1
26 0.1 1
34.05 0.1 1
36 0.1 1
37.95 0.1 1
41.79 0.1 1
45.76 0.1 1
47.74 0.1 1
49.74 0.1 1
51.89 0.1 1
57.83 0.1 1
67.78 0.1 1
69.7 0.1 1
71.55 0.1 1
73.73 0.1 1
77.52 0.1 1
79.5 0.1 1
81.48 0.1 1
85.45 0.1 1
87.45 0.1 1
89.45 0.1 1
91.57 0.1 1
95.41 0.1 1
107.43 0.1 1
121.2 0.1 1
125.27 0.1 1
127.15 0.1 1
131.17 0.1 1
133.14 0.1 1
135.12 0.1 1
137.01 0.1 1
139.07 0.1 1
144.97 0.1 1
147.09 0.1 1
150.94 0.1 1
153.04 0.1 1
154.98 0.1 1
162.83 0.1 1
166.8 0.1 1
168.88 0.1 1
170.88 0.1 1
172.79 0.1 1
176.75 0.1 1
182.77 0.1 1
184.59 0.1 1
190.68 0.1 1
194.61 0.1 1
198.54 0.1 1
202.53 0.1 1
208.45 0.1 1
214.35 0.1 1
218.35 0.1 1
224.46 0.1 1
228.31 0.1 1
238.21 0.1 1
244.2 0.1 1
246.13 0.1 1
250.21 0.1 1
258.12 0.1 1
260 0.1 1
261.97 0.1 1
264.07 0.1 1
265.92 0.1 1
269.89 0.1 1
273.97 0.1 1
275.96 0.1 1
279.82 0.1 1
285.91 0.1 1
289.91 0.1 1
295.87 0.1 1
297.81 0.1 1
299.83 0.1 1
301.67 0.1 1
303.78 0.1 1
305.58 0.1 1
307.69 0.1 1
309.6 0.1 1
325.51 0.1 1
327.51 0.1 1
331.41 0.1 1
333.51 0.1 1
337.36 0.1 1
341.48 0.1 1
349.3 0.1 1
355.19 0.1 1
359.19 0.1 1
361.32 0.1 1
363.16 0.1 1
365.26 0.1 1
371.24 0.1 1
375.09 0.1 1
377.14 0.1 1
385.06 0.1 1
392.95 0.1 1
394.87 0.1 1
401.02 0.1 1
402.99 0.1 1
410.82 0.1 1
412.77 0.1 1
414.74 0.1 1
424.8 0.1 1
426.68 0.1 1
438.68 0.1 1
440.62 0.1 1
442.5 0.1 1
446.57 0.1 1
448.44 0.1 1
458.51 0.1 1
462.48 0.1 1
466.34 0.1 1
468.46 0.1 1
474.33 0.1 1
480.25 0.1 1
482.35 0.1 1
484.22 0.1 1
486.13 0.1 1
492.24 0.1 1
494.14 0.1 1
496.2 0.1 1
500.12 0.1 1
504.12 0.1 1
