4.29 0.1 1
6.28 0.1 1
10.24 0.1 1
12.21 0.1 1
18.13 0.1 1
20.11 0.1 1
22.05 0.1 1
24 0.1 1
26.02 0.1 1
33.89 0.1 1
35.94 0.1 1
37.82 0.1 1
41.84 0.1 1
45.84 0.1 1
47.76 0.1 1
49.91 0.1 1
51.88 0.1 1
57.86 0.1 1
67.73 0.1 1
69.67 0.1 1
71.67 0.1 1
73.72 0.1 1
77.62 0.1 1
79.65 0.1 1
81.55 0.1 1
85.45 0.1 1
87.56 0.1 1
89.52 0.1 1
91.51 0.1 1
95.53 0.1 1
107.31 0.1 1
121.32 0.1 1
125.24 0.1 1
127.25 0.1 1
131.17 0.1 1
133.24 0.1 1
135.14 0.1 1
137.14 0.1 1
139.06 0.1 1
144.96 0.1 1
146.94 0.1 1
151.08 0.1 1
152.93 0.1 1
155.05 0.1 1
162.82 0.1 1
166.94 0.1 1
168.9 0.1 1
170.92 0.1 1
172.89 0.1 1
176.79 0.1 1
182.84 0.1 1
184.84 0.1 1
190.59 0.1 1
194.73 0.1 1
198.68 0.1 1
202.55 0.1 1
208.5 0.1 1
214.5 0.1 1
218.52 0.1 1
224.49 0.1 1
228.32 0.1 1
238.24 0.1 1
244.25 0.1 1
246.33 0.1 1
250.26 0.1 1
258.13 0.1 1
260.1 0.1 1
262.19 0.1 1
264 0.1 1
265.97 0.1 1
270.09 0.1 1
274.11 0.1 1
275.92 0.1 1
279.93 0.1 1
285.83 0.1 1
289.96 0.1 1
295.88 0.1 1
297.82 0.1 1
299.85 0.1 1
301.8 0.1 1
303.85 0.1 1
305.8 0.1 1
307.67 0.1 1
309.62 0.1 1
325.59 0.1 1
327.61 0.1 1
331.58 0.1 1
333.56 0.1 1
337.56 0.1 1
341.45 0.1 1
349.37 0.1 1
355.45 0.1 1
359.24 0.1 1
361.37 0.1 1
363.34 0.1 1
365.22 0.1 1
371.14 0.1 1
375.13 0.1 1
377.11 0.1 1
385.03 0.1 1
392.98 0.1 1
395.03 0.1 1
401.02 0.1 1
402.99 0.1 1
410.81 0.1 1
412.79 0.1 1
414.98 0.1 1
424.86 0.1 1
426.78 0.1 1
438.7 0.1 1
440.77 0.1 1
442.55 0.1 1
446.6 0.1 1
448.52 0.1 1
458.47 0.1 1
462.56 0.1 1
466.41 0.1 1
468.48 0.1 1
474.46 0.1 1
480.3 0.1 1
482.43 0.1 1
484.28 0.1 1
486.27 0.1 1
492.3 0.1 1
494.34 0.1 1
496.24 0.1 1
500.17 0.1 1
504.14 0.1 1
