4.2 0.1 1
6.13 0.1 1
10.02 0.1 1
12.14 0.1 1
18.08 0.1 1
20.05 0.1 1
22.01 0.1 1
23.84 0.1 1
25.84 0.1 1
33.9 0.1 1
35.85 0.1 1
37.71 0.1 1
41.78 0.1 1
45.63 0.1 1
47.59 0.1 1
49.59 0.1 1
51.53 0.1 1
57.57 0.1 1
67.41 0.1 1
69.39 0.1 1
71.26 0.1 1
73.27 0.1 1
77.3 0.1 1
79.32 0.1 1
81.13 0.1 1
85.19 0.1 1
87.06 0.1 1
89.08 0.1 1
91.04 0.1 1
94.98 0.1 1
106.76 0.1 1
120.58 0.1 1
124.62 0.1 1
126.54 0.1 1
130.5 0.1 1
132.59 0.1 1
134.46 0.1 1
136.54 0.1 1
138.51 0.1 1
144.47 0.1 1
146.4 0.1 1
150.33 0.1 1
152.38 0.1 1
154.24 0.1 1
162.1 0.1 1
166.11 0.1 1
168.14 0.1 1
170.06 0.1 1
172.11 0.1 1
175.97 0.1 1
181.96 0.1 1
183.84 0.1 1
189.87 0.1 1
193.79 0.1 1
197.72 0.1 1
201.71 0.1 1
207.49 0.1 1
213.6 0.1 1
217.41 0.1 1
223.47 0.1 1
227.38 0.1 1
237.32 0.1 1
243.17 0.1 1
245.01 0.1 1
249.03 0.1 1
257.03 0.1 1
258.95 0.1 1
260.94 0.1 1
262.83 0.1 1
264.92 0.1 1
268.8 0.1 1
272.64 0.1 1
274.78 0.1 1
278.6 0.1 1
284.66 0.1 1
288.42 0.1 1
294.33 0.1 1
296.31 0.1 1
298.32 0.1 1
300.35 0.1 1
302.37 0.1 1
304.2 0.1 1
306.17 0.1 1
308.25 0.1 1
324.08 0.1 1
325.99 0.1 1
329.97 0.1 1
331.83 0.1 1
335.85 0.1 1
339.76 0.1 1
347.75 0.1 1
353.54 0.1 1
357.54 0.1 1
359.47 0.1 1
361.51 0.1 1
363.4 0.1 1
369.49 0.1 1
373.27 0.1 1
375.26 0.1 1
383.18 0.1 1
391.19 0.1 1
393.16 0.1 1
399.1 0.1 1
401.04 0.1 1
408.99 0.1 1
410.78 0.1 1
412.75 0.1 1
422.63 0.1 1
424.76 0.1 1
436.5 0.1 1
438.46 0.1 1
440.44 0.1 1
444.38 0.1 1
446.5 0.1 1
456.17 0.1 1
460.3 0.1 1
464.13 0.1 1
466.02 0.1 1
472.11 0.1 1
478 0.1 1
480.03 0.1 1
481.89 0.1 1
483.84 0.1 1
489.76 0.1 1
491.76 0.1 1
493.85 0.1 1
497.67 0.1 1
501.55 0.1 1
