4.12 0.1 1
6.12 0.1 1
10.14 0.1 1
12.22 0.1 1
18.11 0.1 1
20.06 0.1 1
22.14 0.1 1
24.01 0.1 1
25.96 0.1 1
33.9 0.1 1
35.85 0.1 1
38.02 0.1 1
41.92 0.1 1
45.87 0.1 1
47.77 0.1 1
49.75 0.1 1
51.89 0.1 1
57.79 0.1 1
67.69 0.1 1
69.63 0.1 1
71.61 0.1 1
73.58 0.1 1
77.7 0.1 1
79.53 0.1 1
81.65 0.1 1
85.6 0.1 1
87.55 0.1 1
89.45 0.1 1
91.42 0.1 1
95.52 0.1 1
107.44 0.1 1
121.2 0.1 1
125.16 0.1 1
127.17 0.1 1
131.22 0.1 1
133.02 0.1 1
135.07 0.1 1
137.05 0.1 1
138.97 0.1 1
145.12 0.1 1
147.06 0.1 1
151.01 0.1 1
152.86 0.1 1
154.88 0.1 1
162.86 0.1 1
166.75 0.1 1
168.83 0.1 1
170.88 0.1 1
172.73 0.1 1
176.83 0.1 1
182.69 0.1 1
184.7 0.1 1
190.64 0.1 1
194.61 0.1 1
198.52 0.1 1
202.62 0.1 1
208.41 0.1 1
214.5 0.1 1
218.48 0.1 1
224.3 0.1 1
228.27 0.1 1
238.25 0.1 1
244.24 0.1 1
246.09 0.1 1
250.11 0.1 1
258.05 0.1 1
259.98 0.1 1
262 0.1 1
264.06 0.1 1
265.98 0.1 1
269.95 0.1 1
273.9 0.1 1
275.88 0.1 1
279.82 0.1 1
285.9 0.1 1
289.82 0.1 1
295.69 0.1 1
297.76 0.1 1
299.79 0.1 1
301.68 0.1 1
303.78 0.1 1
305.76 0.1 1
307.8 0.1 1
309.71 0.1 1
325.65 0.1 1
327.54 0.1 1
331.47 0.1 1
333.49 0.1 1
337.49 0.1 1
341.48 0.1 1
349.33 0.1 1
355.26 0.1 1
359.28 0.1 1
361.28 0.1 1
363.18 0.1 1
365.33 0.1 1
371.09 0.1 1
375.25 0.1 1
377.14 0.1 1
385.06 0.1 1
392.99 0.1 1
395.09 0.1 1
401 0.1 1
402.98 0.1 1
410.77 0.1 1
412.78 0.1 1
414.8 0.1 1
424.7 0.1 1
426.82 0.1 1
438.64 0.1 1
440.64 0.1 1
442.61 0.1 1
446.6 0.1 1
448.6 0.1 1
458.5 0.1 1
462.55 0.1 1
466.4 0.1 1
468.5 0.1 1
474.44 0.1 1
480.24 0.1 1
482.26 0.1 1
484.19 0.1 1
486.23 0.1 1
492.1 0.1 1
494.26 0.1 1
496.06 0.1 1
500.03 0.1 1
504.07 0.1 1
