4.18 0.1 1
6.23 0.1 1
10.16 0.1 1
12.2 0.1 1
17.98 0.1 1
20.1 0.1 1
22.14 0.1 1
23.99 0.1 1
26 0.1 1
33.84 0.1 1
35.92 0.1 1
38.01 0.1 1
41.78 0.1 1
45.88 0.1 1
47.8 0.1 1
49.85 0.1 1
51.7 0.1 1
57.78 0.1 1
67.72 0.1 1
69.57 0.1 1
71.6 0.1 1
73.61 0.1 1
77.57 0.1 1
79.49 0.1 1
81.62 0.1 1
85.58 0.1 1
87.48 0.1 1
89.51 0.1 1
91.43 0.1 1
95.46 0.1 1
107.25 0.1 1
121.16 0.1 1
125.19 0.1 1
127.14 0.1 1
131.22 0.1 1
133.19 0.1 1
135.11 0.1 1
137.03 0.1 1
139.06 0.1 1
145.11 0.1 1
147.11 0.1 1
151.02 0.1 1
152.97 0.1 1
154.85 0.1 1
162.87 0.1 1
166.89 0.1 1
168.91 0.1 1
170.89 0.1 1
172.71 0.1 1
176.86 0.1 1
182.83 0.1 1
184.63 0.1 1
190.68 0.1 1
194.53 0.1 1
198.67 0.1 1
202.62 0.1 1
208.4 0.1 1
214.56 0.1 1
218.51 0.1 1
224.31 0.1 1
228.26 0.1 1
238.25 0.1 1
244.25 0.1 1
246.2 0.1 1
250.17 0.1 1
258.19 0.1 1
260 0.1 1
262.14 0.1 1
264.14 0.1 1
265.94 0.1 1
270.06 0.1 1
273.96 0.1 1
275.91 0.1 1
279.85 0.1 1
285.96 0.1 1
289.75 0.1 1
295.7 0.1 1
297.75 0.1 1
299.79 0.1 1
301.72 0.1 1
303.79 0.1 1
305.69 0.1 1
307.79 0.1 1
309.72 0.1 1
325.64 0.1 1
327.43 0.1 1
331.51 0.1 1
333.5 0.1 1
337.47 0.1 1
341.52 0.1 1
349.32 0.1 1
355.2 0.1 1
359.26 0.1 1
361.27 0.1 1
363.19 0.1 1
365.24 0.1 1
371.18 0.1 1
375.05 0.1 1
377.1 0.1 1
385.13 0.1 1
393.1 0.1 1
394.97 0.1 1
400.94 0.1 1
402.91 0.1 1
410.89 0.1 1
412.88 0.1 1
414.91 0.1 1
424.78 0.1 1
426.68 0.1 1
438.69 0.1 1
440.67 0.1 1
442.7 0.1 1
446.57 0.1 1
448.52 0.1 1
458.54 0.1 1
462.46 0.1 1
466.44 0.1 1
468.41 0.1 1
474.4 0.1 1
480.2 0.1 1
482.38 0.1 1
484.19 0.1 1
486.17 0.1 1
492.15 0.1 1
494.19 0.1 1
496.09 0.1 1
500.17 0.1 1
504.12 0.1 1
