4.13 0.1 1
6.23 0.1 1
10.07 0.1 1
12.2 0.1 1
18.1 0.1 1
20.04 0.1 1
21.96 0.1 1
24.12 0.1 1
25.91 0.1 1
33.86 0.1 1
35.88 0.1 1
37.86 0.1 1
41.95 0.1 1
45.93 0.1 1
47.8 0.1 1
49.77 0.1 1
51.85 0.1 1
57.78 0.1 1
67.62 0.1 1
69.62 0.1 1
71.54 0.1 1
73.52 0.1 1
77.51 0.1 1
79.46 0.1 1
81.44 0.1 1
85.46 0.1 1
87.5 0.1 1
89.43 0.1 1
91.48 0.1 1
95.32 0.1 1
107.34 0.1 1
121.14 0.1 1
125.08 0.1 1
127.04 0.1 1
131.04 0.1 1
133.1 0.1 1
135.03 0.1 1
137.03 0.1 1
139.1 0.1 1
145.03 0.1 1
146.92 0.1 1
151 0.1 1
152.87 0.1 1
154.92 0.1 1
162.82 0.1 1
166.76 0.1 1
168.79 0.1 1
170.69 0.1 1
172.78 0.1 1
176.84 0.1 1
182.65 0.1 1
184.75 0.1 1
190.65 0.1 1
194.57 0.1 1
198.5 0.1 1
202.49 0.1 1
208.57 0.1 1
214.41 0.1 1
218.46 0.1 1
224.33 0.1 1
228.3 0.1 1
238.15 0.1 1
244.1 0.1 1
246.15 0.1 1
250.12 0.1 1
257.99 0.1 1
259.98 0.1 1
261.94 0.1 1
264.03 0.1 1
265.99 0.1 1
269.93 0.1 1
273.96 0.1 1
275.95 0.1 1
279.88 0.1 1
285.88 0.1 1
289.74 0.1 1
295.77 0.1 1
297.69 0.1 1
299.84 0.1 1
301.71 0.1 1
303.71 0.1 1
305.76 0.1 1
307.69 0.1 1
309.74 0.1 1
325.53 0.1 1
327.43 0.1 1
331.43 0.1 1
333.47 0.1 1
337.35 0.1 1
341.45 0.1 1
349.34 0.1 1
355.33 0.1 1
359.23 0.1 1
361.3 0.1 1
363.18 0.1 1
365.11 0.1 1
371.21 0.1 1
375.08 0.1 1
377.05 0.1 1
385.05 0.1 1
393.01 0.1 1
394.97 0.1 1
400.96 0.1 1
403.01 0.1 1
410.95 0.1 1
412.93 0.1 1
414.73 0.1 1
424.73 0.1 1
426.79 0.1 1
438.57 0.1 1
440.56 0.1 1
442.64 0.1 1
446.49 0.1 1
448.49 0.1 1
458.41 0.1 1
462.36 0.1 1
466.32 0.1 1
468.47 0.1 1
474.3 0.1 1
480.25 0.1 1
482.32 0.1 1
484.24 0.1 1
486.32 0.1 1
492.24 0.1 1
494.21 0.1 1
496.06 0.1 1
500.18 0.1 1
504.05 0.1 1
