4.29 0.1 1
6.15 0.1 1
10.05 0.1 1
12.04 0.1 1
18.12 0.1 1
20.14 0.1 1
22.14 0.1 1
23.96 0.1 1
26.09 0.1 1
33.93 0.1 1
35.88 0.1 1
37.81 0.1 1
41.97 0.1 1
45.88 0.1 1
47.87 0.1 1
49.82 0.1 1
51.72 0.1 1
57.86 0.1 1
67.74 0.1 1
69.66 0.1 1
71.61 0.1 1
73.63 0.1 1
77.66 0.1 1
79.56 0.1 1
81.53 0.1 1
85.5 0.1 1
87.6 0.1 1
89.4 0.1 1
91.57 0.1 1
95.34 0.1 1
107.31 0.1 1
121.3 0.1 1
125.21 0.1 1
127.25 0.1 1
131.23 0.1 1
133.12 0.1 1
135.02 0.1 1
137.17 0.1 1
139.13 0.1 1
145.09 0.1 1
146.91 0.1 1
150.94 0.1 1
152.87 0.1 1
155.04 0.1 1
162.89 0.1 1
166.9 0.1 1
168.83 0.1 1
170.73 0.1 1
172.7 0.1 1
176.78 0.1 1
182.78 0.1 1
184.67 0.1 1
190.55 0.1 1
194.67 0.1 1
198.54 0.1 1
202.54 0.1 1
208.58 0.1 1
214.35 0.1 1
218.41 0.1 1
224.43 0.1 1
228.25 0.1 1
238.25 0.1 1
244.19 0.1 1
246.22 0.1 1
250.04 0.1 1
258.13 0.1 1
260.13 0.1 1
262.05 0.1 1
263.93 0.1 1
266.01 0.1 1
269.87 0.1 1
273.93 0.1 1
275.94 0.1 1
279.82 0.1 1
285.82 0.1 1
289.89 0.1 1
295.83 0.1 1
297.71 0.1 1
299.68 0.1 1
301.69 0.1 1
303.73 0.1 1
305.73 0.1 1
307.65 0.1 1
309.73 0.1 1
325.6 0.1 1
327.5 0.1 1
331.54 0.1 1
333.39 0.1 1
337.42 0.1 1
341.31 0.1 1
349.3 0.1 1
355.23 0.1 1
359.28 0.1 1
361.13 0.1 1
363.22 0.1 1
365.13 0.1 1
371.17 0.1 1
375.12 0.1 1
377.15 0.1 1
384.96 0.1 1
393.03 0.1 1
394.89 0.1 1
400.81 0.1 1
402.9 0.1 1
410.82 0.1 1
412.77 0.1 1
414.67 0.1 1
424.77 0.1 1
426.64 0.1 1
438.68 0.1 1
440.58 0.1 1
442.56 0.1 1
446.61 0.1 1
448.55 0.1 1
458.42 0.1 1
462.3 0.1 1
466.45 0.1 1
468.27 0.1 1
474.19 0.1 1
480.23 0.1 1
482.21 0.1 1
484.16 0.1 1
486.23 0.1 1
492.21 0.1 1
494.13 0.1 1
496.06 0.1 1
500.17 0.1 1
503.97 0.1 1
