4.28 0.1 1
6.16 0.1 1
10.16 0.1 1
12.1 0.1 1
18.08 0.1 1
20.08 0.1 1
22.08 0.1 1
24.02 0.1 1
26.12 0.1 1
34.05 0.1 1
35.99 0.1 1
37.97 0.1 1
41.91 0.1 1
45.84 0.1 1
47.91 0.1 1
49.84 0.1 1
51.84 0.1 1
57.76 0.1 1
67.65 0.1 1
69.65 0.1 1
71.63 0.1 1
73.67 0.1 1
77.65 0.1 1
79.49 0.1 1
81.67 0.1 1
85.52 0.1 1
87.51 0.1 1
89.54 0.1 1
91.47 0.1 1
95.39 0.1 1
107.41 0.1 1
121.29 0.1 1
125.15 0.1 1
127.12 0.1 1
131.16 0.1 1
133.06 0.1 1
135.06 0.1 1
137.09 0.1 1
139.14 0.1 1
145.01 0.1 1
147.04 0.1 1
151.1 0.1 1
153.08 0.1 1
154.95 0.1 1
162.85 0.1 1
166.88 0.1 1
168.92 0.1 1
170.77 0.1 1
172.9 0.1 1
176.87 0.1 1
182.72 0.1 1
184.79 0.1 1
190.61 0.1 1
194.58 0.1 1
198.71 0.1 1
202.63 0.1 1
208.55 0.1 1
214.47 0.1 1
218.54 0.1 1
224.36 0.1 1
228.37 0.1 1
238.38 0.1 1
244.18 0.1 1
246.35 0.1 1
250.22 0.1 1
258.17 0.1 1
260.14 0.1 1
262.14 0.1 1
264 0.1 1
266.14 0.1 1
269.99 0.1 1
274.07 0.1 1
275.94 0.1 1
280.06 0.1 1
285.96 0.1 1
289.98 0.1 1
295.8 0.1 1
297.75 0.1 1
299.78 0.1 1
301.72 0.1 1
303.74 0.1 1
305.8 0.1 1
307.65 0.1 1
309.75 0.1 1
325.59 0.1 1
327.61 0.1 1
331.61 0.1 1
333.58 0.1 1
337.55 0.1 1
341.38 0.1 1
349.5 0.1 1
355.45 0.1 1
359.29 0.1 1
361.27 0.1 1
363.29 0.1 1
365.19 0.1 1
371.29 0.1 1
375.13 0.1 1
377.11 0.1 1
385.08 0.1 1
393.02 0.1 1
395 0.1 1
400.95 0.1 1
402.9 0.1 1
411.02 0.1 1
412.82 0.1 1
414.88 0.1 1
424.76 0.1 1
426.9 0.1 1
438.65 0.1 1
440.68 0.1 1
442.65 0.1 1
446.7 0.1 1
448.52 0.1 1
458.44 0.1 1
462.41 0.1 1
466.43 0.1 1
468.38 0.1 1
474.35 0.1 1
480.35 0.1 1
482.35 0.1 1
484.27 0.1 1
486.42 0.1 1
492.37 0.1 1
494.2 0.1 1
496.17 0.1 1
500.17 0.1 1
504.12 0.1 1
