4.29 0.1 1
6.14 0.1 1
10.19 0.1 1
12.03 0.1 1
18.13 0.1 1
20.06 0.1 1
22.03 0.1 1
24.11 0.1 1
25.93 0.1 1
33.95 0.1 1
35.9 0.1 1
37.9 0.1 1
41.85 0.1 1
45.8 0.1 1
47.74 0.1 1
49.72 0.1 1
51.76 0.1 1
57.83 0.1 1
67.6 0.1 1
69.73 0.1 1
71.65 0.1 1
73.6 0.1 1
77.58 0.1 1
79.57 0.1 1
81.6 0.1 1
85.57 0.1 1
87.6 0.1 1
89.49 0.1 1
91.54 0.1 1
95.54 0.1 1
107.26 0.1 1
121.32 0.1 1
125.3 0.1 1
127.2 0.1 1
131.2 0.1 1
133.05 0.1 1
135.19 0.1 1
137.02 0.1 1
138.99 0.1 1
145.01 0.1 1
147.06 0.1 1
150.99 0.1 1
152.96 0.1 1
155 0.1 1
162.83 0.1 1
166.73 0.1 1
168.75 0.1 1
170.8 0.1 1
172.82 0.1 1
176.67 0.1 1
182.77 0.1 1
184.57 0.1 1
190.68 0.1 1
194.53 0.1 1
198.63 0.1 1
202.55 0.1 1
208.41 0.1 1
214.47 0.1 1
218.4 0.1 1
224.24 0.1 1
228.29 0.1 1
238.29 0.1 1
244.23 0.1 1
246.09 0.1 1
250.1 0.1 1
258.17 0.1 1
260.05 0.1 1
262.02 0.1 1
264.1 0.1 1
266.02 0.1 1
269.95 0.1 1
274 0.1 1
275.89 0.1 1
279.86 0.1 1
285.86 0.1 1
289.89 0.1 1
295.68 0.1 1
297.7 0.1 1
299.7 0.1 1
301.76 0.1 1
303.72 0.1 1
305.77 0.1 1
307.68 0.1 1
309.54 0.1 1
325.56 0.1 1
327.43 0.1 1
331.39 0.1 1
333.54 0.1 1
337.36 0.1 1
341.45 0.1 1
349.28 0.1 1
355.27 0.1 1
359.24 0.1 1
361.3 0.1 1
363.2 0.1 1
365.17 0.1 1
371.12 0.1 1
375.12 0.1 1
377.14 0.1 1
384.98 0.1 1
392.98 0.1 1
395.03 0.1 1
400.92 0.1 1
402.97 0.1 1
410.92 0.1 1
412.79 0.1 1
414.84 0.1 1
424.63 0.1 1
426.74 0.1 1
438.62 0.1 1
440.48 0.1 1
442.52 0.1 1
446.5 0.1 1
448.45 0.1 1
458.44 0.1 1
462.42 0.1 1
466.39 0.1 1
468.34 0.1 1
474.41 0.1 1
480.36 0.1 1
482.35 0.1 1
484.31 0.1 1
486.25 0.1 1
492.25 0.1 1
494.17 0.1 1
496.04 0.1 1
500 0.1 1
504.06 0.1 1
