4.15 0.1 1
6.25 0.1 1
10.03 0.1 1
12.05 0.1 1
18.14 0.1 1
20.09 0.1 1
22.07 0.1 1
23.97 0.1 1
25.9 0.1 1
34.04 0.1 1
35.88 0.1 1
37.81 0.1 1
41.93 0.1 1
45.95 0.1 1
47.78 0.1 1
49.78 0.1 1
51.88 0.1 1
57.68 0.1 1
67.6 0.1 1
69.67 0.1 1
71.72 0.1 1
73.66 0.1 1
77.62 0.1 1
79.47 0.1 1
81.56 0.1 1
85.61 0.1 1
87.61 0.1 1
89.49 0.1 1
91.38 0.1 1
95.53 0.1 1
107.4 0.1 1
121.31 0.1 1
125.16 0.1 1
127.17 0.1 1
131.24 0.1 1
133.16 0.1 1
135.18 0.1 1
137.06 0.1 1
139.01 0.1 1
145.13 0.1 1
146.91 0.1 1
151.03 0.1 1
153.05 0.1 1
154.88 0.1 1
162.85 0.1 1
166.8 0.1 1
168.77 0.1 1
170.79 0.1 1
172.79 0.1 1
176.71 0.1 1
182.76 0.1 1
184.68 0.1 1
190.71 0.1 1
194.61 0.1 1
198.7 0.1 1
202.55 0.1 1
208.6 0.1 1
214.54 0.1 1
218.52 0.1 1
224.41 0.1 1
228.26 0.1 1
238.3 0.1 1
244.33 0.1 1
246.18 0.1 1
250.22 0.1 1
258.15 0.1 1
260.15 0.1 1
262.07 0.1 1
263.97 0.1 1
266.02 0.1 1
270.11 0.1 1
274.09 0.1 1
275.89 0.1 1
280.05 0.1 1
285.88 0.1 1
289.78 0.1 1
295.9 0.1 1
297.8 0.1 1
299.88 0.1 1
301.87 0.1 1
303.67 0.1 1
305.69 0.1 1
307.62 0.1 1
309.74 0.1 1
325.61 0.1 1
327.51 0.1 1
331.58 0.1 1
333.46 0.1 1
337.43 0.1 1
341.53 0.1 1
349.29 0.1 1
355.44 0.1 1
359.26 0.1 1
361.39 0.1 1
363.37 0.1 1
365.31 0.1 1
371.28 0.1 1
375.28 0.1 1
377.08 0.1 1
385.03 0.1 1
393.02 0.1 1
395.12 0.1 1
400.97 0.1 1
402.94 0.1 1
410.86 0.1 1
412.79 0.1 1
414.83 0.1 1
424.8 0.1 1
426.66 0.1 1
438.62 0.1 1
440.7 0.1 1
442.7 0.1 1
446.54 0.1 1
448.57 0.1 1
458.52 0.1 1
462.49 0.1 1
466.43 0.1 1
468.46 0.1 1
474.4 0.1 1
480.33 0.1 1
482.3 0.1 1
484.23 0.1 1
486.22 0.1 1
492.32 0.1 1
494.15 0.1 1
496.19 0.1 1
500.22 0.1 1
504.24 0.1 1
