4.12 0.1 1
6.1 0.1 1
10.2 0.1 1
12.07 0.1 1
18.14 0.1 1
20.04 0.1 1
21.97 0.1 1
24.12 0.1 1
26.06 0.1 1
33.91 0.1 1
36.03 0.1 1
37.84 0.1 1
41.9 0.1 1
45.78 0.1 1
47.88 0.1 1
49.81 0.1 1
51.73 0.1 1
57.77 0.1 1
67.6 0.1 1
69.59 0.1 1
71.72 0.1 1
73.62 0.1 1
77.58 0.1 1
79.59 0.1 1
81.49 0.1 1
85.59 0.1 1
87.43 0.1 1
89.4 0.1 1
91.55 0.1 1
95.4 0.1 1
107.28 0.1 1
121.24 0.1 1
125.14 0.1 1
127.29 0.1 1
131.26 0.1 1
133.23 0.1 1
135.19 0.1 1
137.01 0.1 1
139 0.1 1
145.07 0.1 1
146.93 0.1 1
151.03 0.1 1
153.03 0.1 1
154.87 0.1 1
162.87 0.1 1
166.94 0.1 1
168.87 0.1 1
170.78 0.1 1
172.69 0.1 1
176.84 0.1 1
182.65 0.1 1
184.66 0.1 1
190.55 0.1 1
194.57 0.1 1
198.49 0.1 1
202.45 0.1 1
208.44 0.1 1
214.51 0.1 1
218.49 0.1 1
224.31 0.1 1
228.36 0.1 1
238.3 0.1 1
244.22 0.1 1
246.15 0.1 1
250.07 0.1 1
258.06 0.1 1
260.09 0.1 1
262.04 0.1 1
263.94 0.1 1
265.99 0.1 1
269.88 0.1 1
273.89 0.1 1
275.96 0.1 1
279.9 0.1 1
285.77 0.1 1
289.83 0.1 1
295.67 0.1 1
297.79 0.1 1
299.64 0.1 1
301.79 0.1 1
303.76 0.1 1
305.64 0.1 1
307.59 0.1 1
309.56 0.1 1
325.41 0.1 1
327.5 0.1 1
331.47 0.1 1
333.33 0.1 1
337.44 0.1 1
341.39 0.1 1
349.37 0.1 1
355.23 0.1 1
359.24 0.1 1
361.16 0.1 1
363.13 0.1 1
365.21 0.1 1
371.06 0.1 1
375.1 0.1 1
377.1 0.1 1
384.9 0.1 1
392.99 0.1 1
394.82 0.1 1
400.89 0.1 1
402.84 0.1 1
410.76 0.1 1
412.8 0.1 1
414.66 0.1 1
424.75 0.1 1
426.55 0.1 1
438.47 0.1 1
440.45 0.1 1
442.56 0.1 1
446.39 0.1 1
448.43 0.1 1
458.41 0.1 1
462.26 0.1 1
466.3 0.1 1
468.23 0.1 1
474.23 0.1 1
480.27 0.1 1
482.24 0.1 1
484.14 0.1 1
486.15 0.1 1
492.02 0.1 1
494.18 0.1 1
496.01 0.1 1
500.01 0.1 1
503.96 0.1 1
