4.12 0.1 1
6.26 0.1 1
10.19 0.1 1
12.18 0.1 1
17.98 0.1 1
20.05 0.1 1
22.11 0.1 1
24.03 0.1 1
26.1 0.1 1
33.85 0.1 1
35.92 0.1 1
37.82 0.1 1
41.84 0.1 1
45.9 0.1 1
47.74 0.1 1
49.89 0.1 1
51.79 0.1 1
57.81 0.1 1
67.66 0.1 1
69.63 0.1 1
71.56 0.1 1
73.61 0.1 1
77.7 0.1 1
79.53 0.1 1
81.58 0.1 1
85.62 0.1 1
87.5 0.1 1
89.49 0.1 1
91.39 0.1 1
95.42 0.1 1
107.29 0.1 1
121.35 0.1 1
125.3 0.1 1
127.25 0.1 1
131.22 0.1 1
133.2 0.1 1
135.09 0.1 1
137.07 0.1 1
139.1 0.1 1
145.11 0.1 1
147.09 0.1 1
151.06 0.1 1
153.09 0.1 1
154.89 0.1 1
162.95 0.1 1
166.9 0.1 1
168.83 0.1 1
170.92 0.1 1
172.88 0.1 1
176.7 0.1 1
182.84 0.1 1
184.82 0.1 1
190.61 0.1 1
194.69 0.1 1
198.61 0.1 1
202.53 0.1 1
208.55 0.1 1
214.45 0.1 1
218.35 0.1 1
224.49 0.1 1
228.34 0.1 1
238.24 0.1 1
244.24 0.1 1
246.13 0.1 1
250.16 0.1 1
258.05 0.1 1
260.02 0.1 1
262.05 0.1 1
264 0.1 1
265.95 0.1 1
269.9 0.1 1
273.89 0.1 1
275.86 0.1 1
279.84 0.1 1
285.86 0.1 1
289.86 0.1 1
295.71 0.1 1
297.8 0.1 1
299.7 0.1 1
301.8 0.1 1
303.8 0.1 1
305.73 0.1 1
307.63 0.1 1
309.62 0.1 1
325.52 0.1 1
327.57 0.1 1
331.41 0.1 1
333.58 0.1 1
337.39 0.1 1
341.44 0.1 1
349.3 0.1 1
355.27 0.1 1
359.35 0.1 1
361.17 0.1 1
363.24 0.1 1
365.15 0.1 1
371.27 0.1 1
375.17 0.1 1
377.23 0.1 1
385.08 0.1 1
392.91 0.1 1
394.9 0.1 1
400.87 0.1 1
402.88 0.1 1
410.89 0.1 1
412.9 0.1 1
414.72 0.1 1
424.78 0.1 1
426.74 0.1 1
438.68 0.1 1
440.65 0.1 1
442.67 0.1 1
446.53 0.1 1
448.55 0.1 1
458.42 0.1 1
462.52 0.1 1
466.31 0.1 1
468.27 0.1 1
474.23 0.1 1
480.2 0.1 1
482.2 0.1 1
484.28 0.1 1
486.15 0.1 1
492.08 0.1 1
494.18 0.1 1
496.24 0.1 1
500.19 0.1 1
504.04 0.1 1
