4.21 0.1 1
6.25 0.1 1
10.1 0.1 1
12.1 0.1 1
18.05 0.1 1
20.14 0.1 1
22.14 0.1 1
24.09 0.1 1
26.01 0.1 1
33.93 0.1 1
35.91 0.1 1
37.98 0.1 1
41.81 0.1 1
45.81 0.1 1
47.78 0.1 1
49.72 0.1 1
51.87 0.1 1
57.67 0.1 1
67.75 0.1 1
69.62 0.1 1
71.67 0.1 1
73.67 0.1 1
77.64 0.1 1
79.61 0.1 1
81.48 0.1 1
85.46 0.1 1
87.44 0.1 1
89.4 0.1 1
91.4 0.1 1
95.53 0.1 1
107.42 0.1 1
121.24 0.1 1
125.14 0.1 1
127.11 0.1 1
131.06 0.1 1
133.06 0.1 1
135.23 0.1 1
137.21 0.1 1
139.06 0.1 1
144.95 0.1 1
147.07 0.1 1
150.99 0.1 1
153 0.1 1
154.97 0.1 1
162.81 0.1 1
166.81 0.1 1
168.88 0.1 1
170.89 0.1 1
172.79 0.1 1
176.71 0.1 1
182.75 0.1 1
184.76 0.1 1
190.6 0.1 1
194.73 0.1 1
198.72 0.1 1
202.67 0.1 1
208.51 0.1 1
214.44 0.1 1
218.46 0.1 1
224.43 0.1 1
228.46 0.1 1
238.22 0.1 1
244.25 0.1 1
246.24 0.1 1
250.25 0.1 1
258.06 0.1 1
260.09 0.1 1
262.19 0.1 1
264.18 0.1 1
266.04 0.1 1
269.96 0.1 1
274.01 0.1 1
275.93 0.1 1
279.92 0.1 1
285.87 0.1 1
289.94 0.1 1
295.9 0.1 1
297.92 0.1 1
299.86 0.1 1
301.82 0.1 1
303.79 0.1 1
305.82 0.1 1
307.84 0.1 1
309.69 0.1 1
325.56 0.1 1
327.55 0.1 1
331.5 0.1 1
333.49 0.1 1
337.6 0.1 1
341.45 0.1 1
349.32 0.1 1
355.46 0.1 1
359.38 0.1 1
361.25 0.1 1
363.31 0.1 1
365.3 0.1 1
371.26 0.1 1
375.22 0.1 1
377.1 0.1 1
385.05 0.1 1
392.97 0.1 1
394.99 0.1 1
400.94 0.1 1
402.89 0.1 1
410.91 0.1 1
412.91 0.1 1
414.98 0.1 1
424.74 0.1 1
426.75 0.1 1
438.67 0.1 1
440.66 0.1 1
442.69 0.1 1
446.58 0.1 1
448.69 0.1 1
458.63 0.1 1
462.42 0.1 1
466.52 0.1 1
468.37 0.1 1
474.45 0.1 1
480.29 0.1 1
482.24 0.1 1
484.34 0.1 1
486.24 0.1 1
492.26 0.1 1
494.18 0.1 1
496.18 0.1 1
500.23 0.1 1
504.11 0.1 1
