4.09 0.1 1
6.08 0.1 1
10.13 0.1 1
12.2 0.1 1
18.1 0.1 1
20.15 0.1 1
21.93 0.1 1
23.95 0.1 1
26.1 0.1 1
33.95 0.1 1
35.87 0.1 1
37.82 0.1 1
41.81 0.1 1
45.94 0.1 1
47.78 0.1 1
49.81 0.1 1
51.84 0.1 1
57.65 0.1 1
67.77 0.1 1
69.55 0.1 1
71.64 0.1 1
73.72 0.1 1
77.69 0.1 1
79.62 0.1 1
81.49 0.1 1
85.54 0.1 1
87.51 0.1 1
89.42 0.1 1
91.51 0.1 1
95.49 0.1 1
107.35 0.1 1
121.19 0.1 1
125.12 0.1 1
127.22 0.1 1
131.11 0.1 1
133.07 0.1 1
135.11 0.1 1
137.09 0.1 1
139.01 0.1 1
145.03 0.1 1
147.01 0.1 1
151.08 0.1 1
152.95 0.1 1
154.88 0.1 1
163 0.1 1
166.89 0.1 1
168.94 0.1 1
170.82 0.1 1
172.74 0.1 1
176.76 0.1 1
182.76 0.1 1
184.83 0.1 1
190.71 0.1 1
194.63 0.1 1
198.55 0.1 1
202.63 0.1 1
208.47 0.1 1
214.57 0.1 1
218.54 0.1 1
224.34 0.1 1
228.31 0.1 1
238.31 0.1 1
244.15 0.1 1
246.2 0.1 1
250.23 0.1 1
258.22 0.1 1
260.12 0.1 1
262.17 0.1 1
264.09 0.1 1
265.95 0.1 1
269.96 0.1 1
273.89 0.1 1
275.96 0.1 1
279.94 0.1 1
285.98 0.1 1
289.93 0.1 1
295.9 0.1 1
297.72 0.1 1
299.87 0.1 1
301.85 0.1 1
303.74 0.1 1
305.8 0.1 1
307.65 0.1 1
309.72 0.1 1
325.51 0.1 1
327.46 0.1 1
331.63 0.1 1
333.51 0.1 1
337.48 0.1 1
341.52 0.1 1
349.37 0.1 1
355.3 0.1 1
359.31 0.1 1
361.22 0.1 1
363.22 0.1 1
365.19 0.1 1
371.21 0.1 1
375.13 0.1 1
377.14 0.1 1
385.17 0.1 1
392.98 0.1 1
394.94 0.1 1
400.95 0.1 1
402.87 0.1 1
410.87 0.1 1
412.98 0.1 1
414.89 0.1 1
424.76 0.1 1
426.8 0.1 1
438.58 0.1 1
440.65 0.1 1
442.65 0.1 1
446.52 0.1 1
448.64 0.1 1
458.61 0.1 1
462.58 0.1 1
466.34 0.1 1
468.35 0.1 1
474.33 0.1 1
480.33 0.1 1
482.37 0.1 1
484.2 0.1 1
486.24 0.1 1
492.24 0.1 1
494.27 0.1 1
496.11 0.1 1
500.21 0.1 1
504.24 0.1 1
