4.27 0.1 1
6.12 0.1 1
10.14 0.1 1
12.16 0.1 1
18.01 0.1 1
20.08 0.1 1
22.15 0.1 1
23.98 0.1 1
25.96 0.1 1
33.85 0.1 1
35.85 0.1 1
38 0.1 1
41.82 0.1 1
45.77 0.1 1
47.91 0.1 1
49.79 0.1 1
51.82 0.1 1
57.81 0.1 1
67.65 0.1 1
69.61 0.1 1
71.7 0.1 1
73.68 0.1 1
77.5 0.1 1
79.52 0.1 1
81.64 0.1 1
85.52 0.1 1
87.59 0.1 1
89.59 0.1 1
91.47 0.1 1
95.36 0.1 1
107.43 0.1 1
121.2 0.1 1
125.3 0.1 1
127.24 0.1 1
131.22 0.1 1
133.19 0.1 1
135.11 0.1 1
137.02 0.1 1
139.16 0.1 1
145.13 0.1 1
147.01 0.1 1
150.98 0.1 1
153.05 0.1 1
154.91 0.1 1
162.78 0.1 1
166.82 0.1 1
168.88 0.1 1
170.9 0.1 1
172.87 0.1 1
176.75 0.1 1
182.69 0.1 1
184.74 0.1 1
190.69 0.1 1
194.58 0.1 1
198.53 0.1 1
202.58 0.1 1
208.55 0.1 1
214.49 0.1 1
218.35 0.1 1
224.31 0.1 1
228.26 0.1 1
238.19 0.1 1
244.21 0.1 1
246.1 0.1 1
250.06 0.1 1
258.05 0.1 1
260.1 0.1 1
262.17 0.1 1
264.07 0.1 1
266.04 0.1 1
270.07 0.1 1
274.02 0.1 1
276.04 0.1 1
279.89 0.1 1
285.94 0.1 1
289.9 0.1 1
295.78 0.1 1
297.67 0.1 1
299.8 0.1 1
301.67 0.1 1
303.8 0.1 1
305.79 0.1 1
307.75 0.1 1
309.57 0.1 1
325.59 0.1 1
327.53 0.1 1
331.58 0.1 1
333.53 0.1 1
337.37 0.1 1
341.52 0.1 1
349.44 0.1 1
355.37 0.1 1
359.17 0.1 1
361.21 0.1 1
363.31 0.1 1
365.27 0.1 1
371.18 0.1 1
375.1 0.1 1
377.06 0.1 1
384.97 0.1 1
393.02 0.1 1
394.94 0.1 1
400.89 0.1 1
402.91 0.1 1
410.82 0.1 1
412.94 0.1 1
414.79 0.1 1
424.71 0.1 1
426.75 0.1 1
438.57 0.1 1
440.57 0.1 1
442.5 0.1 1
446.64 0.1 1
448.64 0.1 1
458.38 0.1 1
462.39 0.1 1
466.38 0.1 1
468.38 0.1 1
474.25 0.1 1
480.33 0.1 1
482.35 0.1 1
484.32 0.1 1
486.29 0.1 1
492.11 0.1 1
494.27 0.1 1
496.14 0.1 1
500.18 0.1 1
504.16 0.1 1
