4.12 0.1 1
6.22 0.1 1
10.09 0.1 1
12.14 0.1 1
18.03 0.1 1
20.02 0.1 1
21.89 0.1 1
23.99 0.1 1
25.83 0.1 1
33.68 0.1 1
35.69 0.1 1
37.62 0.1 1
41.55 0.1 1
45.55 0.1 1
47.54 0.1 1
49.52 0.1 1
51.55 0.1 1
57.41 0.1 1
67.23 0.1 1
69.38 0.1 1
71.26 0.1 1
73.22 0.1 1
77.27 0.1 1
79.19 0.1 1
81.11 0.1 1
85.12 0.1 1
87.05 0.1 1
88.93 0.1 1
90.92 0.1 1
95 0.1 1
106.75 0.1 1
120.6 0.1 1
124.58 0.1 1
126.49 0.1 1
130.41 0.1 1
132.46 0.1 1
134.35 0.1 1
136.5 0.1 1
138.48 0.1 1
144.32 0.1 1
146.29 0.1 1
150.27 0.1 1
152.22 0.1 1
154.24 0.1 1
162.15 0.1 1
166.11 0.1 1
167.93 0.1 1
169.88 0.1 1
172.03 0.1 1
175.8 0.1 1
181.82 0.1 1
183.9 0.1 1
189.7 0.1 1
193.75 0.1 1
197.59 0.1 1
201.66 0.1 1
207.49 0.1 1
213.34 0.1 1
217.25 0.1 1
223.17 0.1 1
227.3 0.1 1
237.16 0.1 1
243.05 0.1 1
244.99 0.1 1
248.93 0.1 1
256.89 0.1 1
258.71 0.1 1
260.76 0.1 1
262.7 0.1 1
264.7 0.1 1
268.73 0.1 1
272.57 0.1 1
274.53 0.1 1
278.65 0.1 1
284.51 0.1 1
288.43 0.1 1
294.42 0.1 1
296.32 0.1 1
298.18 0.1 1
300.21 0.1 1
302.13 0.1 1
304.23 0.1 1
306.2 0.1 1
308.22 0.1 1
323.87 0.1 1
325.9 0.1 1
329.85 0.1 1
331.79 0.1 1
335.76 0.1 1
339.68 0.1 1
347.55 0.1 1
353.52 0.1 1
357.52 0.1 1
359.48 0.1 1
361.39 0.1 1
363.36 0.1 1
369.29 0.1 1
373.21 0.1 1
375.17 0.1 1
383.12 0.1 1
391.12 0.1 1
393.05 0.1 1
398.89 0.1 1
400.98 0.1 1
408.74 0.1 1
410.7 0.1 1
412.71 0.1 1
422.69 0.1 1
424.68 0.1 1
436.49 0.1 1
438.43 0.1 1
440.39 0.1 1
444.29 0.1 1
446.26 0.1 1
456.11 0.1 1
460.05 0.1 1
463.96 0.1 1
466.02 0.1 1
472.05 0.1 1
477.84 0.1 1
479.87 0.1 1
481.72 0.1 1
483.73 0.1 1
489.75 0.1 1
491.58 0.1 1
493.69 0.1 1
497.61 0.1 1
501.47 0.1 1
