4.21 0.1 1
6.06 0.1 1
10.21 0.1 1
12.22 0.1 1
18.03 0.1 1
19.98 0.1 1
22.07 0.1 1
24.07 0.1 1
26.02 0.1 1
33.86 0.1 1
35.82 0.1 1
37.91 0.1 1
41.91 0.1 1
45.79 0.1 1
47.78 0.1 1
49.85 0.1 1
51.8 0.1 1
57.78 0.1 1
67.65 0.1 1
69.59 0.1 1
71.55 0.1 1
73.52 0.1 1
77.54 0.1 1
79.51 0.1 1
81.64 0.1 1
85.53 0.1 1
87.54 0.1 1
89.59 0.1 1
91.48 0.1 1
95.36 0.1 1
107.38 0.1 1
121.19 0.1 1
125.11 0.1 1
127.21 0.1 1
131.23 0.1 1
133.06 0.1 1
135.08 0.1 1
137.06 0.1 1
139.09 0.1 1
144.98 0.1 1
146.97 0.1 1
151.02 0.1 1
153.03 0.1 1
154.85 0.1 1
162.82 0.1 1
166.82 0.1 1
168.74 0.1 1
170.82 0.1 1
172.71 0.1 1
176.74 0.1 1
182.81 0.1 1
184.71 0.1 1
190.6 0.1 1
194.62 0.1 1
198.67 0.1 1
202.53 0.1 1
208.44 0.1 1
214.51 0.1 1
218.36 0.1 1
224.28 0.1 1
228.36 0.1 1
238.13 0.1 1
244.23 0.1 1
246.17 0.1 1
250.14 0.1 1
258.07 0.1 1
260.12 0.1 1
261.96 0.1 1
264.01 0.1 1
265.98 0.1 1
270.03 0.1 1
273.88 0.1 1
275.91 0.1 1
279.96 0.1 1
285.73 0.1 1
289.73 0.1 1
295.74 0.1 1
297.7 0.1 1
299.75 0.1 1
301.62 0.1 1
303.72 0.1 1
305.62 0.1 1
307.67 0.1 1
309.54 0.1 1
325.61 0.1 1
327.46 0.1 1
331.42 0.1 1
333.52 0.1 1
337.5 0.1 1
341.37 0.1 1
349.22 0.1 1
355.17 0.1 1
359.31 0.1 1
361.21 0.1 1
363.16 0.1 1
365.14 0.1 1
371.21 0.1 1
375.01 0.1 1
377.17 0.1 1
384.99 0.1 1
393 0.1 1
394.92 0.1 1
400.77 0.1 1
402.76 0.1 1
410.69 0.1 1
412.86 0.1 1
414.73 0.1 1
424.75 0.1 1
426.65 0.1 1
438.64 0.1 1
440.47 0.1 1
442.64 0.1 1
446.52 0.1 1
448.46 0.1 1
458.5 0.1 1
462.28 0.1 1
466.3 0.1 1
468.33 0.1 1
474.27 0.1 1
480.25 0.1 1
482.17 0.1 1
484.24 0.1 1
486.22 0.1 1
492.17 0.1 1
494.19 0.1 1
496.11 0.1 1
500.11 0.1 1
504.1 0.1 1
