4.14 0.1 1
6.13 0.1 1
10.19 0.1 1
12.1 0.1 1
18.13 0.1 1
20.03 0.1 1
22.13 0.1 1
24.05 0.1 1
25.93 0.1 1
34 0.1 1
35.99 0.1 1
37.99 0.1 1
41.91 0.1 1
45.96 0.1 1
47.92 0.1 1
49.77 0.1 1
51.83 0.1 1
57.76 0.1 1
67.65 0.1 1
69.6 0.1 1
71.57 0.1 1
73.55 0.1 1
77.5 0.1 1
79.55 0.1 1
81.54 0.1 1
85.55 0.1 1
87.47 0.1 1
89.47 0.1 1
91.56 0.1 1
95.51 0.1 1
107.36 0.1 1
121.2 0.1 1
125.15 0.1 1
127.29 0.1 1
131.07 0.1 1
133.04 0.1 1
135.16 0.1 1
137.01 0.1 1
139.16 0.1 1
145.04 0.1 1
147.03 0.1 1
150.98 0.1 1
152.84 0.1 1
155.01 0.1 1
162.76 0.1 1
166.8 0.1 1
168.75 0.1 1
170.9 0.1 1
172.74 0.1 1
176.65 0.1 1
182.75 0.1 1
184.71 0.1 1
190.74 0.1 1
194.58 0.1 1
198.53 0.1 1
202.51 0.1 1
208.55 0.1 1
214.53 0.1 1
218.37 0.1 1
224.34 0.1 1
228.34 0.1 1
238.16 0.1 1
244.26 0.1 1
246.11 0.1 1
250.08 0.1 1
258.15 0.1 1
260.12 0.1 1
261.98 0.1 1
264.02 0.1 1
265.92 0.1 1
269.87 0.1 1
273.99 0.1 1
275.92 0.1 1
279.97 0.1 1
285.86 0.1 1
289.73 0.1 1
295.85 0.1 1
297.8 0.1 1
299.71 0.1 1
301.73 0.1 1
303.78 0.1 1
305.58 0.1 1
307.63 0.1 1
309.72 0.1 1
325.41 0.1 1
327.39 0.1 1
331.56 0.1 1
333.53 0.1 1
337.43 0.1 1
341.33 0.1 1
349.26 0.1 1
355.17 0.1 1
359.2 0.1 1
361.27 0.1 1
363.2 0.1 1
365.14 0.1 1
371.22 0.1 1
375.21 0.1 1
377.04 0.1 1
385.13 0.1 1
392.95 0.1 1
394.96 0.1 1
400.98 0.1 1
402.93 0.1 1
410.9 0.1 1
412.87 0.1 1
414.89 0.1 1
424.77 0.1 1
426.69 0.1 1
438.66 0.1 1
440.58 0.1 1
442.46 0.1 1
446.6 0.1 1
448.62 0.1 1
458.52 0.1 1
462.4 0.1 1
466.39 0.1 1
468.31 0.1 1
474.38 0.1 1
480.28 0.1 1
482.15 0.1 1
484.13 0.1 1
486.2 0.1 1
492.13 0.1 1
494.23 0.1 1
496.13 0.1 1
500.04 0.1 1
504.09 0.1 1
