4.16 0.1 1
6.19 0.1 1
10.13 0.1 1
12.13 0.1 1
18.03 0.1 1
20.03 0.1 1
21.98 0.1 1
24.05 0.1 1
25.92 0.1 1
34 0.1 1
35.87 0.1 1
37.91 0.1 1
41.96 0.1 1
45.77 0.1 1
47.94 0.1 1
49.89 0.1 1
51.76 0.1 1
57.8 0.1 1
67.77 0.1 1
69.67 0.1 1
71.58 0.1 1
73.72 0.1 1
77.57 0.1 1
79.67 0.1 1
81.47 0.1 1
85.47 0.1 1
87.44 0.1 1
89.49 0.1 1
91.42 0.1 1
95.38 0.1 1
107.35 0.1 1
121.25 0.1 1
125.22 0.1 1
127.27 0.1 1
131.17 0.1 1
133.26 0.1 1
135.21 0.1 1
137.16 0.1 1
139.04 0.1 1
145.04 0.1 1
147.03 0.1 1
151.06 0.1 1
152.95 0.1 1
154.9 0.1 1
162.87 0.1 1
166.82 0.1 1
168.8 0.1 1
170.95 0.1 1
172.74 0.1 1
176.75 0.1 1
182.76 0.1 1
184.69 0.1 1
190.61 0.1 1
194.63 0.1 1
198.7 0.1 1
202.62 0.1 1
208.57 0.1 1
214.42 0.1 1
218.4 0.1 1
224.42 0.1 1
228.29 0.1 1
238.38 0.1 1
244.35 0.1 1
246.33 0.1 1
250.26 0.1 1
258.04 0.1 1
260.17 0.1 1
262.07 0.1 1
264.15 0.1 1
266.17 0.1 1
270.01 0.1 1
274.09 0.1 1
276.06 0.1 1
279.99 0.1 1
285.94 0.1 1
289.83 0.1 1
295.87 0.1 1
297.92 0.1 1
299.78 0.1 1
301.73 0.1 1
303.82 0.1 1
305.67 0.1 1
307.69 0.1 1
309.79 0.1 1
325.66 0.1 1
327.64 0.1 1
331.6 0.1 1
333.51 0.1 1
337.48 0.1 1
341.46 0.1 1
349.35 0.1 1
355.37 0.1 1
359.27 0.1 1
361.29 0.1 1
363.34 0.1 1
365.32 0.1 1
371.18 0.1 1
375.09 0.1 1
377.23 0.1 1
384.98 0.1 1
393.02 0.1 1
394.95 0.1 1
401.04 0.1 1
402.95 0.1 1
410.86 0.1 1
412.84 0.1 1
414.77 0.1 1
424.8 0.1 1
426.83 0.1 1
438.7 0.1 1
440.7 0.1 1
442.62 0.1 1
446.52 0.1 1
448.55 0.1 1
458.59 0.1 1
462.46 0.1 1
466.39 0.1 1
468.39 0.1 1
474.38 0.1 1
480.23 0.1 1
482.22 0.1 1
484.38 0.1 1
486.3 0.1 1
492.15 0.1 1
494.24 0.1 1
496.22 0.1 1
500.16 0.1 1
504.04 0.1 1
