4.1 0.1 1
6.08 0.1 1
10.1 0.1 1
12.2 0.1 1
18 0.1 1
20.07 0.1 1
22.06 0.1 1
24.11 0.1 1
25.96 0.1 1
33.99 0.1 1
35.83 0.1 1
38.01 0.1 1
41.85 0.1 1
45.77 0.1 1
47.87 0.1 1
49.73 0.1 1
51.9 0.1 1
57.84 0.1 1
67.74 0.1 1
69.74 0.1 1
71.64 0.1 1
73.64 0.1 1
77.54 0.1 1
79.63 0.1 1
81.51 0.1 1
85.48 0.1 1
87.58 0.1 1
89.48 0.1 1
91.53 0.1 1
95.35 0.1 1
107.31 0.1 1
121.19 0.1 1
125.23 0.1 1
127.23 0.1 1
131.1 0.1 1
133.15 0.1 1
135.06 0.1 1
137.12 0.1 1
139.1 0.1 1
145 0.1 1
147.05 0.1 1
150.9 0.1 1
153.06 0.1 1
154.99 0.1 1
162.96 0.1 1
166.81 0.1 1
168.81 0.1 1
170.86 0.1 1
172.78 0.1 1
176.85 0.1 1
182.65 0.1 1
184.63 0.1 1
190.69 0.1 1
194.6 0.1 1
198.49 0.1 1
202.52 0.1 1
208.61 0.1 1
214.38 0.1 1
218.4 0.1 1
224.28 0.1 1
228.33 0.1 1
238.2 0.1 1
244.29 0.1 1
246.24 0.1 1
250.22 0.1 1
258.16 0.1 1
260.09 0.1 1
262.11 0.1 1
264.13 0.1 1
266.05 0.1 1
269.98 0.1 1
274.07 0.1 1
276 0.1 1
280.02 0.1 1
285.84 0.1 1
289.84 0.1 1
295.91 0.1 1
297.88 0.1 1
299.76 0.1 1
301.79 0.1 1
303.71 0.1 1
305.75 0.1 1
307.76 0.1 1
309.65 0.1 1
325.62 0.1 1
327.6 0.1 1
331.45 0.1 1
333.45 0.1 1
337.47 0.1 1
341.46 0.1 1
349.41 0.1 1
355.38 0.1 1
359.21 0.1 1
361.26 0.1 1
363.32 0.1 1
365.22 0.1 1
371.29 0.1 1
375.22 0.1 1
377.09 0.1 1
385.12 0.1 1
393.04 0.1 1
394.96 0.1 1
400.86 0.1 1
402.95 0.1 1
410.98 0.1 1
412.88 0.1 1
414.95 0.1 1
424.77 0.1 1
426.79 0.1 1
438.58 0.1 1
440.66 0.1 1
442.53 0.1 1
446.65 0.1 1
448.56 0.1 1
458.45 0.1 1
462.55 0.1 1
466.4 0.1 1
468.47 0.1 1
474.47 0.1 1
480.36 0.1 1
482.39 0.1 1
484.28 0.1 1
486.36 0.1 1
492.33 0.1 1
494.11 0.1 1
496.26 0.1 1
500.18 0.1 1
504.2 0.1 1
