4.19 0.1 1
6.21 0.1 1
10.09 0.1 1
12.07 0.1 1
18.13 0.1 1
19.96 0.1 1
22.04 0.1 1
24.01 0.1 1
25.91 0.1 1
34 0.1 1
35.95 0.1 1
37.82 0.1 1
41.82 0.1 1
45.95 0.1 1
47.84 0.1 1
49.76 0.1 1
51.81 0.1 1
57.67 0.1 1
67.73 0.1 1
69.76 0.1 1
71.68 0.1 1
73.6 0.1 1
77.65 0.1 1
79.57 0.1 1
81.5 0.1 1
85.6 0.1 1
87.42 0.1 1
89.57 0.1 1
91.44 0.1 1
95.44 0.1 1
107.31 0.1 1
121.33 0.1 1
125.18 0.1 1
127.13 0.1 1
131.2 0.1 1
133.14 0.1 1
135.2 0.1 1
137.05 0.1 1
139.19 0.1 1
145.07 0.1 1
146.93 0.1 1
150.93 0.1 1
153.04 0.1 1
154.93 0.1 1
162.96 0.1 1
166.9 0.1 1
168.92 0.1 1
170.88 0.1 1
172.74 0.1 1
176.72 0.1 1
182.62 0.1 1
184.66 0.1 1
190.61 0.1 1
194.66 0.1 1
198.53 0.1 1
202.6 0.1 1
208.56 0.1 1
214.45 0.1 1
218.4 0.1 1
224.45 0.1 1
228.27 0.1 1
238.23 0.1 1
244.21 0.1 1
246.16 0.1 1
250.2 0.1 1
258.1 0.1 1
260 0.1 1
262.12 0.1 1
263.97 0.1 1
266.05 0.1 1
269.95 0.1 1
273.99 0.1 1
276.02 0.1 1
279.99 0.1 1
285.83 0.1 1
289.8 0.1 1
295.73 0.1 1
297.67 0.1 1
299.8 0.1 1
301.68 0.1 1
303.68 0.1 1
305.6 0.1 1
307.67 0.1 1
309.7 0.1 1
325.41 0.1 1
327.48 0.1 1
331.44 0.1 1
333.38 0.1 1
337.4 0.1 1
341.42 0.1 1
349.24 0.1 1
355.25 0.1 1
359.2 0.1 1
361.21 0.1 1
363.17 0.1 1
365.11 0.1 1
371.08 0.1 1
375.03 0.1 1
377.18 0.1 1
384.95 0.1 1
393 0.1 1
394.95 0.1 1
400.9 0.1 1
402.89 0.1 1
410.69 0.1 1
412.74 0.1 1
414.81 0.1 1
424.58 0.1 1
426.71 0.1 1
438.52 0.1 1
440.54 0.1 1
442.59 0.1 1
446.5 0.1 1
448.57 0.1 1
458.34 0.1 1
462.28 0.1 1
466.3 0.1 1
468.26 0.1 1
474.26 0.1 1
480.28 0.1 1
482.17 0.1 1
484.22 0.1 1
486.2 0.1 1
492.07 0.1 1
494.22 0.1 1
496.14 0.1 1
500.12 0.1 1
504.11 0.1 1
