4.17 0.1 1
6.08 0.1 1
10.04 0.1 1
12.03 0.1 1
18.16 0.1 1
19.96 0.1 1
21.95 0.1 1
24.03 0.1 1
26.12 0.1 1
33.88 0.1 1
35.97 0.1 1
37.97 0.1 1
41.79 0.1 1
45.92 0.1 1
47.74 0.1 1
49.79 0.1 1
51.83 0.1 1
57.64 0.1 1
67.65 0.1 1
69.55 0.1 1
71.56 0.1 1
73.67 0.1 1
77.5 0.1 1
79.53 0.1 1
81.64 0.1 1
85.4 0.1 1
87.44 0.1 1
89.57 0.1 1
91.37 0.1 1
95.51 0.1 1
107.33 0.1 1
121.12 0.1 1
125.1 0.1 1
127.25 0.1 1
131.2 0.1 1
133.02 0.1 1
135.1 0.1 1
137.11 0.1 1
139.12 0.1 1
144.98 0.1 1
146.93 0.1 1
150.96 0.1 1
152.86 0.1 1
154.98 0.1 1
162.95 0.1 1
166.83 0.1 1
168.85 0.1 1
170.78 0.1 1
172.75 0.1 1
176.85 0.1 1
182.67 0.1 1
184.67 0.1 1
190.69 0.1 1
194.61 0.1 1
198.61 0.1 1
202.63 0.1 1
208.48 0.1 1
214.42 0.1 1
218.49 0.1 1
224.42 0.1 1
228.36 0.1 1
238.16 0.1 1
244.25 0.1 1
246.13 0.1 1
250.13 0.1 1
258.03 0.1 1
260.02 0.1 1
262.12 0.1 1
263.95 0.1 1
266.02 0.1 1
269.9 0.1 1
273.99 0.1 1
276.04 0.1 1
280.01 0.1 1
285.98 0.1 1
289.88 0.1 1
295.7 0.1 1
297.78 0.1 1
299.76 0.1 1
301.85 0.1 1
303.75 0.1 1
305.67 0.1 1
307.8 0.1 1
309.77 0.1 1
325.49 0.1 1
327.51 0.1 1
331.61 0.1 1
333.54 0.1 1
337.45 0.1 1
341.35 0.1 1
349.43 0.1 1
355.42 0.1 1
359.34 0.1 1
361.36 0.1 1
363.36 0.1 1
365.31 0.1 1
371.27 0.1 1
375.13 0.1 1
377.18 0.1 1
385.01 0.1 1
392.93 0.1 1
395.07 0.1 1
400.89 0.1 1
402.94 0.1 1
410.94 0.1 1
412.96 0.1 1
414.87 0.1 1
424.84 0.1 1
426.68 0.1 1
438.67 0.1 1
440.7 0.1 1
442.5 0.1 1
446.62 0.1 1
448.54 0.1 1
458.54 0.1 1
462.52 0.1 1
466.34 0.1 1
468.36 0.1 1
474.33 0.1 1
480.4 0.1 1
482.26 0.1 1
484.18 0.1 1
486.25 0.1 1
492.17 0.1 1
494.12 0.1 1
496.14 0.1 1
500.09 0.1 1
504.04 0.1 1
