4.1 0.1 1
6.14 0.1 1
10.19 0.1 1
12.01 0.1 1
18.1 0.1 1
19.89 0.1 1
21.99 0.1 1
23.91 0.1 1
25.93 0.1 1
33.82 0.1 1
35.74 0.1 1
37.72 0.1 1
41.66 0.1 1
45.56 0.1 1
47.71 0.1 1
49.57 0.1 1
51.55 0.1 1
57.54 0.1 1
67.32 0.1 1
69.39 0.1 1
71.39 0.1 1
73.34 0.1 1
77.25 0.1 1
79.26 0.1 1
81.17 0.1 1
85.09 0.1 1
87.09 0.1 1
89.02 0.1 1
91.01 0.1 1
94.91 0.1 1
106.88 0.1 1
120.84 0.1 1
124.83 0.1 1
126.78 0.1 1
130.6 0.1 1
132.65 0.1 1
134.57 0.1 1
136.56 0.1 1
138.64 0.1 1
144.41 0.1 1
146.55 0.1 1
150.44 0.1 1
152.3 0.1 1
154.26 0.1 1
162.23 0.1 1
166.25 0.1 1
168.22 0.1 1
170.12 0.1 1
172.22 0.1 1
176 0.1 1
182.09 0.1 1
184.07 0.1 1
189.99 0.1 1
193.95 0.1 1
197.82 0.1 1
201.77 0.1 1
207.66 0.1 1
213.77 0.1 1
217.72 0.1 1
223.51 0.1 1
227.48 0.1 1
237.36 0.1 1
243.38 0.1 1
245.3 0.1 1
249.24 0.1 1
257.11 0.1 1
259.11 0.1 1
261.23 0.1 1
263.07 0.1 1
265.19 0.1 1
269.01 0.1 1
272.89 0.1 1
274.91 0.1 1
278.83 0.1 1
284.96 0.1 1
288.78 0.1 1
294.73 0.1 1
296.7 0.1 1
298.74 0.1 1
300.57 0.1 1
302.52 0.1 1
304.68 0.1 1
306.48 0.1 1
308.55 0.1 1
324.4 0.1 1
326.45 0.1 1
330.35 0.1 1
332.2 0.1 1
336.34 0.1 1
340.28 0.1 1
348.17 0.1 1
353.98 0.1 1
357.96 0.1 1
360.07 0.1 1
362.02 0.1 1
363.99 0.1 1
369.94 0.1 1
373.86 0.1 1
375.85 0.1 1
383.62 0.1 1
391.55 0.1 1
393.58 0.1 1
399.46 0.1 1
401.46 0.1 1
409.47 0.1 1
411.42 0.1 1
413.35 0.1 1
423.3 0.1 1
425.15 0.1 1
437.21 0.1 1
439.13 0.1 1
441.12 0.1 1
444.99 0.1 1
446.9 0.1 1
456.81 0.1 1
460.83 0.1 1
464.74 0.1 1
466.82 0.1 1
472.73 0.1 1
478.72 0.1 1
480.66 0.1 1
482.57 0.1 1
484.68 0.1 1
490.57 0.1 1
492.43 0.1 1
494.52 0.1 1
498.44 0.1 1
502.29 0.1 1
