4.28 0.1 1
6.25 0.1 1
10.2 0.1 1
12.17 0.1 1
18.1 0.1 1
20.05 0.1 1
22.04 0.1 1
24.07 0.1 1
25.99 0.1 1
33.86 0.1 1
35.83 0.1 1
37.98 0.1 1
41.76 0.1 1
45.81 0.1 1
47.76 0.1 1
49.81 0.1 1
51.85 0.1 1
57.68 0.1 1
67.59 0.1 1
69.59 0.1 1
71.67 0.1 1
73.64 0.1 1
77.59 0.1 1
79.59 0.1 1
81.44 0.1 1
85.61 0.1 1
87.54 0.1 1
89.44 0.1 1
91.45 0.1 1
95.4 0.1 1
107.3 0.1 1
121.26 0.1 1
125.16 0.1 1
127.16 0.1 1
131.11 0.1 1
133.09 0.1 1
135.15 0.1 1
137.08 0.1 1
139.11 0.1 1
144.98 0.1 1
147.07 0.1 1
151.05 0.1 1
152.87 0.1 1
154.82 0.1 1
162.79 0.1 1
166.79 0.1 1
168.89 0.1 1
170.88 0.1 1
172.69 0.1 1
176.71 0.1 1
182.68 0.1 1
184.75 0.1 1
190.6 0.1 1
194.48 0.1 1
198.47 0.1 1
202.47 0.1 1
208.52 0.1 1
214.37 0.1 1
218.38 0.1 1
224.31 0.1 1
228.38 0.1 1
238.27 0.1 1
244.09 0.1 1
246.19 0.1 1
250.07 0.1 1
257.99 0.1 1
260.07 0.1 1
261.99 0.1 1
264.11 0.1 1
265.99 0.1 1
270 0.1 1
273.88 0.1 1
275.93 0.1 1
279.8 0.1 1
285.77 0.1 1
289.8 0.1 1
295.75 0.1 1
297.74 0.1 1
299.84 0.1 1
301.82 0.1 1
303.67 0.1 1
305.69 0.1 1
307.64 0.1 1
309.64 0.1 1
325.51 0.1 1
327.48 0.1 1
331.47 0.1 1
333.38 0.1 1
337.34 0.1 1
341.34 0.1 1
349.37 0.1 1
355.29 0.1 1
359.33 0.1 1
361.21 0.1 1
363.26 0.1 1
365.18 0.1 1
371.2 0.1 1
375.08 0.1 1
377.08 0.1 1
384.99 0.1 1
392.97 0.1 1
395.02 0.1 1
400.94 0.1 1
402.96 0.1 1
410.86 0.1 1
412.88 0.1 1
414.88 0.1 1
424.67 0.1 1
426.63 0.1 1
438.66 0.1 1
440.61 0.1 1
442.69 0.1 1
446.56 0.1 1
448.51 0.1 1
458.43 0.1 1
462.38 0.1 1
466.33 0.1 1
468.47 0.1 1
474.34 0.1 1
480.31 0.1 1
482.22 0.1 1
484.36 0.1 1
486.34 0.1 1
492.26 0.1 1
494.11 0.1 1
496.11 0.1 1
500.08 0.1 1
504.08 0.1 1
