4.24 0.1 1
6.15 0.1 1
10.07 0.1 1
12.15 0.1 1
18.01 0.1 1
20.02 0.1 1
22.11 0.1 1
24.04 0.1 1
26.01 0.1 1
34 0.1 1
36 0.1 1
38 0.1 1
41.93 0.1 1
45.93 0.1 1
47.82 0.1 1
49.82 0.1 1
51.9 0.1 1
57.82 0.1 1
67.76 0.1 1
69.68 0.1 1
71.64 0.1 1
73.73 0.1 1
77.58 0.1 1
79.51 0.1 1
81.6 0.1 1
85.63 0.1 1
87.48 0.1 1
89.52 0.1 1
91.45 0.1 1
95.35 0.1 1
107.39 0.1 1
121.28 0.1 1
125.31 0.1 1
127.28 0.1 1
131.08 0.1 1
133.2 0.1 1
135.22 0.1 1
137.22 0.1 1
139.12 0.1 1
145.12 0.1 1
146.94 0.1 1
150.92 0.1 1
152.89 0.1 1
155.02 0.1 1
162.98 0.1 1
166.81 0.1 1
168.9 0.1 1
170.8 0.1 1
172.93 0.1 1
176.85 0.1 1
182.69 0.1 1
184.84 0.1 1
190.7 0.1 1
194.59 0.1 1
198.52 0.1 1
202.56 0.1 1
208.51 0.1 1
214.5 0.1 1
218.53 0.1 1
224.32 0.1 1
228.32 0.1 1
238.37 0.1 1
244.32 0.1 1
246.16 0.1 1
250.16 0.1 1
258.16 0.1 1
260.21 0.1 1
262.05 0.1 1
264 0.1 1
266.13 0.1 1
269.97 0.1 1
273.99 0.1 1
275.94 0.1 1
279.94 0.1 1
286.01 0.1 1
289.81 0.1 1
295.89 0.1 1
297.76 0.1 1
299.76 0.1 1
301.78 0.1 1
303.78 0.1 1
305.68 0.1 1
307.81 0.1 1
309.68 0.1 1
325.6 0.1 1
327.5 0.1 1
331.44 0.1 1
333.59 0.1 1
337.38 0.1 1
341.54 0.1 1
349.41 0.1 1
355.38 0.1 1
359.35 0.1 1
361.3 0.1 1
363.3 0.1 1
365.3 0.1 1
371.27 0.1 1
375.27 0.1 1
377.14 0.1 1
385.11 0.1 1
393.13 0.1 1
395.11 0.1 1
400.95 0.1 1
402.95 0.1 1
410.95 0.1 1
412.9 0.1 1
414.75 0.1 1
424.79 0.1 1
426.69 0.1 1
438.6 0.1 1
440.6 0.1 1
442.61 0.1 1
446.55 0.1 1
448.65 0.1 1
458.57 0.1 1
462.42 0.1 1
466.46 0.1 1
468.34 0.1 1
474.38 0.1 1
480.41 0.1 1
482.28 0.1 1
484.28 0.1 1
486.35 0.1 1
492.26 0.1 1
494.12 0.1 1
496.18 0.1 1
500.24 0.1 1
504.14 0.1 1
