4.21 0.1 1
6.23 0.1 1
10.16 0.1 1
12.11 0.1 1
18 0.1 1
20.08 0.1 1
21.98 0.1 1
23.97 0.1 1
26.05 0.1 1
33.99 0.1 1
36.01 0.1 1
37.96 0.1 1
41.82 0.1 1
45.79 0.1 1
47.93 0.1 1
49.81 0.1 1
51.8 0.1 1
57.8 0.1 1
67.63 0.1 1
69.55 0.1 1
71.69 0.1 1
73.55 0.1 1
77.64 0.1 1
79.59 0.1 1
81.66 0.1 1
85.42 0.1 1
87.49 0.1 1
89.47 0.1 1
91.49 0.1 1
95.43 0.1 1
107.38 0.1 1
121.32 0.1 1
125.14 0.1 1
127.29 0.1 1
131.24 0.1 1
133.14 0.1 1
135.22 0.1 1
137.03 0.1 1
139.06 0.1 1
145.03 0.1 1
147.1 0.1 1
151.1 0.1 1
153 0.1 1
154.91 0.1 1
162.84 0.1 1
166.82 0.1 1
168.87 0.1 1
170.94 0.1 1
172.77 0.1 1
176.81 0.1 1
182.82 0.1 1
184.64 0.1 1
190.58 0.1 1
194.75 0.1 1
198.6 0.1 1
202.68 0.1 1
208.58 0.1 1
214.42 0.1 1
218.47 0.1 1
224.37 0.1 1
228.31 0.1 1
238.4 0.1 1
244.26 0.1 1
246.22 0.1 1
250.27 0.1 1
258.14 0.1 1
260.1 0.1 1
262.15 0.1 1
263.99 0.1 1
265.99 0.1 1
270.07 0.1 1
274.01 0.1 1
276.07 0.1 1
279.88 0.1 1
285.91 0.1 1
289.78 0.1 1
295.85 0.1 1
297.9 0.1 1
299.7 0.1 1
301.72 0.1 1
303.83 0.1 1
305.8 0.1 1
307.69 0.1 1
309.64 0.1 1
325.58 0.1 1
327.54 0.1 1
331.53 0.1 1
333.6 0.1 1
337.41 0.1 1
341.38 0.1 1
349.32 0.1 1
355.3 0.1 1
359.34 0.1 1
361.32 0.1 1
363.19 0.1 1
365.31 0.1 1
371.33 0.1 1
375.13 0.1 1
377.18 0.1 1
385.2 0.1 1
393.07 0.1 1
394.97 0.1 1
401.09 0.1 1
402.89 0.1 1
410.92 0.1 1
412.81 0.1 1
414.86 0.1 1
424.85 0.1 1
426.8 0.1 1
438.6 0.1 1
440.63 0.1 1
442.65 0.1 1
446.54 0.1 1
448.64 0.1 1
458.48 0.1 1
462.43 0.1 1
466.53 0.1 1
468.53 0.1 1
474.45 0.1 1
480.27 0.1 1
482.25 0.1 1
484.23 0.1 1
486.37 0.1 1
492.3 0.1 1
494.29 0.1 1
496.17 0.1 1
500.22 0.1 1
504.07 0.1 1
