4.12 0.1 1
6.08 0.1 1
10.22 0.1 1
12.19 0.1 1
18.02 0.1 1
20.04 0.1 1
21.94 0.1 1
24.12 0.1 1
25.93 0.1 1
33.99 0.1 1
35.91 0.1 1
37.96 0.1 1
41.9 0.1 1
45.8 0.1 1
47.78 0.1 1
49.73 0.1 1
51.72 0.1 1
57.77 0.1 1
67.64 0.1 1
69.72 0.1 1
71.69 0.1 1
73.64 0.1 1
77.51 0.1 1
79.56 0.1 1
81.6 0.1 1
85.61 0.1 1
87.5 0.1 1
89.47 0.1 1
91.48 0.1 1
95.39 0.1 1
107.39 0.1 1
121.23 0.1 1
125.25 0.1 1
127.3 0.1 1
131.21 0.1 1
133.2 0.1 1
135.2 0.1 1
137.12 0.1 1
139.05 0.1 1
145.05 0.1 1
146.97 0.1 1
151.1 0.1 1
152.91 0.1 1
154.94 0.1 1
162.91 0.1 1
166.89 0.1 1
168.78 0.1 1
170.86 0.1 1
172.71 0.1 1
176.87 0.1 1
182.65 0.1 1
184.68 0.1 1
190.74 0.1 1
194.56 0.1 1
198.62 0.1 1
202.54 0.1 1
208.43 0.1 1
214.46 0.1 1
218.53 0.1 1
224.32 0.1 1
228.33 0.1 1
238.27 0.1 1
244.31 0.1 1
246.27 0.1 1
250.11 0.1 1
258.16 0.1 1
260.13 0.1 1
262.05 0.1 1
264.18 0.1 1
266.05 0.1 1
270 0.1 1
274.02 0.1 1
276 0.1 1
280.02 0.1 1
285.97 0.1 1
289.92 0.1 1
295.76 0.1 1
297.76 0.1 1
299.81 0.1 1
301.83 0.1 1
303.69 0.1 1
305.65 0.1 1
307.65 0.1 1
309.8 0.1 1
325.64 0.1 1
327.47 0.1 1
331.45 0.1 1
333.49 0.1 1
337.54 0.1 1
341.43 0.1 1
349.33 0.1 1
355.35 0.1 1
359.35 0.1 1
361.28 0.1 1
363.2 0.1 1
365.32 0.1 1
371.14 0.1 1
375.19 0.1 1
377.12 0.1 1
385.02 0.1 1
393.03 0.1 1
394.93 0.1 1
401 0.1 1
402.92 0.1 1
410.92 0.1 1
412.99 0.1 1
414.77 0.1 1
424.81 0.1 1
426.87 0.1 1
438.6 0.1 1
440.56 0.1 1
442.63 0.1 1
446.51 0.1 1
448.52 0.1 1
458.5 0.1 1
462.5 0.1 1
466.54 0.1 1
468.36 0.1 1
474.29 0.1 1
480.36 0.1 1
482.35 0.1 1
484.23 0.1 1
486.21 0.1 1
492.2 0.1 1
494.22 0.1 1
496.28 0.1 1
500.27 0.1 1
504.12 0.1 1
