4.25 0.1 1
6.08 0.1 1
10.03 0.1 1
12.05 0.1 1
17.89 0.1 1
19.95 0.1 1
21.9 0.1 1
23.81 0.1 1
25.86 0.1 1
33.67 0.1 1
35.68 0.1 1
37.73 0.1 1
41.77 0.1 1
45.72 0.1 1
47.5 0.1 1
49.49 0.1 1
51.46 0.1 1
57.45 0.1 1
67.24 0.1 1
69.2 0.1 1
71.19 0.1 1
73.21 0.1 1
77.24 0.1 1
79.21 0.1 1
81.07 0.1 1
85.14 0.1 1
87.11 0.1 1
89 0.1 1
91.03 0.1 1
95.03 0.1 1
106.89 0.1 1
120.54 0.1 1
124.58 0.1 1
126.64 0.1 1
130.57 0.1 1
132.53 0.1 1
134.49 0.1 1
136.5 0.1 1
138.4 0.1 1
144.25 0.1 1
146.31 0.1 1
150.24 0.1 1
152.31 0.1 1
154.3 0.1 1
162.17 0.1 1
166.14 0.1 1
168 0.1 1
170.02 0.1 1
171.91 0.1 1
176.05 0.1 1
181.95 0.1 1
183.9 0.1 1
189.85 0.1 1
193.72 0.1 1
197.69 0.1 1
201.65 0.1 1
207.59 0.1 1
213.51 0.1 1
217.46 0.1 1
223.33 0.1 1
227.37 0.1 1
237.15 0.1 1
243.03 0.1 1
245.06 0.1 1
249 0.1 1
256.92 0.1 1
258.92 0.1 1
260.84 0.1 1
262.74 0.1 1
264.9 0.1 1
268.74 0.1 1
272.71 0.1 1
274.71 0.1 1
278.6 0.1 1
284.57 0.1 1
288.5 0.1 1
294.38 0.1 1
296.35 0.1 1
298.42 0.1 1
300.31 0.1 1
302.37 0.1 1
304.44 0.1 1
306.27 0.1 1
308.3 0.1 1
324.09 0.1 1
326.17 0.1 1
329.91 0.1 1
332.08 0.1 1
335.91 0.1 1
339.91 0.1 1
347.8 0.1 1
353.62 0.1 1
357.54 0.1 1
359.62 0.1 1
361.61 0.1 1
363.49 0.1 1
369.46 0.1 1
373.48 0.1 1
375.35 0.1 1
383.24 0.1 1
391.29 0.1 1
393.3 0.1 1
399.1 0.1 1
401.06 0.1 1
409.05 0.1 1
411 0.1 1
412.85 0.1 1
422.71 0.1 1
424.78 0.1 1
436.63 0.1 1
438.52 0.1 1
440.67 0.1 1
444.42 0.1 1
446.6 0.1 1
456.43 0.1 1
460.34 0.1 1
464.3 0.1 1
466.25 0.1 1
472.05 0.1 1
478.14 0.1 1
479.97 0.1 1
482.1 0.1 1
484.09 0.1 1
489.98 0.1 1
491.94 0.1 1
493.98 0.1 1
497.87 0.1 1
501.68 0.1 1
