4.07 0.1 1
6.04 0.1 1
10.04 0.1 1
12.13 0.1 1
17.97 0.1 1
19.89 0.1 1
22.04 0.1 1
23.88 0.1 1
25.89 0.1 1
33.8 0.1 1
35.67 0.1 1
37.77 0.1 1
41.59 0.1 1
45.75 0.1 1
47.58 0.1 1
49.53 0.1 1
51.64 0.1 1
57.51 0.1 1
67.42 0.1 1
69.36 0.1 1
71.32 0.1 1
73.34 0.1 1
77.25 0.1 1
79.2 0.1 1
81.15 0.1 1
85.05 0.1 1
87.04 0.1 1
89.09 0.1 1
90.98 0.1 1
94.91 0.1 1
106.96 0.1 1
120.82 0.1 1
124.76 0.1 1
126.78 0.1 1
130.68 0.1 1
132.67 0.1 1
134.57 0.1 1
136.52 0.1 1
138.56 0.1 1
144.55 0.1 1
146.48 0.1 1
150.34 0.1 1
152.42 0.1 1
154.24 0.1 1
162.2 0.1 1
166.19 0.1 1
168.12 0.1 1
170.07 0.1 1
172.11 0.1 1
176.03 0.1 1
181.95 0.1 1
184.07 0.1 1
190.01 0.1 1
193.78 0.1 1
197.79 0.1 1
201.81 0.1 1
207.66 0.1 1
213.69 0.1 1
217.59 0.1 1
223.53 0.1 1
227.57 0.1 1
237.41 0.1 1
243.3 0.1 1
245.35 0.1 1
249.19 0.1 1
257.21 0.1 1
259.13 0.1 1
261.22 0.1 1
263.2 0.1 1
265.1 0.1 1
269.02 0.1 1
273.03 0.1 1
275.01 0.1 1
278.95 0.1 1
284.79 0.1 1
288.81 0.1 1
294.8 0.1 1
296.64 0.1 1
298.62 0.1 1
300.57 0.1 1
302.73 0.1 1
304.53 0.1 1
306.51 0.1 1
308.51 0.1 1
324.46 0.1 1
326.42 0.1 1
330.22 0.1 1
332.24 0.1 1
336.16 0.1 1
340.16 0.1 1
348.17 0.1 1
354.14 0.1 1
358.1 0.1 1
360.07 0.1 1
362.04 0.1 1
364.02 0.1 1
369.78 0.1 1
373.75 0.1 1
375.68 0.1 1
383.61 0.1 1
391.67 0.1 1
393.69 0.1 1
399.56 0.1 1
401.43 0.1 1
409.42 0.1 1
411.4 0.1 1
413.42 0.1 1
423.28 0.1 1
425.15 0.1 1
437.15 0.1 1
439.1 0.1 1
441.18 0.1 1
444.97 0.1 1
447.11 0.1 1
456.93 0.1 1
460.92 0.1 1
464.82 0.1 1
466.73 0.1 1
472.75 0.1 1
478.59 0.1 1
480.72 0.1 1
482.66 0.1 1
484.66 0.1 1
490.62 0.1 1
492.57 0.1 1
494.56 0.1 1
498.39 0.1 1
502.43 0.1 1
