4.17 0.1 1
6.1 0.1 1
10.09 0.1 1
12.1 0.1 1
18.17 0.1 1
19.99 0.1 1
22.09 0.1 1
24.07 0.1 1
26.07 0.1 1
33.88 0.1 1
35.88 0.1 1
37.85 0.1 1
41.93 0.1 1
45.75 0.1 1
47.88 0.1 1
49.72 0.1 1
51.9 0.1 1
57.79 0.1 1
67.67 0.1 1
69.56 0.1 1
71.61 0.1 1
73.53 0.1 1
77.69 0.1 1
79.68 0.1 1
81.51 0.1 1
85.53 0.1 1
87.61 0.1 1
89.42 0.1 1
91.48 0.1 1
95.42 0.1 1
107.36 0.1 1
121.16 0.1 1
125.23 0.1 1
127.25 0.1 1
131.06 0.1 1
133.05 0.1 1
135.15 0.1 1
137.2 0.1 1
139.15 0.1 1
145.05 0.1 1
147.12 0.1 1
150.94 0.1 1
152.89 0.1 1
154.84 0.1 1
162.84 0.1 1
166.83 0.1 1
168.83 0.1 1
170.74 0.1 1
172.88 0.1 1
176.86 0.1 1
182.66 0.1 1
184.78 0.1 1
190.63 0.1 1
194.65 0.1 1
198.62 0.1 1
202.57 0.1 1
208.59 0.1 1
214.56 0.1 1
218.43 0.1 1
224.4 0.1 1
228.28 0.1 1
238.25 0.1 1
244.12 0.1 1
246.31 0.1 1
250.14 0.1 1
258.16 0.1 1
260.08 0.1 1
262.18 0.1 1
264.16 0.1 1
265.95 0.1 1
270.08 0.1 1
273.88 0.1 1
276.02 0.1 1
279.83 0.1 1
285.82 0.1 1
289.95 0.1 1
295.71 0.1 1
297.79 0.1 1
299.71 0.1 1
301.66 0.1 1
303.76 0.1 1
305.73 0.1 1
307.69 0.1 1
309.68 0.1 1
325.67 0.1 1
327.62 0.1 1
331.55 0.1 1
333.45 0.1 1
337.52 0.1 1
341.42 0.1 1
349.29 0.1 1
355.28 0.1 1
359.31 0.1 1
361.25 0.1 1
363.13 0.1 1
365.26 0.1 1
371.07 0.1 1
375.13 0.1 1
377.1 0.1 1
385.01 0.1 1
393.02 0.1 1
395.06 0.1 1
401 0.1 1
402.88 0.1 1
410.8 0.1 1
412.88 0.1 1
414.9 0.1 1
424.69 0.1 1
426.7 0.1 1
438.54 0.1 1
440.54 0.1 1
442.59 0.1 1
446.63 0.1 1
448.63 0.1 1
458.57 0.1 1
462.43 0.1 1
466.5 0.1 1
468.49 0.1 1
474.4 0.1 1
480.27 0.1 1
482.29 0.1 1
484.27 0.1 1
486.21 0.1 1
492.28 0.1 1
494.19 0.1 1
496.06 0.1 1
500.1 0.1 1
504.03 0.1 1
