4.18 0.1 1
6.15 0.1 1
10.13 0.1 1
12.02 0.1 1
17.97 0.1 1
19.95 0.1 1
22.05 0.1 1
24.11 0.1 1
26.07 0.1 1
33.84 0.1 1
35.99 0.1 1
37.83 0.1 1
41.91 0.1 1
45.93 0.1 1
47.76 0.1 1
49.81 0.1 1
51.88 0.1 1
57.78 0.1 1
67.69 0.1 1
69.7 0.1 1
71.62 0.1 1
73.67 0.1 1
77.57 0.1 1
79.49 0.1 1
81.64 0.1 1
85.61 0.1 1
87.41 0.1 1
89.43 0.1 1
91.45 0.1 1
95.4 0.1 1
107.33 0.1 1
121.17 0.1 1
125.28 0.1 1
127.23 0.1 1
131.03 0.1 1
133.15 0.1 1
135.06 0.1 1
137.03 0.1 1
138.96 0.1 1
145.05 0.1 1
146.97 0.1 1
150.9 0.1 1
152.87 0.1 1
155.02 0.1 1
162.81 0.1 1
166.77 0.1 1
168.91 0.1 1
170.74 0.1 1
172.71 0.1 1
176.68 0.1 1
182.63 0.1 1
184.65 0.1 1
190.53 0.1 1
194.55 0.1 1
198.67 0.1 1
202.55 0.1 1
208.42 0.1 1
214.39 0.1 1
218.46 0.1 1
224.31 0.1 1
228.35 0.1 1
238.28 0.1 1
244.25 0.1 1
246.15 0.1 1
250.19 0.1 1
258.04 0.1 1
260.09 0.1 1
262.14 0.1 1
263.98 0.1 1
266.13 0.1 1
269.91 0.1 1
273.93 0.1 1
275.86 0.1 1
279.88 0.1 1
285.92 0.1 1
289.79 0.1 1
295.89 0.1 1
297.74 0.1 1
299.81 0.1 1
301.81 0.1 1
303.77 0.1 1
305.61 0.1 1
307.74 0.1 1
309.69 0.1 1
325.56 0.1 1
327.45 0.1 1
331.6 0.1 1
333.49 0.1 1
337.54 0.1 1
341.42 0.1 1
349.46 0.1 1
355.26 0.1 1
359.31 0.1 1
361.21 0.1 1
363.26 0.1 1
365.28 0.1 1
371.25 0.1 1
375.1 0.1 1
377.1 0.1 1
385.05 0.1 1
393.07 0.1 1
395.01 0.1 1
400.89 0.1 1
402.83 0.1 1
410.86 0.1 1
412.83 0.1 1
414.73 0.1 1
424.67 0.1 1
426.74 0.1 1
438.71 0.1 1
440.67 0.1 1
442.54 0.1 1
446.64 0.1 1
448.51 0.1 1
458.38 0.1 1
462.47 0.1 1
466.52 0.1 1
468.49 0.1 1
474.29 0.1 1
480.31 0.1 1
482.21 0.1 1
484.24 0.1 1
486.36 0.1 1
492.21 0.1 1
494.09 0.1 1
496.28 0.1 1
500.13 0.1 1
504.1 0.1 1
