4.12 0.1 1
6.25 0.1 1
10.17 0.1 1
12.04 0.1 1
18.01 0.1 1
20.11 0.1 1
21.99 0.1 1
23.96 0.1 1
26.03 0.1 1
33.85 0.1 1
35.91 0.1 1
37.96 0.1 1
41.81 0.1 1
45.75 0.1 1
47.88 0.1 1
49.92 0.1 1
51.89 0.1 1
57.84 0.1 1
67.74 0.1 1
69.72 0.1 1
71.61 0.1 1
73.56 0.1 1
77.5 0.1 1
79.68 0.1 1
81.55 0.1 1
85.46 0.1 1
87.5 0.1 1
89.47 0.1 1
91.38 0.1 1
95.48 0.1 1
107.36 0.1 1
121.31 0.1 1
125.25 0.1 1
127.25 0.1 1
131.2 0.1 1
133.06 0.1 1
135.15 0.1 1
137.12 0.1 1
139.17 0.1 1
145.12 0.1 1
147.09 0.1 1
150.94 0.1 1
152.97 0.1 1
155.02 0.1 1
162.84 0.1 1
166.81 0.1 1
168.91 0.1 1
170.76 0.1 1
172.86 0.1 1
176.8 0.1 1
182.73 0.1 1
184.77 0.1 1
190.6 0.1 1
194.52 0.1 1
198.69 0.1 1
202.47 0.1 1
208.49 0.1 1
214.4 0.1 1
218.45 0.1 1
224.35 0.1 1
228.43 0.1 1
238.3 0.1 1
244.22 0.1 1
246.19 0.1 1
250.27 0.1 1
258.04 0.1 1
260.08 0.1 1
262.16 0.1 1
264.05 0.1 1
266.08 0.1 1
269.95 0.1 1
273.98 0.1 1
275.95 0.1 1
280.02 0.1 1
285.8 0.1 1
289.87 0.1 1
295.74 0.1 1
297.69 0.1 1
299.84 0.1 1
301.68 0.1 1
303.64 0.1 1
305.81 0.1 1
307.66 0.1 1
309.63 0.1 1
325.52 0.1 1
327.59 0.1 1
331.57 0.1 1
333.5 0.1 1
337.39 0.1 1
341.44 0.1 1
349.46 0.1 1
355.35 0.1 1
359.35 0.1 1
361.33 0.1 1
363.15 0.1 1
365.33 0.1 1
371.2 0.1 1
375.14 0.1 1
377.2 0.1 1
384.99 0.1 1
392.94 0.1 1
394.98 0.1 1
400.88 0.1 1
402.9 0.1 1
410.77 0.1 1
412.85 0.1 1
414.85 0.1 1
424.85 0.1 1
426.72 0.1 1
438.59 0.1 1
440.58 0.1 1
442.69 0.1 1
446.58 0.1 1
448.6 0.1 1
458.47 0.1 1
462.38 0.1 1
466.45 0.1 1
468.37 0.1 1
474.41 0.1 1
480.29 0.1 1
482.26 0.1 1
484.33 0.1 1
486.21 0.1 1
492.16 0.1 1
494.23 0.1 1
496.21 0.1 1
500.17 0.1 1
504.08 0.1 1
