4.18 0.1 1
6.24 0.1 1
10.04 0.1 1
12.03 0.1 1
18.01 0.1 1
20 0.1 1
22.1 0.1 1
23.98 0.1 1
25.98 0.1 1
34.05 0.1 1
35.97 0.1 1
37.95 0.1 1
41.89 0.1 1
45.87 0.1 1
47.84 0.1 1
49.83 0.1 1
51.84 0.1 1
57.68 0.1 1
67.63 0.1 1
69.73 0.1 1
71.58 0.1 1
73.62 0.1 1
77.7 0.1 1
79.69 0.1 1
81.6 0.1 1
85.44 0.1 1
87.49 0.1 1
89.47 0.1 1
91.57 0.1 1
95.54 0.1 1
107.3 0.1 1
121.2 0.1 1
125.25 0.1 1
127.14 0.1 1
131.1 0.1 1
133.11 0.1 1
135.06 0.1 1
137.19 0.1 1
139.16 0.1 1
145.01 0.1 1
147 0.1 1
151.05 0.1 1
153.03 0.1 1
155 0.1 1
162.88 0.1 1
166.88 0.1 1
168.95 0.1 1
170.85 0.1 1
172.92 0.1 1
176.74 0.1 1
182.66 0.1 1
184.72 0.1 1
190.64 0.1 1
194.75 0.1 1
198.65 0.1 1
202.56 0.1 1
208.48 0.1 1
214.49 0.1 1
218.52 0.1 1
224.31 0.1 1
228.37 0.1 1
238.4 0.1 1
244.28 0.1 1
246.15 0.1 1
250.18 0.1 1
258.2 0.1 1
260.04 0.1 1
262.2 0.1 1
264.1 0.1 1
266.04 0.1 1
269.97 0.1 1
274.07 0.1 1
275.91 0.1 1
279.99 0.1 1
285.85 0.1 1
289.85 0.1 1
295.83 0.1 1
297.73 0.1 1
299.7 0.1 1
301.83 0.1 1
303.69 0.1 1
305.79 0.1 1
307.75 0.1 1
309.8 0.1 1
325.54 0.1 1
327.61 0.1 1
331.51 0.1 1
333.56 0.1 1
337.43 0.1 1
341.4 0.1 1
349.35 0.1 1
355.32 0.1 1
359.29 0.1 1
361.32 0.1 1
363.37 0.1 1
365.27 0.1 1
371.31 0.1 1
375.24 0.1 1
377.23 0.1 1
385.12 0.1 1
392.98 0.1 1
395.07 0.1 1
401.05 0.1 1
402.94 0.1 1
410.96 0.1 1
412.91 0.1 1
414.96 0.1 1
424.73 0.1 1
426.81 0.1 1
438.75 0.1 1
440.58 0.1 1
442.57 0.1 1
446.62 0.1 1
448.57 0.1 1
458.52 0.1 1
462.54 0.1 1
466.53 0.1 1
468.41 0.1 1
474.31 0.1 1
480.4 0.1 1
482.33 0.1 1
484.2 0.1 1
486.25 0.1 1
492.15 0.1 1
494.19 0.1 1
496.25 0.1 1
500.11 0.1 1
504.16 0.1 1
