4.14 0.1 1
6.21 0.1 1
10.04 0.1 1
12.23 0.1 1
18.14 0.1 1
20.15 0.1 1
21.95 0.1 1
24 0.1 1
26 0.1 1
33.88 0.1 1
35.97 0.1 1
37.82 0.1 1
41.9 0.1 1
45.84 0.1 1
47.91 0.1 1
49.91 0.1 1
51.81 0.1 1
57.84 0.1 1
67.58 0.1 1
69.61 0.1 1
71.68 0.1 1
73.62 0.1 1
77.57 0.1 1
79.57 0.1 1
81.62 0.1 1
85.5 0.1 1
87.62 0.1 1
89.5 0.1 1
91.54 0.1 1
95.56 0.1 1
107.38 0.1 1
121.28 0.1 1
125.28 0.1 1
127.19 0.1 1
131.1 0.1 1
133.14 0.1 1
135.24 0.1 1
137.21 0.1 1
139.01 0.1 1
145.06 0.1 1
147.11 0.1 1
151.04 0.1 1
152.91 0.1 1
154.91 0.1 1
162.93 0.1 1
166.92 0.1 1
168.93 0.1 1
170.82 0.1 1
172.8 0.1 1
176.72 0.1 1
182.72 0.1 1
184.76 0.1 1
190.68 0.1 1
194.71 0.1 1
198.61 0.1 1
202.55 0.1 1
208.53 0.1 1
214.47 0.1 1
218.5 0.1 1
224.49 0.1 1
228.32 0.1 1
238.29 0.1 1
244.21 0.1 1
246.13 0.1 1
250.26 0.1 1
258.13 0.1 1
260.22 0.1 1
262.15 0.1 1
264.05 0.1 1
265.97 0.1 1
270.07 0.1 1
273.96 0.1 1
276.07 0.1 1
279.98 0.1 1
285.79 0.1 1
289.8 0.1 1
295.81 0.1 1
297.8 0.1 1
299.73 0.1 1
301.73 0.1 1
303.63 0.1 1
305.67 0.1 1
307.72 0.1 1
309.79 0.1 1
325.61 0.1 1
327.63 0.1 1
331.48 0.1 1
333.46 0.1 1
337.5 0.1 1
341.38 0.1 1
349.43 0.1 1
355.42 0.1 1
359.35 0.1 1
361.27 0.1 1
363.19 0.1 1
365.31 0.1 1
371.12 0.1 1
375.13 0.1 1
377.21 0.1 1
385.16 0.1 1
393 0.1 1
394.98 0.1 1
400.85 0.1 1
402.94 0.1 1
410.86 0.1 1
412.79 0.1 1
414.74 0.1 1
424.73 0.1 1
426.68 0.1 1
438.58 0.1 1
440.55 0.1 1
442.7 0.1 1
446.6 0.1 1
448.49 0.1 1
458.44 0.1 1
462.34 0.1 1
466.48 0.1 1
468.36 0.1 1
474.4 0.1 1
480.3 0.1 1
482.38 0.1 1
484.17 0.1 1
486.25 0.1 1
492.12 0.1 1
494.19 0.1 1
496.24 0.1 1
500.04 0.1 1
504.16 0.1 1
