4.22 0.1 1
6.11 0.1 1
10.21 0.1 1
12.06 0.1 1
17.98 0.1 1
20.16 0.1 1
22.11 0.1 1
23.98 0.1 1
26 0.1 1
34.02 0.1 1
35.97 0.1 1
37.89 0.1 1
41.97 0.1 1
45.84 0.1 1
47.72 0.1 1
49.74 0.1 1
51.77 0.1 1
57.79 0.1 1
67.68 0.1 1
69.56 0.1 1
71.67 0.1 1
73.55 0.1 1
77.55 0.1 1
79.57 0.1 1
81.59 0.1 1
85.52 0.1 1
87.41 0.1 1
89.44 0.1 1
91.44 0.1 1
95.46 0.1 1
107.25 0.1 1
121.3 0.1 1
125.14 0.1 1
127.09 0.1 1
131.02 0.1 1
133.12 0.1 1
135.17 0.1 1
137.01 0.1 1
139.02 0.1 1
144.98 0.1 1
147.01 0.1 1
150.91 0.1 1
152.96 0.1 1
154.88 0.1 1
162.85 0.1 1
166.9 0.1 1
168.8 0.1 1
170.8 0.1 1
172.7 0.1 1
176.79 0.1 1
182.61 0.1 1
184.62 0.1 1
190.64 0.1 1
194.56 0.1 1
198.53 0.1 1
202.58 0.1 1
208.52 0.1 1
214.47 0.1 1
218.29 0.1 1
224.27 0.1 1
228.27 0.1 1
238.24 0.1 1
244.11 0.1 1
246.05 0.1 1
250.13 0.1 1
258.07 0.1 1
259.99 0.1 1
261.94 0.1 1
263.94 0.1 1
266.04 0.1 1
269.82 0.1 1
273.84 0.1 1
275.91 0.1 1
279.81 0.1 1
285.86 0.1 1
289.78 0.1 1
295.71 0.1 1
297.6 0.1 1
299.73 0.1 1
301.63 0.1 1
303.6 0.1 1
305.67 0.1 1
307.58 0.1 1
309.49 0.1 1
325.56 0.1 1
327.44 0.1 1
331.41 0.1 1
333.43 0.1 1
337.26 0.1 1
341.38 0.1 1
349.3 0.1 1
355.15 0.1 1
359.14 0.1 1
361.15 0.1 1
363.17 0.1 1
365.19 0.1 1
371.16 0.1 1
375.14 0.1 1
377.13 0.1 1
385.06 0.1 1
392.95 0.1 1
394.88 0.1 1
400.9 0.1 1
402.87 0.1 1
410.72 0.1 1
412.79 0.1 1
414.64 0.1 1
424.68 0.1 1
426.68 0.1 1
438.43 0.1 1
440.48 0.1 1
442.52 0.1 1
446.44 0.1 1
448.35 0.1 1
458.47 0.1 1
462.39 0.1 1
466.39 0.1 1
468.36 0.1 1
474.16 0.1 1
480.21 0.1 1
482.27 0.1 1
484.17 0.1 1
486.07 0.1 1
492.07 0.1 1
494.09 0.1 1
496.14 0.1 1
499.94 0.1 1
504.04 0.1 1
