4.09 0.1 1
6.26 0.1 1
10.12 0.1 1
12.04 0.1 1
18.13 0.1 1
20.13 0.1 1
21.95 0.1 1
24.03 0.1 1
25.93 0.1 1
34.02 0.1 1
35.93 0.1 1
37.83 0.1 1
41.97 0.1 1
45.94 0.1 1
47.85 0.1 1
49.72 0.1 1
51.79 0.1 1
57.72 0.1 1
67.66 0.1 1
69.66 0.1 1
71.61 0.1 1
73.65 0.1 1
77.68 0.1 1
79.53 0.1 1
81.47 0.1 1
85.55 0.1 1
87.58 0.1 1
89.59 0.1 1
91.44 0.1 1
95.37 0.1 1
107.28 0.1 1
121.2 0.1 1
125.31 0.1 1
127.12 0.1 1
131.08 0.1 1
133.19 0.1 1
135.05 0.1 1
137.22 0.1 1
139.1 0.1 1
145.06 0.1 1
147.04 0.1 1
150.92 0.1 1
153.04 0.1 1
155.03 0.1 1
162.86 0.1 1
166.81 0.1 1
168.86 0.1 1
170.76 0.1 1
172.83 0.1 1
176.77 0.1 1
182.67 0.1 1
184.64 0.1 1
190.57 0.1 1
194.61 0.1 1
198.54 0.1 1
202.54 0.1 1
208.53 0.1 1
214.48 0.1 1
218.47 0.1 1
224.5 0.1 1
228.27 0.1 1
238.39 0.1 1
244.17 0.1 1
246.24 0.1 1
250.09 0.1 1
258.23 0.1 1
260.2 0.1 1
262.03 0.1 1
264.18 0.1 1
266.08 0.1 1
269.98 0.1 1
274.08 0.1 1
276.07 0.1 1
279.85 0.1 1
285.87 0.1 1
289.97 0.1 1
295.76 0.1 1
297.71 0.1 1
299.76 0.1 1
301.81 0.1 1
303.8 0.1 1
305.83 0.1 1
307.63 0.1 1
309.67 0.1 1
325.69 0.1 1
327.67 0.1 1
331.52 0.1 1
333.62 0.1 1
337.42 0.1 1
341.41 0.1 1
349.48 0.1 1
355.41 0.1 1
359.32 0.1 1
361.25 0.1 1
363.2 0.1 1
365.32 0.1 1
371.3 0.1 1
375.25 0.1 1
377.15 0.1 1
385.09 0.1 1
393.01 0.1 1
394.98 0.1 1
400.95 0.1 1
403.01 0.1 1
410.88 0.1 1
412.83 0.1 1
414.92 0.1 1
424.71 0.1 1
426.76 0.1 1
438.58 0.1 1
440.69 0.1 1
442.71 0.1 1
446.61 0.1 1
448.6 0.1 1
458.52 0.1 1
462.59 0.1 1
466.39 0.1 1
468.39 0.1 1
474.46 0.1 1
480.43 0.1 1
482.33 0.1 1
484.23 0.1 1
486.19 0.1 1
492.2 0.1 1
494.3 0.1 1
496.25 0.1 1
500.12 0.1 1
504.17 0.1 1
