4.08 0.1 1
6.19 0.1 1
10.08 0.1 1
12.16 0.1 1
18.05 0.1 1
19.95 0.1 1
22.02 0.1 1
23.95 0.1 1
26.02 0.1 1
34.04 0.1 1
35.99 0.1 1
37.91 0.1 1
41.89 0.1 1
45.79 0.1 1
47.86 0.1 1
49.83 0.1 1
51.83 0.1 1
57.81 0.1 1
67.75 0.1 1
69.6 0.1 1
71.57 0.1 1
73.54 0.1 1
77.64 0.1 1
79.49 0.1 1
81.62 0.1 1
85.44 0.1 1
87.47 0.1 1
89.49 0.1 1
91.53 0.1 1
95.46 0.1 1
107.28 0.1 1
121.14 0.1 1
125.24 0.1 1
127.16 0.1 1
131.07 0.1 1
133.02 0.1 1
135.09 0.1 1
136.99 0.1 1
139.01 0.1 1
144.96 0.1 1
147.03 0.1 1
150.85 0.1 1
152.91 0.1 1
154.98 0.1 1
162.77 0.1 1
166.8 0.1 1
168.75 0.1 1
170.74 0.1 1
172.74 0.1 1
176.64 0.1 1
182.78 0.1 1
184.64 0.1 1
190.63 0.1 1
194.58 0.1 1
198.51 0.1 1
202.47 0.1 1
208.47 0.1 1
214.47 0.1 1
218.32 0.1 1
224.43 0.1 1
228.34 0.1 1
238.3 0.1 1
244.16 0.1 1
246.17 0.1 1
250.17 0.1 1
258.05 0.1 1
260.12 0.1 1
262.14 0.1 1
264.06 0.1 1
266.02 0.1 1
269.88 0.1 1
274.03 0.1 1
275.88 0.1 1
279.96 0.1 1
285.85 0.1 1
289.87 0.1 1
295.75 0.1 1
297.82 0.1 1
299.7 0.1 1
301.79 0.1 1
303.65 0.1 1
305.64 0.1 1
307.67 0.1 1
309.67 0.1 1
325.56 0.1 1
327.41 0.1 1
331.56 0.1 1
333.4 0.1 1
337.5 0.1 1
341.35 0.1 1
349.42 0.1 1
355.22 0.1 1
359.21 0.1 1
361.32 0.1 1
363.16 0.1 1
365.23 0.1 1
371.16 0.1 1
375.13 0.1 1
377.15 0.1 1
385.05 0.1 1
392.9 0.1 1
395.05 0.1 1
400.92 0.1 1
402.82 0.1 1
410.84 0.1 1
412.91 0.1 1
414.71 0.1 1
424.65 0.1 1
426.63 0.1 1
438.54 0.1 1
440.62 0.1 1
442.65 0.1 1
446.52 0.1 1
448.51 0.1 1
458.51 0.1 1
462.53 0.1 1
466.3 0.1 1
468.3 0.1 1
474.32 0.1 1
480.19 0.1 1
482.27 0.1 1
484.3 0.1 1
486.29 0.1 1
492.21 0.1 1
494.17 0.1 1
496.24 0.1 1
500.11 0.1 1
504.04 0.1 1
