4.25 0.1 1
6.06 0.1 1
10.21 0.1 1
12.21 0.1 1
18.17 0.1 1
20.13 0.1 1
21.95 0.1 1
24.1 0.1 1
25.94 0.1 1
33.99 0.1 1
35.89 0.1 1
37.92 0.1 1
41.89 0.1 1
45.79 0.1 1
47.74 0.1 1
49.86 0.1 1
51.76 0.1 1
57.78 0.1 1
67.73 0.1 1
69.6 0.1 1
71.7 0.1 1
73.6 0.1 1
77.52 0.1 1
79.56 0.1 1
81.51 0.1 1
85.61 0.1 1
87.42 0.1 1
89.58 0.1 1
91.46 0.1 1
95.44 0.1 1
107.28 0.1 1
121.27 0.1 1
125.24 0.1 1
127.17 0.1 1
131.24 0.1 1
133.22 0.1 1
135.14 0.1 1
137.21 0.1 1
139.08 0.1 1
145.04 0.1 1
146.93 0.1 1
151 0.1 1
153.06 0.1 1
154.97 0.1 1
162.85 0.1 1
166.95 0.1 1
168.95 0.1 1
170.9 0.1 1
172.79 0.1 1
176.71 0.1 1
182.69 0.1 1
184.76 0.1 1
190.73 0.1 1
194.66 0.1 1
198.58 0.1 1
202.48 0.1 1
208.57 0.1 1
214.49 0.1 1
218.52 0.1 1
224.47 0.1 1
228.43 0.1 1
238.25 0.1 1
244.3 0.1 1
246.28 0.1 1
250.18 0.1 1
258.13 0.1 1
260.15 0.1 1
262.04 0.1 1
264.17 0.1 1
266.02 0.1 1
269.96 0.1 1
274.01 0.1 1
275.98 0.1 1
279.93 0.1 1
286.01 0.1 1
289.83 0.1 1
295.85 0.1 1
297.77 0.1 1
299.77 0.1 1
301.72 0.1 1
303.69 0.1 1
305.75 0.1 1
307.67 0.1 1
309.82 0.1 1
325.56 0.1 1
327.68 0.1 1
331.53 0.1 1
333.61 0.1 1
337.55 0.1 1
341.5 0.1 1
349.43 0.1 1
355.29 0.1 1
359.39 0.1 1
361.2 0.1 1
363.32 0.1 1
365.31 0.1 1
371.26 0.1 1
375.21 0.1 1
377.26 0.1 1
385.06 0.1 1
392.98 0.1 1
395.07 0.1 1
401.07 0.1 1
402.9 0.1 1
410.99 0.1 1
412.77 0.1 1
414.79 0.1 1
424.88 0.1 1
426.73 0.1 1
438.63 0.1 1
440.57 0.1 1
442.58 0.1 1
446.58 0.1 1
448.65 0.1 1
458.51 0.1 1
462.39 0.1 1
466.36 0.1 1
468.49 0.1 1
474.36 0.1 1
480.36 0.1 1
482.38 0.1 1
484.27 0.1 1
486.22 0.1 1
492.33 0.1 1
494.17 0.1 1
496.3 0.1 1
500.14 0.1 1
504.16 0.1 1
