4.23 0.1 1
6.08 0.1 1
10.05 0.1 1
12.12 0.1 1
18.1 0.1 1
20 0.1 1
21.94 0.1 1
24.11 0.1 1
26.02 0.1 1
34.04 0.1 1
35.86 0.1 1
37.84 0.1 1
41.8 0.1 1
45.93 0.1 1
47.73 0.1 1
49.78 0.1 1
51.75 0.1 1
57.77 0.1 1
67.64 0.1 1
69.57 0.1 1
71.56 0.1 1
73.67 0.1 1
77.56 0.1 1
79.46 0.1 1
81.63 0.1 1
85.41 0.1 1
87.55 0.1 1
89.55 0.1 1
91.4 0.1 1
95.53 0.1 1
107.42 0.1 1
121.16 0.1 1
125.26 0.1 1
127.23 0.1 1
131.11 0.1 1
133.2 0.1 1
135.18 0.1 1
137.13 0.1 1
139.12 0.1 1
144.92 0.1 1
146.97 0.1 1
150.87 0.1 1
152.89 0.1 1
154.99 0.1 1
162.92 0.1 1
166.74 0.1 1
168.69 0.1 1
170.83 0.1 1
172.84 0.1 1
176.73 0.1 1
182.58 0.1 1
184.63 0.1 1
190.62 0.1 1
194.64 0.1 1
198.57 0.1 1
202.59 0.1 1
208.34 0.1 1
214.31 0.1 1
218.33 0.1 1
224.21 0.1 1
228.33 0.1 1
238.29 0.1 1
244.21 0.1 1
246.02 0.1 1
250.07 0.1 1
258.13 0.1 1
260.09 0.1 1
262.08 0.1 1
263.98 0.1 1
265.9 0.1 1
270.01 0.1 1
273.85 0.1 1
275.78 0.1 1
279.83 0.1 1
285.87 0.1 1
289.87 0.1 1
295.67 0.1 1
297.68 0.1 1
299.73 0.1 1
301.59 0.1 1
303.61 0.1 1
305.68 0.1 1
307.73 0.1 1
309.56 0.1 1
325.4 0.1 1
327.49 0.1 1
331.47 0.1 1
333.37 0.1 1
337.34 0.1 1
341.41 0.1 1
349.31 0.1 1
355.18 0.1 1
359.25 0.1 1
361.2 0.1 1
363.2 0.1 1
365.2 0.1 1
371.1 0.1 1
375.05 0.1 1
377.14 0.1 1
385.01 0.1 1
392.88 0.1 1
394.91 0.1 1
400.9 0.1 1
402.78 0.1 1
410.8 0.1 1
412.85 0.1 1
414.8 0.1 1
424.64 0.1 1
426.72 0.1 1
438.58 0.1 1
440.44 0.1 1
442.6 0.1 1
446.53 0.1 1
448.43 0.1 1
458.32 0.1 1
462.32 0.1 1
466.37 0.1 1
468.36 0.1 1
474.32 0.1 1
480.21 0.1 1
482.21 0.1 1
484.11 0.1 1
486.25 0.1 1
492.06 0.1 1
494.08 0.1 1
496.13 0.1 1
500.04 0.1 1
504 0.1 1
