4.24 0.1 1
6.07 0.1 1
10.01 0.1 1
12.09 0.1 1
17.92 0.1 1
19.97 0.1 1
22 0.1 1
23.94 0.1 1
25.91 0.1 1
33.88 0.1 1
35.75 0.1 1
37.75 0.1 1
41.66 0.1 1
45.66 0.1 1
47.65 0.1 1
49.65 0.1 1
51.53 0.1 1
57.56 0.1 1
67.3 0.1 1
69.37 0.1 1
71.44 0.1 1
73.39 0.1 1
77.34 0.1 1
79.26 0.1 1
81.18 0.1 1
85.08 0.1 1
87.04 0.1 1
89.12 0.1 1
91.09 0.1 1
95.01 0.1 1
106.89 0.1 1
120.8 0.1 1
124.84 0.1 1
126.79 0.1 1
130.71 0.1 1
132.68 0.1 1
134.62 0.1 1
136.59 0.1 1
138.55 0.1 1
144.38 0.1 1
146.36 0.1 1
150.33 0.1 1
152.47 0.1 1
154.4 0.1 1
162.31 0.1 1
166.28 0.1 1
168.17 0.1 1
170.24 0.1 1
172.04 0.1 1
176.07 0.1 1
182.08 0.1 1
183.97 0.1 1
189.85 0.1 1
193.79 0.1 1
197.76 0.1 1
201.75 0.1 1
207.67 0.1 1
213.6 0.1 1
217.58 0.1 1
223.59 0.1 1
227.49 0.1 1
237.37 0.1 1
243.26 0.1 1
245.39 0.1 1
249.38 0.1 1
257.29 0.1 1
259.07 0.1 1
261.09 0.1 1
263.06 0.1 1
265.1 0.1 1
268.93 0.1 1
273.07 0.1 1
274.96 0.1 1
278.93 0.1 1
284.78 0.1 1
288.87 0.1 1
294.68 0.1 1
296.73 0.1 1
298.75 0.1 1
300.55 0.1 1
302.57 0.1 1
304.67 0.1 1
306.57 0.1 1
308.54 0.1 1
324.36 0.1 1
326.34 0.1 1
330.35 0.1 1
332.28 0.1 1
336.32 0.1 1
340.14 0.1 1
348.21 0.1 1
354.15 0.1 1
358.06 0.1 1
360.01 0.1 1
361.89 0.1 1
363.95 0.1 1
369.88 0.1 1
373.84 0.1 1
375.74 0.1 1
383.73 0.1 1
391.57 0.1 1
393.59 0.1 1
399.6 0.1 1
401.53 0.1 1
409.44 0.1 1
411.39 0.1 1
413.3 0.1 1
423.19 0.1 1
425.21 0.1 1
437.2 0.1 1
439 0.1 1
441.09 0.1 1
444.94 0.1 1
447 0.1 1
456.99 0.1 1
460.94 0.1 1
464.81 0.1 1
466.85 0.1 1
472.75 0.1 1
478.58 0.1 1
480.66 0.1 1
482.6 0.1 1
484.47 0.1 1
490.51 0.1 1
492.52 0.1 1
494.38 0.1 1
498.33 0.1 1
502.35 0.1 1
