4.17 0.1 1
6.12 0.1 1
10.04 0.1 1
12.09 0.1 1
18.17 0.1 1
20.07 0.1 1
21.94 0.1 1
24.09 0.1 1
26.02 0.1 1
33.95 0.1 1
35.91 0.1 1
37.9 0.1 1
41.88 0.1 1
45.8 0.1 1
47.73 0.1 1
49.87 0.1 1
51.85 0.1 1
57.72 0.1 1
67.72 0.1 1
69.62 0.1 1
71.56 0.1 1
73.66 0.1 1
77.56 0.1 1
79.5 0.1 1
81.58 0.1 1
85.61 0.1 1
87.41 0.1 1
89.53 0.1 1
91.43 0.1 1
95.37 0.1 1
107.39 0.1 1
121.24 0.1 1
125.13 0.1 1
127.26 0.1 1
131.08 0.1 1
133.23 0.1 1
135.12 0.1 1
137.03 0.1 1
139.05 0.1 1
144.95 0.1 1
147.07 0.1 1
150.99 0.1 1
153.06 0.1 1
154.91 0.1 1
162.81 0.1 1
166.79 0.1 1
168.84 0.1 1
170.83 0.1 1
172.73 0.1 1
176.85 0.1 1
182.77 0.1 1
184.6 0.1 1
190.55 0.1 1
194.62 0.1 1
198.52 0.1 1
202.57 0.1 1
208.46 0.1 1
214.46 0.1 1
218.4 0.1 1
224.45 0.1 1
228.22 0.1 1
238.32 0.1 1
244.24 0.1 1
246.19 0.1 1
250.12 0.1 1
258.04 0.1 1
260.01 0.1 1
262.03 0.1 1
264.06 0.1 1
266.1 0.1 1
269.88 0.1 1
273.98 0.1 1
275.82 0.1 1
279.87 0.1 1
285.82 0.1 1
289.84 0.1 1
295.74 0.1 1
297.74 0.1 1
299.79 0.1 1
301.69 0.1 1
303.61 0.1 1
305.78 0.1 1
307.66 0.1 1
309.6 0.1 1
325.6 0.1 1
327.54 0.1 1
331.55 0.1 1
333.55 0.1 1
337.44 0.1 1
341.42 0.1 1
349.31 0.1 1
355.33 0.1 1
359.28 0.1 1
361.18 0.1 1
363.25 0.1 1
365.13 0.1 1
371.17 0.1 1
375.05 0.1 1
377.05 0.1 1
385.11 0.1 1
393.06 0.1 1
394.99 0.1 1
400.95 0.1 1
402.95 0.1 1
410.93 0.1 1
412.8 0.1 1
414.8 0.1 1
424.79 0.1 1
426.65 0.1 1
438.53 0.1 1
440.59 0.1 1
442.64 0.1 1
446.53 0.1 1
448.6 0.1 1
458.37 0.1 1
462.49 0.1 1
466.34 0.1 1
468.3 0.1 1
474.37 0.1 1
480.23 0.1 1
482.24 0.1 1
484.23 0.1 1
486.18 0.1 1
492.11 0.1 1
494.13 0.1 1
496.18 0.1 1
500.12 0.1 1
504 0.1 1
