4.18 0.1 1
6.15 0.1 1
10.05 0.1 1
12.15 0.1 1
18.11 0.1 1
20.04 0.1 1
21.94 0.1 1
24.11 0.1 1
25.91 0.1 1
34.04 0.1 1
35.9 0.1 1
37.85 0.1 1
41.86 0.1 1
45.95 0.1 1
47.73 0.1 1
49.73 0.1 1
51.72 0.1 1
57.75 0.1 1
67.59 0.1 1
69.64 0.1 1
71.62 0.1 1
73.54 0.1 1
77.63 0.1 1
79.48 0.1 1
81.59 0.1 1
85.46 0.1 1
87.6 0.1 1
89.56 0.1 1
91.47 0.1 1
95.42 0.1 1
107.27 0.1 1
121.28 0.1 1
125.28 0.1 1
127.26 0.1 1
131.05 0.1 1
133.06 0.1 1
135.2 0.1 1
137.16 0.1 1
139.1 0.1 1
145.07 0.1 1
147.09 0.1 1
151.05 0.1 1
153.07 0.1 1
154.97 0.1 1
162.84 0.1 1
166.78 0.1 1
168.94 0.1 1
170.78 0.1 1
172.88 0.1 1
176.84 0.1 1
182.66 0.1 1
184.81 0.1 1
190.77 0.1 1
194.69 0.1 1
198.57 0.1 1
202.64 0.1 1
208.47 0.1 1
214.41 0.1 1
218.54 0.1 1
224.3 0.1 1
228.41 0.1 1
238.25 0.1 1
244.27 0.1 1
246.17 0.1 1
250.17 0.1 1
258.16 0.1 1
260.19 0.1 1
261.99 0.1 1
264.16 0.1 1
265.96 0.1 1
269.96 0.1 1
273.9 0.1 1
275.91 0.1 1
280.05 0.1 1
285.87 0.1 1
289.85 0.1 1
295.85 0.1 1
297.89 0.1 1
299.86 0.1 1
301.71 0.1 1
303.82 0.1 1
305.73 0.1 1
307.69 0.1 1
309.68 0.1 1
325.5 0.1 1
327.65 0.1 1
331.55 0.1 1
333.6 0.1 1
337.59 0.1 1
341.35 0.1 1
349.29 0.1 1
355.43 0.1 1
359.41 0.1 1
361.39 0.1 1
363.36 0.1 1
365.33 0.1 1
371.17 0.1 1
375.08 0.1 1
377.15 0.1 1
385.1 0.1 1
393.02 0.1 1
394.92 0.1 1
400.96 0.1 1
402.93 0.1 1
410.98 0.1 1
412.8 0.1 1
414.85 0.1 1
424.82 0.1 1
426.8 0.1 1
438.61 0.1 1
440.54 0.1 1
442.72 0.1 1
446.64 0.1 1
448.66 0.1 1
458.53 0.1 1
462.51 0.1 1
466.4 0.1 1
468.32 0.1 1
474.45 0.1 1
480.35 0.1 1
482.22 0.1 1
484.22 0.1 1
486.17 0.1 1
492.29 0.1 1
494.26 0.1 1
496.11 0.1 1
500.13 0.1 1
504.16 0.1 1
