4.09 0.1 1
6.24 0.1 1
10.04 0.1 1
12.09 0.1 1
18.14 0.1 1
20.13 0.1 1
22.15 0.1 1
24.13 0.1 1
25.96 0.1 1
34.02 0.1 1
36 0.1 1
37.8 0.1 1
41.97 0.1 1
45.87 0.1 1
47.86 0.1 1
49.79 0.1 1
51.72 0.1 1
57.84 0.1 1
67.75 0.1 1
69.68 0.1 1
71.6 0.1 1
73.68 0.1 1
77.65 0.1 1
79.52 0.1 1
81.62 0.1 1
85.42 0.1 1
87.39 0.1 1
89.56 0.1 1
91.44 0.1 1
95.41 0.1 1
107.33 0.1 1
121.22 0.1 1
125.17 0.1 1
127.08 0.1 1
131.22 0.1 1
133.02 0.1 1
135.1 0.1 1
137.06 0.1 1
139.04 0.1 1
145.04 0.1 1
146.93 0.1 1
150.89 0.1 1
152.98 0.1 1
154.9 0.1 1
162.93 0.1 1
166.75 0.1 1
168.93 0.1 1
170.87 0.1 1
172.74 0.1 1
176.74 0.1 1
182.75 0.1 1
184.64 0.1 1
190.68 0.1 1
194.66 0.1 1
198.66 0.1 1
202.5 0.1 1
208.6 0.1 1
214.5 0.1 1
218.45 0.1 1
224.49 0.1 1
228.39 0.1 1
238.36 0.1 1
244.21 0.1 1
246.31 0.1 1
250.23 0.1 1
258.22 0.1 1
260.17 0.1 1
262.05 0.1 1
264 0.1 1
266.08 0.1 1
270.04 0.1 1
273.92 0.1 1
276.07 0.1 1
279.89 0.1 1
285.88 0.1 1
289.86 0.1 1
295.75 0.1 1
297.73 0.1 1
299.85 0.1 1
301.8 0.1 1
303.67 0.1 1
305.77 0.1 1
307.77 0.1 1
309.65 0.1 1
325.49 0.1 1
327.49 0.1 1
331.49 0.1 1
333.44 0.1 1
337.58 0.1 1
341.38 0.1 1
349.28 0.1 1
355.38 0.1 1
359.25 0.1 1
361.34 0.1 1
363.29 0.1 1
365.31 0.1 1
371.12 0.1 1
375.19 0.1 1
377.23 0.1 1
385.2 0.1 1
393.06 0.1 1
395.07 0.1 1
401.02 0.1 1
403.02 0.1 1
410.87 0.1 1
412.84 0.1 1
414.92 0.1 1
424.71 0.1 1
426.73 0.1 1
438.67 0.1 1
440.62 0.1 1
442.58 0.1 1
446.58 0.1 1
448.52 0.1 1
458.46 0.1 1
462.57 0.1 1
466.44 0.1 1
468.53 0.1 1
474.33 0.1 1
480.26 0.1 1
482.26 0.1 1
484.25 0.1 1
486.27 0.1 1
492.27 0.1 1
494.12 0.1 1
496.3 0.1 1
500.12 0.1 1
504.22 0.1 1
