4.15 0.1 1
6.17 0.1 1
10.23 0.1 1
12.22 0.1 1
18.07 0.1 1
19.95 0.1 1
22.02 0.1 1
24.11 0.1 1
25.91 0.1 1
34.01 0.1 1
36.03 0.1 1
37.89 0.1 1
41.78 0.1 1
45.88 0.1 1
47.83 0.1 1
49.78 0.1 1
51.78 0.1 1
57.65 0.1 1
67.64 0.1 1
69.74 0.1 1
71.62 0.1 1
73.52 0.1 1
77.59 0.1 1
79.51 0.1 1
81.51 0.1 1
85.63 0.1 1
87.51 0.1 1
89.58 0.1 1
91.43 0.1 1
95.45 0.1 1
107.3 0.1 1
121.29 0.1 1
125.11 0.1 1
127.19 0.1 1
131.09 0.1 1
133.18 0.1 1
135.03 0.1 1
137.05 0.1 1
139.03 0.1 1
145 0.1 1
147.08 0.1 1
151.07 0.1 1
153.07 0.1 1
154.87 0.1 1
162.82 0.1 1
166.77 0.1 1
168.89 0.1 1
170.72 0.1 1
172.82 0.1 1
176.73 0.1 1
182.71 0.1 1
184.7 0.1 1
190.72 0.1 1
194.7 0.1 1
198.57 0.1 1
202.57 0.1 1
208.59 0.1 1
214.36 0.1 1
218.31 0.1 1
224.31 0.1 1
228.23 0.1 1
238.3 0.1 1
244.22 0.1 1
246.17 0.1 1
250.15 0.1 1
258.07 0.1 1
260.07 0.1 1
262.16 0.1 1
264.01 0.1 1
266.04 0.1 1
270.04 0.1 1
273.9 0.1 1
275.95 0.1 1
280 0.1 1
285.9 0.1 1
289.8 0.1 1
295.72 0.1 1
297.82 0.1 1
299.84 0.1 1
301.82 0.1 1
303.62 0.1 1
305.67 0.1 1
307.74 0.1 1
309.77 0.1 1
325.5 0.1 1
327.63 0.1 1
331.57 0.1 1
333.47 0.1 1
337.42 0.1 1
341.52 0.1 1
349.26 0.1 1
355.24 0.1 1
359.29 0.1 1
361.33 0.1 1
363.19 0.1 1
365.26 0.1 1
371.13 0.1 1
375.18 0.1 1
377.12 0.1 1
385.12 0.1 1
392.91 0.1 1
394.92 0.1 1
400.88 0.1 1
402.91 0.1 1
410.78 0.1 1
412.86 0.1 1
414.83 0.1 1
424.68 0.1 1
426.63 0.1 1
438.56 0.1 1
440.69 0.1 1
442.54 0.1 1
446.64 0.1 1
448.66 0.1 1
458.38 0.1 1
462.36 0.1 1
466.42 0.1 1
468.48 0.1 1
474.4 0.1 1
480.19 0.1 1
482.37 0.1 1
484.34 0.1 1
486.34 0.1 1
492.26 0.1 1
494.09 0.1 1
496.11 0.1 1
500.14 0.1 1
504.11 0.1 1
