4.29 0.1 1
6.13 0.1 1
10.15 0.1 1
12.17 0.1 1
18.06 0.1 1
20.09 0.1 1
21.94 0.1 1
23.98 0.1 1
25.98 0.1 1
33.86 0.1 1
35.91 0.1 1
37.9 0.1 1
41.93 0.1 1
45.78 0.1 1
47.87 0.1 1
49.87 0.1 1
51.8 0.1 1
57.67 0.1 1
67.64 0.1 1
69.64 0.1 1
71.71 0.1 1
73.69 0.1 1
77.63 0.1 1
79.66 0.1 1
81.58 0.1 1
85.58 0.1 1
87.55 0.1 1
89.58 0.1 1
91.52 0.1 1
95.43 0.1 1
107.44 0.1 1
121.21 0.1 1
125.19 0.1 1
127.1 0.1 1
131.13 0.1 1
133.15 0.1 1
135.1 0.1 1
137.15 0.1 1
139.12 0.1 1
145.14 0.1 1
147.09 0.1 1
150.94 0.1 1
153.07 0.1 1
154.87 0.1 1
162.89 0.1 1
166.81 0.1 1
168.96 0.1 1
170.83 0.1 1
172.81 0.1 1
176.81 0.1 1
182.83 0.1 1
184.7 0.1 1
190.77 0.1 1
194.6 0.1 1
198.64 0.1 1
202.66 0.1 1
208.56 0.1 1
214.49 0.1 1
218.36 0.1 1
224.31 0.1 1
228.33 0.1 1
238.17 0.1 1
244.16 0.1 1
246.14 0.1 1
250.14 0.1 1
258.14 0.1 1
260.14 0.1 1
262.08 0.1 1
264 0.1 1
266 0.1 1
270 0.1 1
274 0.1 1
276.05 0.1 1
279.97 0.1 1
285.95 0.1 1
289.95 0.1 1
295.79 0.1 1
297.89 0.1 1
299.81 0.1 1
301.71 0.1 1
303.68 0.1 1
305.66 0.1 1
307.64 0.1 1
309.61 0.1 1
325.67 0.1 1
327.49 0.1 1
331.59 0.1 1
333.4 0.1 1
337.57 0.1 1
341.36 0.1 1
349.43 0.1 1
355.31 0.1 1
359.33 0.1 1
361.18 0.1 1
363.17 0.1 1
365.27 0.1 1
371.2 0.1 1
375.15 0.1 1
377.2 0.1 1
385.16 0.1 1
392.91 0.1 1
395.04 0.1 1
400.88 0.1 1
402.9 0.1 1
410.77 0.1 1
412.75 0.1 1
414.8 0.1 1
424.75 0.1 1
426.81 0.1 1
438.61 0.1 1
440.63 0.1 1
442.71 0.1 1
446.6 0.1 1
448.53 0.1 1
458.42 0.1 1
462.38 0.1 1
466.42 0.1 1
468.37 0.1 1
474.42 0.1 1
480.34 0.1 1
482.27 0.1 1
484.21 0.1 1
486.23 0.1 1
492.31 0.1 1
494.28 0.1 1
496.15 0.1 1
500.18 0.1 1
504.08 0.1 1
