4.25 0.1 1
6.2 0.1 1
10.2 0.1 1
12.13 0.1 1
18.07 0.1 1
20.04 0.1 1
22.07 0.1 1
24.04 0.1 1
26.1 0.1 1
33.97 0.1 1
35.86 0.1 1
37.94 0.1 1
41.79 0.1 1
45.88 0.1 1
47.93 0.1 1
49.8 0.1 1
51.83 0.1 1
57.65 0.1 1
67.72 0.1 1
69.59 0.1 1
71.69 0.1 1
73.52 0.1 1
77.59 0.1 1
79.47 0.1 1
81.49 0.1 1
85.44 0.1 1
87.49 0.1 1
89.48 0.1 1
91.54 0.1 1
95.48 0.1 1
107.25 0.1 1
121.15 0.1 1
125.27 0.1 1
127.17 0.1 1
131.09 0.1 1
133.16 0.1 1
135.08 0.1 1
137.09 0.1 1
139.09 0.1 1
145 0.1 1
147.11 0.1 1
151.1 0.1 1
153.05 0.1 1
154.98 0.1 1
162.8 0.1 1
166.94 0.1 1
168.75 0.1 1
170.86 0.1 1
172.89 0.1 1
176.74 0.1 1
182.73 0.1 1
184.79 0.1 1
190.68 0.1 1
194.65 0.1 1
198.68 0.1 1
202.53 0.1 1
208.47 0.1 1
214.47 0.1 1
218.41 0.1 1
224.31 0.1 1
228.34 0.1 1
238.31 0.1 1
244.31 0.1 1
246.27 0.1 1
250.23 0.1 1
258.22 0.1 1
260 0.1 1
262.04 0.1 1
264.01 0.1 1
266.07 0.1 1
270.09 0.1 1
273.98 0.1 1
276.04 0.1 1
279.84 0.1 1
285.96 0.1 1
289.8 0.1 1
295.73 0.1 1
297.78 0.1 1
299.75 0.1 1
301.82 0.1 1
303.69 0.1 1
305.69 0.1 1
307.8 0.1 1
309.74 0.1 1
325.63 0.1 1
327.53 0.1 1
331.51 0.1 1
333.5 0.1 1
337.51 0.1 1
341.37 0.1 1
349.39 0.1 1
355.36 0.1 1
359.29 0.1 1
361.22 0.1 1
363.37 0.1 1
365.16 0.1 1
371.21 0.1 1
375.18 0.1 1
377.1 0.1 1
385.13 0.1 1
393.12 0.1 1
395.1 0.1 1
401.04 0.1 1
402.99 0.1 1
410.84 0.1 1
412.98 0.1 1
414.88 0.1 1
424.78 0.1 1
426.78 0.1 1
438.6 0.1 1
440.74 0.1 1
442.62 0.1 1
446.6 0.1 1
448.49 0.1 1
458.43 0.1 1
462.54 0.1 1
466.43 0.1 1
468.48 0.1 1
474.41 0.1 1
480.25 0.1 1
482.33 0.1 1
484.37 0.1 1
486.29 0.1 1
492.29 0.1 1
494.31 0.1 1
496.17 0.1 1
500.26 0.1 1
504.16 0.1 1
