4.19 0.1 1
6.27 0.1 1
10.24 0.1 1
12.18 0.1 1
18.09 0.1 1
20.03 0.1 1
22.11 0.1 1
23.96 0.1 1
26.11 0.1 1
34.03 0.1 1
35.87 0.1 1
37.97 0.1 1
41.94 0.1 1
45.87 0.1 1
47.79 0.1 1
49.77 0.1 1
51.76 0.1 1
57.74 0.1 1
67.68 0.1 1
69.68 0.1 1
71.66 0.1 1
73.53 0.1 1
77.67 0.1 1
79.55 0.1 1
81.5 0.1 1
85.49 0.1 1
87.59 0.1 1
89.52 0.1 1
91.56 0.1 1
95.46 0.1 1
107.41 0.1 1
121.27 0.1 1
125.17 0.1 1
127.27 0.1 1
131.12 0.1 1
133.15 0.1 1
135.19 0.1 1
137.1 0.1 1
139.09 0.1 1
145.09 0.1 1
147.07 0.1 1
150.99 0.1 1
152.91 0.1 1
154.93 0.1 1
163.01 0.1 1
166.85 0.1 1
168.78 0.1 1
170.95 0.1 1
172.77 0.1 1
176.8 0.1 1
182.7 0.1 1
184.77 0.1 1
190.66 0.1 1
194.73 0.1 1
198.71 0.1 1
202.61 0.1 1
208.63 0.1 1
214.43 0.1 1
218.43 0.1 1
224.34 0.1 1
228.35 0.1 1
238.29 0.1 1
244.18 0.1 1
246.34 0.1 1
250.25 0.1 1
258.05 0.1 1
260.22 0.1 1
262.12 0.1 1
264.07 0.1 1
266.12 0.1 1
270 0.1 1
273.97 0.1 1
275.97 0.1 1
280.07 0.1 1
285.91 0.1 1
289.94 0.1 1
295.85 0.1 1
297.8 0.1 1
299.85 0.1 1
301.86 0.1 1
303.8 0.1 1
305.85 0.1 1
307.7 0.1 1
309.65 0.1 1
325.61 0.1 1
327.54 0.1 1
331.61 0.1 1
333.59 0.1 1
337.56 0.1 1
341.46 0.1 1
349.43 0.1 1
355.33 0.1 1
359.38 0.1 1
361.25 0.1 1
363.35 0.1 1
365.22 0.1 1
371.24 0.1 1
375.17 0.1 1
377.24 0.1 1
385.14 0.1 1
393.11 0.1 1
395.08 0.1 1
401.05 0.1 1
403.05 0.1 1
410.89 0.1 1
412.99 0.1 1
414.86 0.1 1
424.78 0.1 1
426.81 0.1 1
438.6 0.1 1
440.65 0.1 1
442.65 0.1 1
446.67 0.1 1
448.58 0.1 1
458.54 0.1 1
462.41 0.1 1
466.57 0.1 1
468.48 0.1 1
474.36 0.1 1
480.35 0.1 1
482.3 0.1 1
484.23 0.1 1
486.42 0.1 1
492.35 0.1 1
494.25 0.1 1
496.15 0.1 1
500.29 0.1 1
504.15 0.1 1
