4.14 0.1 1
6.19 0.1 1
10.22 0.1 1
12.14 0.1 1
18.14 0.1 1
19.99 0.1 1
22.13 0.1 1
24.06 0.1 1
26.03 0.1 1
33.85 0.1 1
35.97 0.1 1
37.9 0.1 1
41.93 0.1 1
45.78 0.1 1
47.82 0.1 1
49.79 0.1 1
51.85 0.1 1
57.81 0.1 1
67.63 0.1 1
69.64 0.1 1
71.64 0.1 1
73.55 0.1 1
77.61 0.1 1
79.58 0.1 1
81.65 0.1 1
85.47 0.1 1
87.58 0.1 1
89.47 0.1 1
91.52 0.1 1
95.45 0.1 1
107.41 0.1 1
121.3 0.1 1
125.22 0.1 1
127.1 0.1 1
131.12 0.1 1
133.17 0.1 1
135.05 0.1 1
136.99 0.1 1
139.12 0.1 1
144.94 0.1 1
147.07 0.1 1
150.98 0.1 1
152.98 0.1 1
154.98 0.1 1
162.95 0.1 1
166.73 0.1 1
168.8 0.1 1
170.87 0.1 1
172.82 0.1 1
176.78 0.1 1
182.65 0.1 1
184.62 0.1 1
190.64 0.1 1
194.58 0.1 1
198.58 0.1 1
202.53 0.1 1
208.46 0.1 1
214.5 0.1 1
218.34 0.1 1
224.24 0.1 1
228.29 0.1 1
238.33 0.1 1
244.15 0.1 1
246.09 0.1 1
250.13 0.1 1
258 0.1 1
260.13 0.1 1
261.95 0.1 1
264 0.1 1
265.99 0.1 1
270.04 0.1 1
273.96 0.1 1
275.82 0.1 1
279.84 0.1 1
285.73 0.1 1
289.75 0.1 1
295.81 0.1 1
297.81 0.1 1
299.75 0.1 1
301.73 0.1 1
303.58 0.1 1
305.58 0.1 1
307.74 0.1 1
309.59 0.1 1
325.54 0.1 1
327.53 0.1 1
331.46 0.1 1
333.39 0.1 1
337.38 0.1 1
341.37 0.1 1
349.24 0.1 1
355.24 0.1 1
359.25 0.1 1
361.26 0.1 1
363.29 0.1 1
365.21 0.1 1
371.16 0.1 1
375.16 0.1 1
377.13 0.1 1
384.96 0.1 1
392.99 0.1 1
394.85 0.1 1
400.85 0.1 1
402.82 0.1 1
410.74 0.1 1
412.88 0.1 1
414.81 0.1 1
424.68 0.1 1
426.75 0.1 1
438.67 0.1 1
440.45 0.1 1
442.44 0.1 1
446.61 0.1 1
448.41 0.1 1
458.46 0.1 1
462.36 0.1 1
466.33 0.1 1
468.25 0.1 1
474.33 0.1 1
480.13 0.1 1
482.27 0.1 1
484.3 0.1 1
486.29 0.1 1
492.22 0.1 1
494.04 0.1 1
496.02 0.1 1
500.04 0.1 1
504.03 0.1 1
