4.27 0.1 1
6.2 0.1 1
10.09 0.1 1
12.19 0.1 1
18.02 0.1 1
20.02 0.1 1
21.99 0.1 1
24.12 0.1 1
25.93 0.1 1
33.98 0.1 1
35.95 0.1 1
37.85 0.1 1
41.83 0.1 1
45.77 0.1 1
47.77 0.1 1
49.9 0.1 1
51.7 0.1 1
57.67 0.1 1
67.59 0.1 1
69.59 0.1 1
71.69 0.1 1
73.58 0.1 1
77.59 0.1 1
79.64 0.1 1
81.56 0.1 1
85.53 0.1 1
87.61 0.1 1
89.45 0.1 1
91.47 0.1 1
95.55 0.1 1
107.42 0.1 1
121.23 0.1 1
125.21 0.1 1
127.26 0.1 1
131.26 0.1 1
133.08 0.1 1
135.1 0.1 1
137.08 0.1 1
139.02 0.1 1
144.95 0.1 1
146.95 0.1 1
150.89 0.1 1
153.05 0.1 1
155 0.1 1
162.91 0.1 1
166.88 0.1 1
168.89 0.1 1
170.79 0.1 1
172.86 0.1 1
176.76 0.1 1
182.75 0.1 1
184.62 0.1 1
190.75 0.1 1
194.62 0.1 1
198.6 0.1 1
202.52 0.1 1
208.39 0.1 1
214.41 0.1 1
218.43 0.1 1
224.43 0.1 1
228.38 0.1 1
238.28 0.1 1
244.22 0.1 1
246.29 0.1 1
250.21 0.1 1
258.09 0.1 1
259.99 0.1 1
262.06 0.1 1
264.03 0.1 1
266.05 0.1 1
270.03 0.1 1
273.91 0.1 1
276.05 0.1 1
279.85 0.1 1
285.94 0.1 1
289.87 0.1 1
295.74 0.1 1
297.79 0.1 1
299.82 0.1 1
301.66 0.1 1
303.71 0.1 1
305.66 0.1 1
307.79 0.1 1
309.69 0.1 1
325.63 0.1 1
327.63 0.1 1
331.57 0.1 1
333.4 0.1 1
337.54 0.1 1
341.42 0.1 1
349.31 0.1 1
355.29 0.1 1
359.25 0.1 1
361.23 0.1 1
363.16 0.1 1
365.26 0.1 1
371.1 0.1 1
375.08 0.1 1
377.07 0.1 1
385.09 0.1 1
392.91 0.1 1
395.07 0.1 1
400.98 0.1 1
402.83 0.1 1
410.9 0.1 1
412.81 0.1 1
414.9 0.1 1
424.67 0.1 1
426.79 0.1 1
438.61 0.1 1
440.59 0.1 1
442.56 0.1 1
446.63 0.1 1
448.53 0.1 1
458.45 0.1 1
462.48 0.1 1
466.45 0.1 1
468.3 0.1 1
474.27 0.1 1
480.19 0.1 1
482.32 0.1 1
484.29 0.1 1
486.22 0.1 1
492.19 0.1 1
494.28 0.1 1
496.14 0.1 1
500.13 0.1 1
504.15 0.1 1
