4.1 0.1 1
6.15 0.1 1
10.04 0.1 1
12.21 0.1 1
18.07 0.1 1
20.04 0.1 1
22.13 0.1 1
23.98 0.1 1
25.91 0.1 1
33.9 0.1 1
35.93 0.1 1
37.83 0.1 1
41.78 0.1 1
45.92 0.1 1
47.78 0.1 1
49.92 0.1 1
51.82 0.1 1
57.79 0.1 1
67.63 0.1 1
69.59 0.1 1
71.59 0.1 1
73.59 0.1 1
77.58 0.1 1
79.53 0.1 1
81.56 0.1 1
85.48 0.1 1
87.42 0.1 1
89.6 0.1 1
91.38 0.1 1
95.45 0.1 1
107.32 0.1 1
121.25 0.1 1
125.18 0.1 1
127.2 0.1 1
131.16 0.1 1
133.15 0.1 1
135.08 0.1 1
137.07 0.1 1
139.12 0.1 1
145.07 0.1 1
147.04 0.1 1
151.01 0.1 1
152.89 0.1 1
155.04 0.1 1
162.94 0.1 1
166.9 0.1 1
168.75 0.1 1
170.78 0.1 1
172.85 0.1 1
176.87 0.1 1
182.8 0.1 1
184.78 0.1 1
190.69 0.1 1
194.67 0.1 1
198.67 0.1 1
202.51 0.1 1
208.48 0.1 1
214.46 0.1 1
218.55 0.1 1
224.31 0.1 1
228.27 0.1 1
238.37 0.1 1
244.29 0.1 1
246.32 0.1 1
250.09 0.1 1
258.18 0.1 1
260.14 0.1 1
262.2 0.1 1
264.01 0.1 1
266.13 0.1 1
269.96 0.1 1
273.93 0.1 1
276.02 0.1 1
279.85 0.1 1
285.84 0.1 1
289.94 0.1 1
295.77 0.1 1
297.84 0.1 1
299.76 0.1 1
301.88 0.1 1
303.83 0.1 1
305.73 0.1 1
307.75 0.1 1
309.7 0.1 1
325.58 0.1 1
327.64 0.1 1
331.5 0.1 1
333.62 0.1 1
337.51 0.1 1
341.52 0.1 1
349.48 0.1 1
355.28 0.1 1
359.4 0.1 1
361.2 0.1 1
363.23 0.1 1
365.25 0.1 1
371.3 0.1 1
375.2 0.1 1
377.19 0.1 1
385.11 0.1 1
392.96 0.1 1
394.99 0.1 1
400.93 0.1 1
403.01 0.1 1
410.83 0.1 1
412.88 0.1 1
414.8 0.1 1
424.7 0.1 1
426.67 0.1 1
438.68 0.1 1
440.54 0.1 1
442.71 0.1 1
446.66 0.1 1
448.61 0.1 1
458.47 0.1 1
462.42 0.1 1
466.54 0.1 1
468.34 0.1 1
474.45 0.1 1
480.39 0.1 1
482.34 0.1 1
484.38 0.1 1
486.34 0.1 1
492.25 0.1 1
494.11 0.1 1
496.1 0.1 1
500.2 0.1 1
504.2 0.1 1
