4.28 0.1 1
6.1 0.1 1
10.1 0.1 1
12.14 0.1 1
17.97 0.1 1
20.07 0.1 1
21.99 0.1 1
24.11 0.1 1
25.91 0.1 1
33.98 0.1 1
35.95 0.1 1
37.85 0.1 1
41.93 0.1 1
45.78 0.1 1
47.82 0.1 1
49.78 0.1 1
51.7 0.1 1
57.64 0.1 1
67.72 0.1 1
69.71 0.1 1
71.53 0.1 1
73.68 0.1 1
77.66 0.1 1
79.51 0.1 1
81.63 0.1 1
85.5 0.1 1
87.56 0.1 1
89.47 0.1 1
91.52 0.1 1
95.47 0.1 1
107.27 0.1 1
121.21 0.1 1
125.09 0.1 1
127.09 0.1 1
131.16 0.1 1
133.1 0.1 1
135.15 0.1 1
137.01 0.1 1
139 0.1 1
144.95 0.1 1
146.99 0.1 1
151.05 0.1 1
152.9 0.1 1
154.94 0.1 1
162.97 0.1 1
166.78 0.1 1
168.74 0.1 1
170.81 0.1 1
172.75 0.1 1
176.85 0.1 1
182.65 0.1 1
184.6 0.1 1
190.62 0.1 1
194.54 0.1 1
198.59 0.1 1
202.54 0.1 1
208.49 0.1 1
214.39 0.1 1
218.33 0.1 1
224.3 0.1 1
228.26 0.1 1
238.32 0.1 1
244.14 0.1 1
246.15 0.1 1
250.14 0.1 1
258.19 0.1 1
260.14 0.1 1
262.08 0.1 1
264.14 0.1 1
265.98 0.1 1
270.1 0.1 1
274.01 0.1 1
276.06 0.1 1
279.88 0.1 1
285.83 0.1 1
289.89 0.1 1
295.81 0.1 1
297.86 0.1 1
299.81 0.1 1
301.66 0.1 1
303.79 0.1 1
305.63 0.1 1
307.68 0.1 1
309.79 0.1 1
325.58 0.1 1
327.55 0.1 1
331.44 0.1 1
333.44 0.1 1
337.44 0.1 1
341.52 0.1 1
349.41 0.1 1
355.28 0.1 1
359.39 0.1 1
361.23 0.1 1
363.21 0.1 1
365.23 0.1 1
371.3 0.1 1
375.15 0.1 1
377.2 0.1 1
385.1 0.1 1
392.94 0.1 1
394.96 0.1 1
401.06 0.1 1
403.01 0.1 1
410.9 0.1 1
412.96 0.1 1
414.76 0.1 1
424.79 0.1 1
426.64 0.1 1
438.66 0.1 1
440.61 0.1 1
442.51 0.1 1
446.66 0.1 1
448.46 0.1 1
458.48 0.1 1
462.4 0.1 1
466.4 0.1 1
468.33 0.1 1
474.3 0.1 1
480.4 0.1 1
482.29 0.1 1
484.26 0.1 1
486.27 0.1 1
492.13 0.1 1
494.28 0.1 1
496.16 0.1 1
500.13 0.1 1
504.03 0.1 1
