4.08 0.1 1
6.08 0.1 1
10.2 0.1 1
12.08 0.1 1
18.07 0.1 1
20.14 0.1 1
21.97 0.1 1
23.99 0.1 1
26.09 0.1 1
34.01 0.1 1
36.01 0.1 1
38.01 0.1 1
41.89 0.1 1
45.84 0.1 1
47.86 0.1 1
49.8 0.1 1
51.8 0.1 1
57.83 0.1 1
67.62 0.1 1
69.64 0.1 1
71.59 0.1 1
73.67 0.1 1
77.61 0.1 1
79.56 0.1 1
81.54 0.1 1
85.61 0.1 1
87.58 0.1 1
89.51 0.1 1
91.41 0.1 1
95.48 0.1 1
107.4 0.1 1
121.25 0.1 1
125.11 0.1 1
127.16 0.1 1
131.22 0.1 1
133.18 0.1 1
135.18 0.1 1
137.03 0.1 1
139.18 0.1 1
145.11 0.1 1
147.1 0.1 1
150.98 0.1 1
152.98 0.1 1
155.05 0.1 1
162.95 0.1 1
166.79 0.1 1
168.81 0.1 1
170.92 0.1 1
172.87 0.1 1
176.87 0.1 1
182.69 0.1 1
184.73 0.1 1
190.68 0.1 1
194.53 0.1 1
198.63 0.1 1
202.47 0.1 1
208.47 0.1 1
214.41 0.1 1
218.52 0.1 1
224.36 0.1 1
228.26 0.1 1
238.26 0.1 1
244.31 0.1 1
246.27 0.1 1
250.08 0.1 1
258.02 0.1 1
260.04 0.1 1
262.14 0.1 1
264.12 0.1 1
266.04 0.1 1
269.96 0.1 1
274.08 0.1 1
275.88 0.1 1
279.91 0.1 1
285.93 0.1 1
289.83 0.1 1
295.88 0.1 1
297.9 0.1 1
299.7 0.1 1
301.82 0.1 1
303.65 0.1 1
305.69 0.1 1
307.62 0.1 1
309.74 0.1 1
325.6 0.1 1
327.5 0.1 1
331.63 0.1 1
333.45 0.1 1
337.48 0.1 1
341.52 0.1 1
349.32 0.1 1
355.34 0.1 1
359.36 0.1 1
361.31 0.1 1
363.24 0.1 1
365.24 0.1 1
371.09 0.1 1
375.1 0.1 1
377.25 0.1 1
385.17 0.1 1
393.04 0.1 1
395.04 0.1 1
401.04 0.1 1
402.86 0.1 1
410.84 0.1 1
412.94 0.1 1
414.89 0.1 1
424.86 0.1 1
426.7 0.1 1
438.74 0.1 1
440.69 0.1 1
442.67 0.1 1
446.56 0.1 1
448.66 0.1 1
458.43 0.1 1
462.44 0.1 1
466.53 0.1 1
468.31 0.1 1
474.28 0.1 1
480.28 0.1 1
482.35 0.1 1
484.33 0.1 1
486.17 0.1 1
492.22 0.1 1
494.24 0.1 1
496.14 0.1 1
500.07 0.1 1
504.13 0.1 1
