4.18 0.1 1
6.2 0.1 1
10.24 0.1 1
12.11 0.1 1
18.11 0.1 1
20.16 0.1 1
22.02 0.1 1
24.01 0.1 1
25.94 0.1 1
33.9 0.1 1
35.98 0.1 1
37.91 0.1 1
41.87 0.1 1
45.82 0.1 1
47.84 0.1 1
49.82 0.1 1
51.79 0.1 1
57.74 0.1 1
67.71 0.1 1
69.76 0.1 1
71.73 0.1 1
73.64 0.1 1
77.5 0.1 1
79.63 0.1 1
81.65 0.1 1
85.6 0.1 1
87.62 0.1 1
89.6 0.1 1
91.57 0.1 1
95.47 0.1 1
107.46 0.1 1
121.2 0.1 1
125.13 0.1 1
127.28 0.1 1
131.27 0.1 1
133.05 0.1 1
135.17 0.1 1
137.13 0.1 1
139.02 0.1 1
145.07 0.1 1
146.97 0.1 1
150.91 0.1 1
153.01 0.1 1
154.88 0.1 1
162.9 0.1 1
166.93 0.1 1
168.81 0.1 1
170.93 0.1 1
172.75 0.1 1
176.7 0.1 1
182.74 0.1 1
184.74 0.1 1
190.79 0.1 1
194.69 0.1 1
198.53 0.1 1
202.58 0.1 1
208.6 0.1 1
214.58 0.1 1
218.48 0.1 1
224.49 0.1 1
228.42 0.1 1
238.31 0.1 1
244.33 0.1 1
246.29 0.1 1
250.11 0.1 1
258.2 0.1 1
260.05 0.1 1
262.1 0.1 1
264.12 0.1 1
266.08 0.1 1
270.09 0.1 1
273.95 0.1 1
275.95 0.1 1
279.89 0.1 1
285.88 0.1 1
289.91 0.1 1
295.83 0.1 1
297.91 0.1 1
299.73 0.1 1
301.71 0.1 1
303.88 0.1 1
305.85 0.1 1
307.85 0.1 1
309.68 0.1 1
325.56 0.1 1
327.49 0.1 1
331.49 0.1 1
333.51 0.1 1
337.43 0.1 1
341.43 0.1 1
349.48 0.1 1
355.37 0.1 1
359.35 0.1 1
361.25 0.1 1
363.4 0.1 1
365.34 0.1 1
371.19 0.1 1
375.21 0.1 1
377.09 0.1 1
385.16 0.1 1
393.13 0.1 1
395.1 0.1 1
401.05 0.1 1
402.9 0.1 1
410.9 0.1 1
412.89 0.1 1
414.79 0.1 1
424.76 0.1 1
426.86 0.1 1
438.62 0.1 1
440.73 0.1 1
442.75 0.1 1
446.65 0.1 1
448.7 0.1 1
458.54 0.1 1
462.48 0.1 1
466.56 0.1 1
468.56 0.1 1
474.46 0.1 1
480.46 0.1 1
482.43 0.1 1
484.42 0.1 1
486.35 0.1 1
492.22 0.1 1
494.29 0.1 1
496.2 0.1 1
500.16 0.1 1
504.26 0.1 1
