4.28 0.1 1
6.17 0.1 1
10.1 0.1 1
12.05 0.1 1
18.09 0.1 1
20.11 0.1 1
22.01 0.1 1
24.07 0.1 1
25.98 0.1 1
34.04 0.1 1
35.9 0.1 1
37.81 0.1 1
41.91 0.1 1
45.9 0.1 1
47.82 0.1 1
49.88 0.1 1
51.9 0.1 1
57.79 0.1 1
67.59 0.1 1
69.56 0.1 1
71.54 0.1 1
73.53 0.1 1
77.59 0.1 1
79.68 0.1 1
81.66 0.1 1
85.55 0.1 1
87.46 0.1 1
89.6 0.1 1
91.4 0.1 1
95.43 0.1 1
107.27 0.1 1
121.31 0.1 1
125.24 0.1 1
127.21 0.1 1
131.21 0.1 1
133.21 0.1 1
135.15 0.1 1
137.01 0.1 1
139.17 0.1 1
145.15 0.1 1
147.13 0.1 1
150.94 0.1 1
152.97 0.1 1
155.02 0.1 1
162.97 0.1 1
166.93 0.1 1
168.76 0.1 1
170.79 0.1 1
172.83 0.1 1
176.83 0.1 1
182.68 0.1 1
184.73 0.1 1
190.69 0.1 1
194.64 0.1 1
198.67 0.1 1
202.62 0.1 1
208.44 0.1 1
214.53 0.1 1
218.56 0.1 1
224.48 0.1 1
228.47 0.1 1
238.37 0.1 1
244.17 0.1 1
246.21 0.1 1
250.17 0.1 1
258.19 0.1 1
260.01 0.1 1
262.01 0.1 1
264.1 0.1 1
266.01 0.1 1
270.06 0.1 1
274.01 0.1 1
275.92 0.1 1
279.92 0.1 1
285.87 0.1 1
289.94 0.1 1
295.79 0.1 1
297.71 0.1 1
299.69 0.1 1
301.76 0.1 1
303.68 0.1 1
305.66 0.1 1
307.66 0.1 1
309.58 0.1 1
325.48 0.1 1
327.6 0.1 1
331.47 0.1 1
333.5 0.1 1
337.49 0.1 1
341.51 0.1 1
349.28 0.1 1
355.41 0.1 1
359.38 0.1 1
361.21 0.1 1
363.35 0.1 1
365.13 0.1 1
371.17 0.1 1
375.17 0.1 1
377.1 0.1 1
385.16 0.1 1
393.02 0.1 1
395.03 0.1 1
400.91 0.1 1
402.89 0.1 1
410.95 0.1 1
412.78 0.1 1
414.73 0.1 1
424.8 0.1 1
426.75 0.1 1
438.57 0.1 1
440.59 0.1 1
442.51 0.1 1
446.64 0.1 1
448.55 0.1 1
458.58 0.1 1
462.42 0.1 1
466.35 0.1 1
468.5 0.1 1
474.29 0.1 1
480.32 0.1 1
482.29 0.1 1
484.18 0.1 1
486.28 0.1 1
492.28 0.1 1
494.3 0.1 1
496.28 0.1 1
500.13 0.1 1
504.13 0.1 1
