4.1 0.1 1
6.14 0.1 1
10.1 0.1 1
12.04 0.1 1
18.12 0.1 1
19.94 0.1 1
21.99 0.1 1
23.98 0.1 1
25.94 0.1 1
33.95 0.1 1
35.93 0.1 1
37.83 0.1 1
41.77 0.1 1
45.75 0.1 1
47.77 0.1 1
49.82 0.1 1
51.79 0.1 1
57.72 0.1 1
67.58 0.1 1
69.63 0.1 1
71.71 0.1 1
73.66 0.1 1
77.65 0.1 1
79.5 0.1 1
81.55 0.1 1
85.58 0.1 1
87.45 0.1 1
89.42 0.1 1
91.44 0.1 1
95.4 0.1 1
107.22 0.1 1
121.15 0.1 1
125.1 0.1 1
127.18 0.1 1
131.17 0.1 1
133.17 0.1 1
135.09 0.1 1
137.09 0.1 1
139.15 0.1 1
145.02 0.1 1
147.02 0.1 1
150.88 0.1 1
152.91 0.1 1
154.86 0.1 1
162.88 0.1 1
166.93 0.1 1
168.85 0.1 1
170.83 0.1 1
172.85 0.1 1
176.74 0.1 1
182.6 0.1 1
184.75 0.1 1
190.56 0.1 1
194.68 0.1 1
198.53 0.1 1
202.64 0.1 1
208.55 0.1 1
214.53 0.1 1
218.32 0.1 1
224.34 0.1 1
228.37 0.1 1
238.14 0.1 1
244.16 0.1 1
246.11 0.1 1
250.13 0.1 1
258.07 0.1 1
260 0.1 1
262.05 0.1 1
264.02 0.1 1
265.95 0.1 1
269.92 0.1 1
274.02 0.1 1
275.92 0.1 1
279.81 0.1 1
285.84 0.1 1
289.78 0.1 1
295.8 0.1 1
297.66 0.1 1
299.73 0.1 1
301.63 0.1 1
303.73 0.1 1
305.6 0.1 1
307.67 0.1 1
309.74 0.1 1
325.56 0.1 1
327.61 0.1 1
331.56 0.1 1
333.54 0.1 1
337.51 0.1 1
341.45 0.1 1
349.3 0.1 1
355.24 0.1 1
359.37 0.1 1
361.32 0.1 1
363.32 0.1 1
365.27 0.1 1
371.07 0.1 1
375.23 0.1 1
377.11 0.1 1
385.13 0.1 1
392.92 0.1 1
394.95 0.1 1
401 0.1 1
402.89 0.1 1
410.76 0.1 1
412.84 0.1 1
414.79 0.1 1
424.78 0.1 1
426.65 0.1 1
438.62 0.1 1
440.55 0.1 1
442.65 0.1 1
446.57 0.1 1
448.57 0.1 1
458.56 0.1 1
462.39 0.1 1
466.46 0.1 1
468.33 0.1 1
474.35 0.1 1
480.25 0.1 1
482.27 0.1 1
484.32 0.1 1
486.15 0.1 1
492.15 0.1 1
494.27 0.1 1
496.22 0.1 1
500.18 0.1 1
504.18 0.1 1
