4.08 0.1 1
6.19 0.1 1
10.07 0.1 1
12.17 0.1 1
18.02 0.1 1
20.01 0.1 1
22.06 0.1 1
24.12 0.1 1
26.11 0.1 1
33.95 0.1 1
35.9 0.1 1
37.85 0.1 1
41.97 0.1 1
45.8 0.1 1
47.78 0.1 1
49.78 0.1 1
51.7 0.1 1
57.72 0.1 1
67.76 0.1 1
69.58 0.1 1
71.74 0.1 1
73.63 0.1 1
77.61 0.1 1
79.68 0.1 1
81.53 0.1 1
85.58 0.1 1
87.48 0.1 1
89.57 0.1 1
91.53 0.1 1
95.43 0.1 1
107.37 0.1 1
121.34 0.1 1
125.21 0.1 1
127.21 0.1 1
131.08 0.1 1
133.08 0.1 1
135.13 0.1 1
137.12 0.1 1
139.12 0.1 1
145.1 0.1 1
147.02 0.1 1
150.94 0.1 1
152.92 0.1 1
155.04 0.1 1
162.97 0.1 1
166.91 0.1 1
168.91 0.1 1
170.84 0.1 1
172.75 0.1 1
176.8 0.1 1
182.7 0.1 1
184.67 0.1 1
190.6 0.1 1
194.72 0.1 1
198.52 0.1 1
202.57 0.1 1
208.44 0.1 1
214.48 0.1 1
218.51 0.1 1
224.43 0.1 1
228.33 0.1 1
238.34 0.1 1
244.22 0.1 1
246.16 0.1 1
250.26 0.1 1
258.11 0.1 1
260.16 0.1 1
261.99 0.1 1
264.01 0.1 1
266.05 0.1 1
269.98 0.1 1
273.98 0.1 1
275.95 0.1 1
280.03 0.1 1
285.82 0.1 1
289.95 0.1 1
295.84 0.1 1
297.91 0.1 1
299.77 0.1 1
301.79 0.1 1
303.83 0.1 1
305.66 0.1 1
307.81 0.1 1
309.76 0.1 1
325.5 0.1 1
327.53 0.1 1
331.52 0.1 1
333.6 0.1 1
337.57 0.1 1
341.46 0.1 1
349.39 0.1 1
355.26 0.1 1
359.35 0.1 1
361.26 0.1 1
363.23 0.1 1
365.2 0.1 1
371.13 0.1 1
375.24 0.1 1
377.09 0.1 1
385.17 0.1 1
393.02 0.1 1
394.93 0.1 1
400.88 0.1 1
403.06 0.1 1
410.85 0.1 1
412.93 0.1 1
414.95 0.1 1
424.84 0.1 1
426.84 0.1 1
438.67 0.1 1
440.59 0.1 1
442.63 0.1 1
446.66 0.1 1
448.68 0.1 1
458.45 0.1 1
462.43 0.1 1
466.42 0.1 1
468.47 0.1 1
474.47 0.1 1
480.31 0.1 1
482.24 0.1 1
484.34 0.1 1
486.19 0.1 1
492.23 0.1 1
494.14 0.1 1
496.31 0.1 1
500.28 0.1 1
504.18 0.1 1
