4.21 0.1 1
6.16 0.1 1
10.21 0.1 1
12.2 0.1 1
18.03 0.1 1
20.05 0.1 1
22.12 0.1 1
23.97 0.1 1
25.94 0.1 1
34.01 0.1 1
35.92 0.1 1
37.94 0.1 1
41.86 0.1 1
45.74 0.1 1
47.83 0.1 1
49.86 0.1 1
51.83 0.1 1
57.72 0.1 1
67.77 0.1 1
69.72 0.1 1
71.57 0.1 1
73.72 0.1 1
77.67 0.1 1
79.52 0.1 1
81.62 0.1 1
85.44 0.1 1
87.53 0.1 1
89.58 0.1 1
91.38 0.1 1
95.41 0.1 1
107.4 0.1 1
121.22 0.1 1
125.26 0.1 1
127.22 0.1 1
131.12 0.1 1
133.04 0.1 1
135.23 0.1 1
137.09 0.1 1
139.16 0.1 1
144.96 0.1 1
147.05 0.1 1
151 0.1 1
153 0.1 1
155 0.1 1
162.85 0.1 1
166.84 0.1 1
168.92 0.1 1
170.94 0.1 1
172.84 0.1 1
176.72 0.1 1
182.71 0.1 1
184.74 0.1 1
190.7 0.1 1
194.58 0.1 1
198.55 0.1 1
202.47 0.1 1
208.62 0.1 1
214.37 0.1 1
218.52 0.1 1
224.32 0.1 1
228.34 0.1 1
238.18 0.1 1
244.18 0.1 1
246.15 0.1 1
250.08 0.1 1
258.04 0.1 1
260.07 0.1 1
262.11 0.1 1
264.16 0.1 1
265.96 0.1 1
270.02 0.1 1
274.06 0.1 1
275.99 0.1 1
280.01 0.1 1
285.8 0.1 1
289.81 0.1 1
295.75 0.1 1
297.85 0.1 1
299.85 0.1 1
301.64 0.1 1
303.79 0.1 1
305.64 0.1 1
307.75 0.1 1
309.66 0.1 1
325.58 0.1 1
327.46 0.1 1
331.56 0.1 1
333.41 0.1 1
337.45 0.1 1
341.5 0.1 1
349.35 0.1 1
355.24 0.1 1
359.32 0.1 1
361.24 0.1 1
363.27 0.1 1
365.24 0.1 1
371.09 0.1 1
375.2 0.1 1
377.08 0.1 1
385.12 0.1 1
393.04 0.1 1
395.09 0.1 1
400.99 0.1 1
402.97 0.1 1
410.86 0.1 1
412.76 0.1 1
414.76 0.1 1
424.81 0.1 1
426.71 0.1 1
438.69 0.1 1
440.72 0.1 1
442.62 0.1 1
446.64 0.1 1
448.49 0.1 1
458.43 0.1 1
462.51 0.1 1
466.44 0.1 1
468.3 0.1 1
474.43 0.1 1
480.37 0.1 1
482.3 0.1 1
484.35 0.1 1
486.34 0.1 1
492.17 0.1 1
494.25 0.1 1
496.27 0.1 1
500.16 0.1 1
504.13 0.1 1
