4.13 0.1 1
6.2 0.1 1
10.2 0.1 1
12.1 0.1 1
18.02 0.1 1
20.04 0.1 1
22.04 0.1 1
24.12 0.1 1
26.01 0.1 1
33.98 0.1 1
35.93 0.1 1
37.85 0.1 1
41.98 0.1 1
45.83 0.1 1
47.88 0.1 1
49.88 0.1 1
51.78 0.1 1
57.7 0.1 1
67.56 0.1 1
69.59 0.1 1
71.59 0.1 1
73.56 0.1 1
77.51 0.1 1
79.58 0.1 1
81.58 0.1 1
85.61 0.1 1
87.4 0.1 1
89.55 0.1 1
91.52 0.1 1
95.45 0.1 1
107.37 0.1 1
121.16 0.1 1
125.25 0.1 1
127.2 0.1 1
131.1 0.1 1
133.08 0.1 1
135.15 0.1 1
137 0.1 1
138.97 0.1 1
145.1 0.1 1
146.95 0.1 1
150.94 0.1 1
153 0.1 1
154.97 0.1 1
162.89 0.1 1
166.86 0.1 1
168.81 0.1 1
170.91 0.1 1
172.75 0.1 1
176.85 0.1 1
182.82 0.1 1
184.77 0.1 1
190.74 0.1 1
194.52 0.1 1
198.67 0.1 1
202.64 0.1 1
208.59 0.1 1
214.36 0.1 1
218.33 0.1 1
224.33 0.1 1
228.25 0.1 1
238.32 0.1 1
244.19 0.1 1
246.14 0.1 1
250.16 0.1 1
258.09 0.1 1
260.06 0.1 1
262 0.1 1
264.11 0.1 1
265.98 0.1 1
270.01 0.1 1
273.92 0.1 1
275.9 0.1 1
279.87 0.1 1
285.94 0.1 1
289.82 0.1 1
295.69 0.1 1
297.68 0.1 1
299.71 0.1 1
301.63 0.1 1
303.71 0.1 1
305.71 0.1 1
307.76 0.1 1
309.63 0.1 1
325.58 0.1 1
327.52 0.1 1
331.49 0.1 1
333.4 0.1 1
337.52 0.1 1
341.44 0.1 1
349.26 0.1 1
355.23 0.1 1
359.21 0.1 1
361.31 0.1 1
363.32 0.1 1
365.25 0.1 1
371.15 0.1 1
375.2 0.1 1
377.19 0.1 1
384.94 0.1 1
393.04 0.1 1
394.96 0.1 1
400.86 0.1 1
402.98 0.1 1
410.88 0.1 1
412.92 0.1 1
414.72 0.1 1
424.74 0.1 1
426.62 0.1 1
438.59 0.1 1
440.66 0.1 1
442.48 0.1 1
446.46 0.1 1
448.61 0.1 1
458.53 0.1 1
462.44 0.1 1
466.4 0.1 1
468.31 0.1 1
474.26 0.1 1
480.28 0.1 1
482.18 0.1 1
484.26 0.1 1
486.31 0.1 1
492.1 0.1 1
494.2 0.1 1
496.05 0.1 1
500.15 0.1 1
504.18 0.1 1
