4.23 0.1 1
6.18 0.1 1
10.24 0.1 1
12.12 0.1 1
18.11 0.1 1
20.07 0.1 1
21.99 0.1 1
23.96 0.1 1
26.11 0.1 1
33.84 0.1 1
35.88 0.1 1
37.9 0.1 1
41.97 0.1 1
45.9 0.1 1
47.82 0.1 1
49.75 0.1 1
51.82 0.1 1
57.65 0.1 1
67.69 0.1 1
69.59 0.1 1
71.58 0.1 1
73.56 0.1 1
77.55 0.1 1
79.51 0.1 1
81.66 0.1 1
85.56 0.1 1
87.61 0.1 1
89.55 0.1 1
91.42 0.1 1
95.4 0.1 1
107.39 0.1 1
121.26 0.1 1
125.14 0.1 1
127.13 0.1 1
131.16 0.1 1
133.2 0.1 1
135.13 0.1 1
137.13 0.1 1
139.03 0.1 1
145.12 0.1 1
147.05 0.1 1
151.07 0.1 1
152.89 0.1 1
154.96 0.1 1
162.89 0.1 1
166.79 0.1 1
168.86 0.1 1
170.73 0.1 1
172.75 0.1 1
176.73 0.1 1
182.77 0.1 1
184.65 0.1 1
190.75 0.1 1
194.54 0.1 1
198.67 0.1 1
202.57 0.1 1
208.43 0.1 1
214.44 0.1 1
218.46 0.1 1
224.43 0.1 1
228.25 0.1 1
238.17 0.1 1
244.27 0.1 1
246.26 0.1 1
250.26 0.1 1
258.03 0.1 1
260.19 0.1 1
262.01 0.1 1
264.01 0.1 1
266.11 0.1 1
270.03 0.1 1
274 0.1 1
276 0.1 1
279.95 0.1 1
285.8 0.1 1
289.86 0.1 1
295.73 0.1 1
297.82 0.1 1
299.69 0.1 1
301.84 0.1 1
303.73 0.1 1
305.63 0.1 1
307.73 0.1 1
309.68 0.1 1
325.6 0.1 1
327.49 0.1 1
331.44 0.1 1
333.57 0.1 1
337.36 0.1 1
341.48 0.1 1
349.39 0.1 1
355.25 0.1 1
359.23 0.1 1
361.37 0.1 1
363.28 0.1 1
365.17 0.1 1
371.1 0.1 1
375.25 0.1 1
377.2 0.1 1
385.14 0.1 1
393.03 0.1 1
394.89 0.1 1
400.98 0.1 1
402.9 0.1 1
410.85 0.1 1
412.9 0.1 1
414.94 0.1 1
424.86 0.1 1
426.69 0.1 1
438.71 0.1 1
440.6 0.1 1
442.56 0.1 1
446.53 0.1 1
448.51 0.1 1
458.58 0.1 1
462.54 0.1 1
466.5 0.1 1
468.32 0.1 1
474.42 0.1 1
480.21 0.1 1
482.19 0.1 1
484.34 0.1 1
486.25 0.1 1
492.16 0.1 1
494.16 0.1 1
496.1 0.1 1
500.08 0.1 1
504.07 0.1 1
