4.21 0.1 1
6.07 0.1 1
10.04 0.1 1
12.18 0.1 1
18.08 0.1 1
20 0.1 1
21.95 0.1 1
23.93 0.1 1
26.03 0.1 1
33.93 0.1 1
35.95 0.1 1
37.84 0.1 1
41.8 0.1 1
45.91 0.1 1
47.86 0.1 1
49.91 0.1 1
51.71 0.1 1
57.84 0.1 1
67.68 0.1 1
69.63 0.1 1
71.7 0.1 1
73.67 0.1 1
77.58 0.1 1
79.53 0.1 1
81.64 0.1 1
85.54 0.1 1
87.52 0.1 1
89.41 0.1 1
91.39 0.1 1
95.42 0.1 1
107.43 0.1 1
121.18 0.1 1
125.3 0.1 1
127.25 0.1 1
131.07 0.1 1
133.1 0.1 1
135.21 0.1 1
137.16 0.1 1
139.11 0.1 1
145.01 0.1 1
146.98 0.1 1
150.96 0.1 1
152.9 0.1 1
154.91 0.1 1
162.83 0.1 1
166.8 0.1 1
168.83 0.1 1
170.8 0.1 1
172.78 0.1 1
176.8 0.1 1
182.77 0.1 1
184.62 0.1 1
190.74 0.1 1
194.64 0.1 1
198.65 0.1 1
202.58 0.1 1
208.56 0.1 1
214.55 0.1 1
218.5 0.1 1
224.4 0.1 1
228.27 0.1 1
238.23 0.1 1
244.19 0.1 1
246.21 0.1 1
250.1 0.1 1
258.22 0.1 1
260.08 0.1 1
262.17 0.1 1
264.12 0.1 1
266.09 0.1 1
269.94 0.1 1
273.94 0.1 1
276.09 0.1 1
280.06 0.1 1
285.94 0.1 1
289.78 0.1 1
295.8 0.1 1
297.87 0.1 1
299.83 0.1 1
301.8 0.1 1
303.75 0.1 1
305.8 0.1 1
307.67 0.1 1
309.7 0.1 1
325.64 0.1 1
327.51 0.1 1
331.61 0.1 1
333.53 0.1 1
337.53 0.1 1
341.53 0.1 1
349.38 0.1 1
355.45 0.1 1
359.37 0.1 1
361.31 0.1 1
363.24 0.1 1
365.29 0.1 1
371.23 0.1 1
375.13 0.1 1
377.09 0.1 1
385.16 0.1 1
392.97 0.1 1
394.98 0.1 1
400.9 0.1 1
403.07 0.1 1
410.81 0.1 1
412.84 0.1 1
414.92 0.1 1
424.88 0.1 1
426.71 0.1 1
438.7 0.1 1
440.68 0.1 1
442.67 0.1 1
446.7 0.1 1
448.54 0.1 1
458.49 0.1 1
462.39 0.1 1
466.36 0.1 1
468.53 0.1 1
474.5 0.1 1
480.45 0.1 1
482.4 0.1 1
484.22 0.1 1
486.23 0.1 1
492.27 0.1 1
494.15 0.1 1
496.25 0.1 1
500.09 0.1 1
504.11 0.1 1
