4.16 0.1 1
6.21 0.1 1
10.1 0.1 1
12.12 0.1 1
18.09 0.1 1
20.1 0.1 1
21.95 0.1 1
24.12 0.1 1
26.1 0.1 1
33.96 0.1 1
35.86 0.1 1
37.84 0.1 1
41.81 0.1 1
45.9 0.1 1
47.93 0.1 1
49.81 0.1 1
51.75 0.1 1
57.73 0.1 1
67.75 0.1 1
69.64 0.1 1
71.54 0.1 1
73.54 0.1 1
77.52 0.1 1
79.64 0.1 1
81.58 0.1 1
85.49 0.1 1
87.59 0.1 1
89.38 0.1 1
91.53 0.1 1
95.45 0.1 1
107.32 0.1 1
121.24 0.1 1
125.19 0.1 1
127.19 0.1 1
131.19 0.1 1
133.09 0.1 1
135.09 0.1 1
137.09 0.1 1
139.08 0.1 1
145.06 0.1 1
146.9 0.1 1
151 0.1 1
152.85 0.1 1
154.9 0.1 1
162.9 0.1 1
166.72 0.1 1
168.87 0.1 1
170.77 0.1 1
172.78 0.1 1
176.64 0.1 1
182.65 0.1 1
184.58 0.1 1
190.7 0.1 1
194.63 0.1 1
198.5 0.1 1
202.55 0.1 1
208.55 0.1 1
214.47 0.1 1
218.37 0.1 1
224.36 0.1 1
228.26 0.1 1
238.15 0.1 1
244.2 0.1 1
246.09 0.1 1
250.14 0.1 1
258.16 0.1 1
260.06 0.1 1
261.99 0.1 1
263.99 0.1 1
265.94 0.1 1
269.89 0.1 1
274.01 0.1 1
275.83 0.1 1
279.81 0.1 1
285.78 0.1 1
289.83 0.1 1
295.7 0.1 1
297.84 0.1 1
299.8 0.1 1
301.81 0.1 1
303.7 0.1 1
305.59 0.1 1
307.76 0.1 1
309.57 0.1 1
325.51 0.1 1
327.6 0.1 1
331.55 0.1 1
333.37 0.1 1
337.35 0.1 1
341.39 0.1 1
349.31 0.1 1
355.21 0.1 1
359.33 0.1 1
361.23 0.1 1
363.23 0.1 1
365.26 0.1 1
371.15 0.1 1
375.17 0.1 1
377.1 0.1 1
385 0.1 1
393.07 0.1 1
394.95 0.1 1
400.84 0.1 1
402.88 0.1 1
410.76 0.1 1
412.78 0.1 1
414.88 0.1 1
424.62 0.1 1
426.7 0.1 1
438.59 0.1 1
440.67 0.1 1
442.64 0.1 1
446.51 0.1 1
448.49 0.1 1
458.48 0.1 1
462.38 0.1 1
466.28 0.1 1
468.26 0.1 1
474.37 0.1 1
480.17 0.1 1
482.15 0.1 1
484.2 0.1 1
486.12 0.1 1
492.17 0.1 1
494.16 0.1 1
496.14 0.1 1
500.04 0.1 1
503.98 0.1 1
