4.24 0.1 1
6.21 0.1 1
10.16 0.1 1
12.2 0.1 1
17.98 0.1 1
20.16 0.1 1
22.03 0.1 1
24.13 0.1 1
25.93 0.1 1
33.9 0.1 1
35.97 0.1 1
37.95 0.1 1
41.86 0.1 1
45.86 0.1 1
47.93 0.1 1
49.93 0.1 1
51.71 0.1 1
57.73 0.1 1
67.78 0.1 1
69.77 0.1 1
71.75 0.1 1
73.64 0.1 1
77.57 0.1 1
79.67 0.1 1
81.65 0.1 1
85.54 0.1 1
87.52 0.1 1
89.51 0.1 1
91.47 0.1 1
95.54 0.1 1
107.4 0.1 1
121.25 0.1 1
125.2 0.1 1
127.29 0.1 1
131.21 0.1 1
133.22 0.1 1
135.06 0.1 1
137.19 0.1 1
139.07 0.1 1
145.08 0.1 1
147.06 0.1 1
151.11 0.1 1
153.03 0.1 1
154.9 0.1 1
162.85 0.1 1
166.82 0.1 1
168.82 0.1 1
170.89 0.1 1
172.94 0.1 1
176.79 0.1 1
182.72 0.1 1
184.66 0.1 1
190.78 0.1 1
194.68 0.1 1
198.66 0.1 1
202.65 0.1 1
208.53 0.1 1
214.47 0.1 1
218.54 0.1 1
224.41 0.1 1
228.29 0.1 1
238.28 0.1 1
244.28 0.1 1
246.15 0.1 1
250.17 0.1 1
258.12 0.1 1
260.19 0.1 1
262.17 0.1 1
263.99 0.1 1
266.12 0.1 1
270.11 0.1 1
274.07 0.1 1
276.01 0.1 1
279.93 0.1 1
286.01 0.1 1
289.83 0.1 1
295.82 0.1 1
297.87 0.1 1
299.82 0.1 1
301.88 0.1 1
303.79 0.1 1
305.77 0.1 1
307.65 0.1 1
309.77 0.1 1
325.56 0.1 1
327.59 0.1 1
331.58 0.1 1
333.46 0.1 1
337.48 0.1 1
341.48 0.1 1
349.42 0.1 1
355.3 0.1 1
359.39 0.1 1
361.17 0.1 1
363.19 0.1 1
365.22 0.1 1
371.21 0.1 1
375.21 0.1 1
377.19 0.1 1
385.01 0.1 1
392.93 0.1 1
394.99 0.1 1
400.9 0.1 1
402.92 0.1 1
410.89 0.1 1
412.77 0.1 1
414.78 0.1 1
424.81 0.1 1
426.81 0.1 1
438.74 0.1 1
440.54 0.1 1
442.52 0.1 1
446.62 0.1 1
448.64 0.1 1
458.52 0.1 1
462.49 0.1 1
466.41 0.1 1
468.48 0.1 1
474.33 0.1 1
480.27 0.1 1
482.25 0.1 1
484.35 0.1 1
486.19 0.1 1
492.17 0.1 1
494.17 0.1 1
496.11 0.1 1
500.26 0.1 1
504.02 0.1 1
