4.09 0.1 1
6.07 0.1 1
10.19 0.1 1
12.06 0.1 1
18.11 0.1 1
20.11 0.1 1
21.96 0.1 1
23.98 0.1 1
25.91 0.1 1
33.97 0.1 1
36.02 0.1 1
37.83 0.1 1
41.99 0.1 1
45.92 0.1 1
47.82 0.1 1
49.87 0.1 1
51.86 0.1 1
57.81 0.1 1
67.75 0.1 1
69.68 0.1 1
71.68 0.1 1
73.56 0.1 1
77.57 0.1 1
79.58 0.1 1
81.52 0.1 1
85.44 0.1 1
87.5 0.1 1
89.44 0.1 1
91.5 0.1 1
95.42 0.1 1
107.36 0.1 1
121.2 0.1 1
125.32 0.1 1
127.23 0.1 1
131.09 0.1 1
133.05 0.1 1
135.14 0.1 1
137.02 0.1 1
139.01 0.1 1
145.12 0.1 1
147.04 0.1 1
151.01 0.1 1
152.9 0.1 1
154.94 0.1 1
162.87 0.1 1
166.78 0.1 1
168.85 0.1 1
170.87 0.1 1
172.7 0.1 1
176.69 0.1 1
182.76 0.1 1
184.81 0.1 1
190.59 0.1 1
194.61 0.1 1
198.51 0.1 1
202.63 0.1 1
208.57 0.1 1
214.55 0.1 1
218.52 0.1 1
224.39 0.1 1
228.29 0.1 1
238.33 0.1 1
244.28 0.1 1
246.25 0.1 1
250.08 0.1 1
258.1 0.1 1
260.12 0.1 1
262.17 0.1 1
264.17 0.1 1
266.12 0.1 1
270.02 0.1 1
273.91 0.1 1
275.99 0.1 1
279.93 0.1 1
285.91 0.1 1
289.86 0.1 1
295.7 0.1 1
297.68 0.1 1
299.87 0.1 1
301.82 0.1 1
303.8 0.1 1
305.67 0.1 1
307.7 0.1 1
309.7 0.1 1
325.49 0.1 1
327.56 0.1 1
331.41 0.1 1
333.51 0.1 1
337.55 0.1 1
341.35 0.1 1
349.32 0.1 1
355.39 0.1 1
359.34 0.1 1
361.16 0.1 1
363.31 0.1 1
365.16 0.1 1
371.25 0.1 1
375.2 0.1 1
377.1 0.1 1
385.15 0.1 1
392.95 0.1 1
394.92 0.1 1
400.99 0.1 1
402.97 0.1 1
410.89 0.1 1
412.93 0.1 1
414.84 0.1 1
424.65 0.1 1
426.77 0.1 1
438.64 0.1 1
440.54 0.1 1
442.61 0.1 1
446.56 0.1 1
448.47 0.1 1
458.38 0.1 1
462.48 0.1 1
466.48 0.1 1
468.35 0.1 1
474.43 0.1 1
480.39 0.1 1
482.27 0.1 1
484.3 0.1 1
486.22 0.1 1
492.22 0.1 1
494.12 0.1 1
496.26 0.1 1
500.13 0.1 1
504.21 0.1 1
