4.22 0.1 1
6.07 0.1 1
10.22 0.1 1
12.05 0.1 1
18.07 0.1 1
20.14 0.1 1
22.09 0.1 1
23.99 0.1 1
25.94 0.1 1
33.9 0.1 1
35.86 0.1 1
37.98 0.1 1
41.8 0.1 1
45.77 0.1 1
47.92 0.1 1
49.73 0.1 1
51.84 0.1 1
57.72 0.1 1
67.61 0.1 1
69.69 0.1 1
71.58 0.1 1
73.61 0.1 1
77.59 0.1 1
79.61 0.1 1
81.66 0.1 1
85.5 0.1 1
87.58 0.1 1
89.48 0.1 1
91.5 0.1 1
95.52 0.1 1
107.41 0.1 1
121.13 0.1 1
125.19 0.1 1
127.25 0.1 1
131.05 0.1 1
133.2 0.1 1
135.15 0.1 1
137.12 0.1 1
139.03 0.1 1
144.92 0.1 1
146.99 0.1 1
150.99 0.1 1
152.96 0.1 1
155.01 0.1 1
162.81 0.1 1
166.91 0.1 1
168.83 0.1 1
170.83 0.1 1
172.71 0.1 1
176.7 0.1 1
182.75 0.1 1
184.63 0.1 1
190.72 0.1 1
194.54 0.1 1
198.54 0.1 1
202.62 0.1 1
208.53 0.1 1
214.36 0.1 1
218.48 0.1 1
224.45 0.1 1
228.22 0.1 1
238.3 0.1 1
244.12 0.1 1
246.11 0.1 1
250.04 0.1 1
258.01 0.1 1
260.09 0.1 1
262.05 0.1 1
264.1 0.1 1
266.01 0.1 1
270 0.1 1
274.02 0.1 1
275.92 0.1 1
279.97 0.1 1
285.92 0.1 1
289.77 0.1 1
295.77 0.1 1
297.62 0.1 1
299.79 0.1 1
301.74 0.1 1
303.63 0.1 1
305.71 0.1 1
307.66 0.1 1
309.61 0.1 1
325.52 0.1 1
327.54 0.1 1
331.42 0.1 1
333.5 0.1 1
337.37 0.1 1
341.42 0.1 1
349.23 0.1 1
355.18 0.1 1
359.28 0.1 1
361.16 0.1 1
363.25 0.1 1
365.22 0.1 1
371.07 0.1 1
375.09 0.1 1
377.19 0.1 1
385.09 0.1 1
392.91 0.1 1
394.93 0.1 1
400.93 0.1 1
402.9 0.1 1
410.9 0.1 1
412.87 0.1 1
414.72 0.1 1
424.69 0.1 1
426.65 0.1 1
438.68 0.1 1
440.53 0.1 1
442.49 0.1 1
446.51 0.1 1
448.58 0.1 1
458.33 0.1 1
462.42 0.1 1
466.32 0.1 1
468.32 0.1 1
474.31 0.1 1
480.34 0.1 1
482.29 0.1 1
484.26 0.1 1
486.29 0.1 1
492.23 0.1 1
494.06 0.1 1
496.06 0.1 1
500.18 0.1 1
504.15 0.1 1
