4.17 0.1 1
6.11 0.1 1
10.08 0.1 1
12.04 0.1 1
18.03 0.1 1
20 0.1 1
21.95 0.1 1
23.98 0.1 1
25.98 0.1 1
34 0.1 1
35.94 0.1 1
37.84 0.1 1
41.85 0.1 1
45.92 0.1 1
47.86 0.1 1
49.86 0.1 1
51.89 0.1 1
57.76 0.1 1
67.58 0.1 1
69.71 0.1 1
71.7 0.1 1
73.6 0.1 1
77.5 0.1 1
79.57 0.1 1
81.48 0.1 1
85.44 0.1 1
87.44 0.1 1
89.61 0.1 1
91.57 0.1 1
95.46 0.1 1
107.31 0.1 1
121.22 0.1 1
125.3 0.1 1
127.14 0.1 1
131.2 0.1 1
133.09 0.1 1
135.21 0.1 1
137.17 0.1 1
139.12 0.1 1
145.09 0.1 1
147.01 0.1 1
151.11 0.1 1
152.94 0.1 1
155.06 0.1 1
163.01 0.1 1
166.88 0.1 1
168.78 0.1 1
170.9 0.1 1
172.8 0.1 1
176.89 0.1 1
182.75 0.1 1
184.66 0.1 1
190.74 0.1 1
194.54 0.1 1
198.58 0.1 1
202.6 0.1 1
208.53 0.1 1
214.47 0.1 1
218.44 0.1 1
224.32 0.1 1
228.47 0.1 1
238.34 0.1 1
244.26 0.1 1
246.21 0.1 1
250.15 0.1 1
258.05 0.1 1
260.17 0.1 1
262.02 0.1 1
264.07 0.1 1
266 0.1 1
269.95 0.1 1
273.94 0.1 1
275.96 0.1 1
279.96 0.1 1
285.89 0.1 1
289.96 0.1 1
295.75 0.1 1
297.9 0.1 1
299.87 0.1 1
301.75 0.1 1
303.77 0.1 1
305.7 0.1 1
307.77 0.1 1
309.63 0.1 1
325.57 0.1 1
327.66 0.1 1
331.46 0.1 1
333.61 0.1 1
337.48 0.1 1
341.38 0.1 1
349.4 0.1 1
355.25 0.1 1
359.4 0.1 1
361.3 0.1 1
363.39 0.1 1
365.37 0.1 1
371.12 0.1 1
375.12 0.1 1
377.09 0.1 1
385.05 0.1 1
393.01 0.1 1
395.1 0.1 1
401 0.1 1
402.99 0.1 1
410.89 0.1 1
412.9 0.1 1
414.89 0.1 1
424.78 0.1 1
426.88 0.1 1
438.62 0.1 1
440.58 0.1 1
442.72 0.1 1
446.68 0.1 1
448.63 0.1 1
458.59 0.1 1
462.57 0.1 1
466.46 0.1 1
468.49 0.1 1
474.38 0.1 1
480.25 0.1 1
482.25 0.1 1
484.37 0.1 1
486.3 0.1 1
492.18 0.1 1
494.13 0.1 1
496.24 0.1 1
500.29 0.1 1
504.07 0.1 1
