4.2 0.1 1
6.27 0.1 1
10.24 0.1 1
12.21 0.1 1
18.02 0.1 1
20.11 0.1 1
22.14 0.1 1
23.98 0.1 1
26.11 0.1 1
33.93 0.1 1
35.98 0.1 1
37.88 0.1 1
41.87 0.1 1
45.95 0.1 1
47.9 0.1 1
49.89 0.1 1
51.8 0.1 1
57.74 0.1 1
67.64 0.1 1
69.66 0.1 1
71.58 0.1 1
73.56 0.1 1
77.65 0.1 1
79.56 0.1 1
81.53 0.1 1
85.5 0.1 1
87.62 0.1 1
89.48 0.1 1
91.55 0.1 1
95.55 0.1 1
107.37 0.1 1
121.18 0.1 1
125.13 0.1 1
127.15 0.1 1
131.1 0.1 1
133.12 0.1 1
135.2 0.1 1
137.13 0.1 1
139.03 0.1 1
145.07 0.1 1
146.92 0.1 1
150.91 0.1 1
152.89 0.1 1
154.94 0.1 1
162.81 0.1 1
166.84 0.1 1
168.9 0.1 1
170.83 0.1 1
172.73 0.1 1
176.78 0.1 1
182.82 0.1 1
184.78 0.1 1
190.59 0.1 1
194.72 0.1 1
198.57 0.1 1
202.49 0.1 1
208.49 0.1 1
214.4 0.1 1
218.46 0.1 1
224.37 0.1 1
228.28 0.1 1
238.25 0.1 1
244.32 0.1 1
246.11 0.1 1
250.11 0.1 1
258.08 0.1 1
260.16 0.1 1
262.18 0.1 1
264.01 0.1 1
266.08 0.1 1
270.08 0.1 1
274.07 0.1 1
276.05 0.1 1
280 0.1 1
285.82 0.1 1
289.87 0.1 1
295.82 0.1 1
297.88 0.1 1
299.69 0.1 1
301.71 0.1 1
303.79 0.1 1
305.76 0.1 1
307.66 0.1 1
309.71 0.1 1
325.63 0.1 1
327.5 0.1 1
331.44 0.1 1
333.57 0.1 1
337.52 0.1 1
341.39 0.1 1
349.26 0.1 1
355.26 0.1 1
359.31 0.1 1
361.17 0.1 1
363.21 0.1 1
365.23 0.1 1
371.1 0.1 1
375.07 0.1 1
377.14 0.1 1
385.16 0.1 1
392.91 0.1 1
395.06 0.1 1
400.95 0.1 1
402.98 0.1 1
410.88 0.1 1
412.8 0.1 1
414.78 0.1 1
424.79 0.1 1
426.81 0.1 1
438.58 0.1 1
440.66 0.1 1
442.61 0.1 1
446.5 0.1 1
448.55 0.1 1
458.52 0.1 1
462.49 0.1 1
466.45 0.1 1
468.3 0.1 1
474.34 0.1 1
480.21 0.1 1
482.26 0.1 1
484.31 0.1 1
486.21 0.1 1
492.25 0.1 1
494.1 0.1 1
496.08 0.1 1
500.15 0.1 1
504.07 0.1 1
