4.28 0.1 1
6.2 0.1 1
10.09 0.1 1
12.12 0.1 1
18.17 0.1 1
20.06 0.1 1
22.06 0.1 1
23.99 0.1 1
26.06 0.1 1
33.88 0.1 1
35.86 0.1 1
37.84 0.1 1
41.96 0.1 1
45.93 0.1 1
47.82 0.1 1
49.9 0.1 1
51.9 0.1 1
57.7 0.1 1
67.71 0.1 1
69.72 0.1 1
71.54 0.1 1
73.53 0.1 1
77.66 0.1 1
79.46 0.1 1
81.55 0.1 1
85.5 0.1 1
87.6 0.1 1
89.41 0.1 1
91.42 0.1 1
95.38 0.1 1
107.4 0.1 1
121.28 0.1 1
125.11 0.1 1
127.21 0.1 1
131.18 0.1 1
133.06 0.1 1
135.15 0.1 1
137.13 0.1 1
139.02 0.1 1
145 0.1 1
146.95 0.1 1
150.99 0.1 1
152.94 0.1 1
154.96 0.1 1
162.97 0.1 1
166.74 0.1 1
168.73 0.1 1
170.79 0.1 1
172.78 0.1 1
176.75 0.1 1
182.76 0.1 1
184.66 0.1 1
190.58 0.1 1
194.64 0.1 1
198.67 0.1 1
202.52 0.1 1
208.39 0.1 1
214.46 0.1 1
218.44 0.1 1
224.35 0.1 1
228.26 0.1 1
238.2 0.1 1
244.17 0.1 1
246.24 0.1 1
250.11 0.1 1
258.09 0.1 1
260.14 0.1 1
262.04 0.1 1
264.08 0.1 1
266.06 0.1 1
269.98 0.1 1
273.91 0.1 1
276 0.1 1
279.93 0.1 1
285.85 0.1 1
289.75 0.1 1
295.77 0.1 1
297.72 0.1 1
299.82 0.1 1
301.79 0.1 1
303.79 0.1 1
305.63 0.1 1
307.64 0.1 1
309.63 0.1 1
325.55 0.1 1
327.6 0.1 1
331.52 0.1 1
333.47 0.1 1
337.42 0.1 1
341.34 0.1 1
349.39 0.1 1
355.33 0.1 1
359.26 0.1 1
361.23 0.1 1
363.26 0.1 1
365.3 0.1 1
371.13 0.1 1
375.17 0.1 1
377.07 0.1 1
385.17 0.1 1
392.91 0.1 1
395.01 0.1 1
400.96 0.1 1
402.93 0.1 1
410.88 0.1 1
412.87 0.1 1
414.76 0.1 1
424.77 0.1 1
426.69 0.1 1
438.74 0.1 1
440.61 0.1 1
442.68 0.1 1
446.51 0.1 1
448.54 0.1 1
458.55 0.1 1
462.45 0.1 1
466.52 0.1 1
468.38 0.1 1
474.4 0.1 1
480.24 0.1 1
482.26 0.1 1
484.24 0.1 1
486.32 0.1 1
492.18 0.1 1
494.19 0.1 1
496.1 0.1 1
500.21 0.1 1
504.17 0.1 1
