4.29 0.1 1
6.14 0.1 1
10.06 0.1 1
12.11 0.1 1
18.1 0.1 1
20.03 0.1 1
22.02 0.1 1
24.1 0.1 1
25.93 0.1 1
33.89 0.1 1
36.04 0.1 1
37.84 0.1 1
41.99 0.1 1
45.84 0.1 1
47.77 0.1 1
49.91 0.1 1
51.91 0.1 1
57.74 0.1 1
67.73 0.1 1
69.6 0.1 1
71.58 0.1 1
73.69 0.1 1
77.69 0.1 1
79.59 0.1 1
81.62 0.1 1
85.56 0.1 1
87.49 0.1 1
89.57 0.1 1
91.59 0.1 1
95.54 0.1 1
107.41 0.1 1
121.28 0.1 1
125.14 0.1 1
127.19 0.1 1
131.11 0.1 1
133.07 0.1 1
135.07 0.1 1
137.06 0.1 1
138.99 0.1 1
145.06 0.1 1
147 0.1 1
150.93 0.1 1
153.05 0.1 1
154.86 0.1 1
162.87 0.1 1
166.8 0.1 1
168.79 0.1 1
170.74 0.1 1
172.72 0.1 1
176.86 0.1 1
182.76 0.1 1
184.68 0.1 1
190.68 0.1 1
194.56 0.1 1
198.63 0.1 1
202.47 0.1 1
208.45 0.1 1
214.37 0.1 1
218.42 0.1 1
224.41 0.1 1
228.36 0.1 1
238.18 0.1 1
244.15 0.1 1
246.22 0.1 1
250.2 0.1 1
258 0.1 1
260.17 0.1 1
262.04 0.1 1
264.12 0.1 1
266.12 0.1 1
269.99 0.1 1
273.96 0.1 1
276.01 0.1 1
279.96 0.1 1
285.9 0.1 1
289.91 0.1 1
295.75 0.1 1
297.85 0.1 1
299.7 0.1 1
301.8 0.1 1
303.77 0.1 1
305.62 0.1 1
307.65 0.1 1
309.67 0.1 1
325.53 0.1 1
327.55 0.1 1
331.51 0.1 1
333.51 0.1 1
337.43 0.1 1
341.45 0.1 1
349.35 0.1 1
355.32 0.1 1
359.29 0.1 1
361.24 0.1 1
363.23 0.1 1
365.27 0.1 1
371.26 0.1 1
375.08 0.1 1
377.1 0.1 1
385.05 0.1 1
393.09 0.1 1
394.92 0.1 1
401.04 0.1 1
402.87 0.1 1
410.89 0.1 1
412.81 0.1 1
414.83 0.1 1
424.68 0.1 1
426.68 0.1 1
438.7 0.1 1
440.62 0.1 1
442.5 0.1 1
446.56 0.1 1
448.57 0.1 1
458.56 0.1 1
462.53 0.1 1
466.31 0.1 1
468.3 0.1 1
474.3 0.1 1
480.3 0.1 1
482.25 0.1 1
484.29 0.1 1
486.17 0.1 1
492.24 0.1 1
494.19 0.1 1
496.22 0.1 1
500.04 0.1 1
504.13 0.1 1
