4.26 0.1 1
6.22 0.1 1
10.05 0.1 1
12.13 0.1 1
18.09 0.1 1
19.97 0.1 1
21.94 0.1 1
24.04 0.1 1
25.96 0.1 1
34.03 0.1 1
35.83 0.1 1
37.98 0.1 1
41.83 0.1 1
45.86 0.1 1
47.8 0.1 1
49.91 0.1 1
51.7 0.1 1
57.82 0.1 1
67.57 0.1 1
69.67 0.1 1
71.57 0.1 1
73.57 0.1 1
77.64 0.1 1
79.63 0.1 1
81.53 0.1 1
85.48 0.1 1
87.58 0.1 1
89.46 0.1 1
91.41 0.1 1
95.38 0.1 1
107.24 0.1 1
121.22 0.1 1
125.09 0.1 1
127.24 0.1 1
131.04 0.1 1
133.18 0.1 1
135.05 0.1 1
137.03 0.1 1
138.98 0.1 1
145.07 0.1 1
146.95 0.1 1
150.9 0.1 1
152.97 0.1 1
154.99 0.1 1
162.89 0.1 1
166.92 0.1 1
168.78 0.1 1
170.78 0.1 1
172.81 0.1 1
176.79 0.1 1
182.7 0.1 1
184.76 0.1 1
190.73 0.1 1
194.65 0.1 1
198.64 0.1 1
202.54 0.1 1
208.52 0.1 1
214.47 0.1 1
218.44 0.1 1
224.36 0.1 1
228.31 0.1 1
238.28 0.1 1
244.29 0.1 1
246.22 0.1 1
250.05 0.1 1
258.12 0.1 1
260.04 0.1 1
262.02 0.1 1
264.08 0.1 1
266.04 0.1 1
269.89 0.1 1
273.98 0.1 1
275.88 0.1 1
279.81 0.1 1
285.88 0.1 1
289.84 0.1 1
295.8 0.1 1
297.75 0.1 1
299.66 0.1 1
301.82 0.1 1
303.72 0.1 1
305.79 0.1 1
307.74 0.1 1
309.64 0.1 1
325.51 0.1 1
327.43 0.1 1
331.52 0.1 1
333.38 0.1 1
337.42 0.1 1
341.39 0.1 1
349.32 0.1 1
355.31 0.1 1
359.34 0.1 1
361.16 0.1 1
363.23 0.1 1
365.33 0.1 1
371.28 0.1 1
375.07 0.1 1
377.23 0.1 1
385.12 0.1 1
393.02 0.1 1
395.02 0.1 1
400.88 0.1 1
403.01 0.1 1
410.91 0.1 1
412.91 0.1 1
414.86 0.1 1
424.8 0.1 1
426.79 0.1 1
438.57 0.1 1
440.71 0.1 1
442.62 0.1 1
446.64 0.1 1
448.64 0.1 1
458.53 0.1 1
462.45 0.1 1
466.43 0.1 1
468.45 0.1 1
474.25 0.1 1
480.4 0.1 1
482.29 0.1 1
484.32 0.1 1
486.16 0.1 1
492.21 0.1 1
494.21 0.1 1
496.13 0.1 1
500.13 0.1 1
504.11 0.1 1
