4.26 0.1 1
6.17 0.1 1
10.22 0.1 1
12.17 0.1 1
18.07 0.1 1
20.04 0.1 1
21.97 0.1 1
23.97 0.1 1
26.11 0.1 1
33.89 0.1 1
35.98 0.1 1
37.91 0.1 1
41.8 0.1 1
45.83 0.1 1
47.78 0.1 1
49.83 0.1 1
51.81 0.1 1
57.85 0.1 1
67.64 0.1 1
69.56 0.1 1
71.57 0.1 1
73.69 0.1 1
77.66 0.1 1
79.64 0.1 1
81.46 0.1 1
85.44 0.1 1
87.43 0.1 1
89.56 0.1 1
91.55 0.1 1
95.38 0.1 1
107.37 0.1 1
121.16 0.1 1
125.22 0.1 1
127.29 0.1 1
131.19 0.1 1
133.06 0.1 1
135.11 0.1 1
137.18 0.1 1
139.18 0.1 1
145.03 0.1 1
147.13 0.1 1
150.93 0.1 1
152.94 0.1 1
154.95 0.1 1
162.94 0.1 1
166.92 0.1 1
168.76 0.1 1
170.87 0.1 1
172.76 0.1 1
176.74 0.1 1
182.84 0.1 1
184.76 0.1 1
190.76 0.1 1
194.65 0.1 1
198.68 0.1 1
202.5 0.1 1
208.64 0.1 1
214.49 0.1 1
218.49 0.1 1
224.41 0.1 1
228.31 0.1 1
238.31 0.1 1
244.2 0.1 1
246.15 0.1 1
250.24 0.1 1
258.16 0.1 1
260.02 0.1 1
262.21 0.1 1
264.19 0.1 1
266.11 0.1 1
270.06 0.1 1
273.91 0.1 1
276.06 0.1 1
280.06 0.1 1
285.9 0.1 1
289.82 0.1 1
295.85 0.1 1
297.8 0.1 1
299.7 0.1 1
301.82 0.1 1
303.77 0.1 1
305.79 0.1 1
307.71 0.1 1
309.79 0.1 1
325.55 0.1 1
327.58 0.1 1
331.63 0.1 1
333.52 0.1 1
337.48 0.1 1
341.55 0.1 1
349.4 0.1 1
355.41 0.1 1
359.36 0.1 1
361.28 0.1 1
363.19 0.1 1
365.33 0.1 1
371.3 0.1 1
375.12 0.1 1
377.2 0.1 1
385.02 0.1 1
392.97 0.1 1
394.99 0.1 1
400.89 0.1 1
402.96 0.1 1
410.94 0.1 1
412.88 0.1 1
414.91 0.1 1
424.82 0.1 1
426.88 0.1 1
438.62 0.1 1
440.77 0.1 1
442.56 0.1 1
446.52 0.1 1
448.51 0.1 1
458.61 0.1 1
462.48 0.1 1
466.4 0.1 1
468.4 0.1 1
474.35 0.1 1
480.34 0.1 1
482.35 0.1 1
484.27 0.1 1
486.4 0.1 1
492.34 0.1 1
494.26 0.1 1
496.27 0.1 1
500.13 0.1 1
504.14 0.1 1
