4.11 0.1 1
6.18 0.1 1
10.16 0.1 1
12.15 0.1 1
18.12 0.1 1
20.1 0.1 1
21.97 0.1 1
23.95 0.1 1
26.09 0.1 1
33.97 0.1 1
35.96 0.1 1
38.01 0.1 1
41.84 0.1 1
45.74 0.1 1
47.73 0.1 1
49.78 0.1 1
51.83 0.1 1
57.66 0.1 1
67.72 0.1 1
69.53 0.1 1
71.59 0.1 1
73.54 0.1 1
77.52 0.1 1
79.52 0.1 1
81.62 0.1 1
85.52 0.1 1
87.42 0.1 1
89.58 0.1 1
91.36 0.1 1
95.41 0.1 1
107.33 0.1 1
121.25 0.1 1
125.29 0.1 1
127.14 0.1 1
131.09 0.1 1
133.07 0.1 1
135.08 0.1 1
137.08 0.1 1
139.04 0.1 1
144.98 0.1 1
146.98 0.1 1
150.97 0.1 1
153 0.1 1
154.83 0.1 1
162.82 0.1 1
166.9 0.1 1
168.77 0.1 1
170.74 0.1 1
172.87 0.1 1
176.86 0.1 1
182.64 0.1 1
184.63 0.1 1
190.6 0.1 1
194.55 0.1 1
198.56 0.1 1
202.55 0.1 1
208.45 0.1 1
214.47 0.1 1
218.39 0.1 1
224.29 0.1 1
228.23 0.1 1
238.18 0.1 1
244.2 0.1 1
246.15 0.1 1
250.13 0.1 1
258.12 0.1 1
260 0.1 1
262.12 0.1 1
263.94 0.1 1
266.07 0.1 1
269.99 0.1 1
273.99 0.1 1
276.01 0.1 1
279.81 0.1 1
285.8 0.1 1
289.76 0.1 1
295.85 0.1 1
297.65 0.1 1
299.82 0.1 1
301.64 0.1 1
303.69 0.1 1
305.77 0.1 1
307.74 0.1 1
309.57 0.1 1
325.43 0.1 1
327.39 0.1 1
331.55 0.1 1
333.43 0.1 1
337.35 0.1 1
341.3 0.1 1
349.35 0.1 1
355.19 0.1 1
359.31 0.1 1
361.12 0.1 1
363.29 0.1 1
365.16 0.1 1
371.08 0.1 1
375.14 0.1 1
377 0.1 1
385.1 0.1 1
392.99 0.1 1
394.99 0.1 1
400.82 0.1 1
402.94 0.1 1
410.81 0.1 1
412.69 0.1 1
414.69 0.1 1
424.63 0.1 1
426.66 0.1 1
438.6 0.1 1
440.49 0.1 1
442.54 0.1 1
446.44 0.1 1
448.49 0.1 1
458.52 0.1 1
462.38 0.1 1
466.28 0.1 1
468.36 0.1 1
474.25 0.1 1
480.35 0.1 1
482.25 0.1 1
484.2 0.1 1
486.22 0.1 1
492.17 0.1 1
494.09 0.1 1
496.12 0.1 1
500.11 0.1 1
504.12 0.1 1
