4.28 0.1 1
6.23 0.1 1
10.03 0.1 1
12.05 0.1 1
18.05 0.1 1
19.97 0.1 1
21.97 0.1 1
24.12 0.1 1
25.92 0.1 1
34.04 0.1 1
35.89 0.1 1
37.97 0.1 1
41.89 0.1 1
45.83 0.1 1
47.79 0.1 1
49.76 0.1 1
51.76 0.1 1
57.66 0.1 1
67.7 0.1 1
69.65 0.1 1
71.67 0.1 1
73.54 0.1 1
77.66 0.1 1
79.56 0.1 1
81.56 0.1 1
85.59 0.1 1
87.43 0.1 1
89.59 0.1 1
91.51 0.1 1
95.36 0.1 1
107.27 0.1 1
121.19 0.1 1
125.14 0.1 1
127.11 0.1 1
131.08 0.1 1
133.24 0.1 1
135.19 0.1 1
137.13 0.1 1
139.01 0.1 1
145.01 0.1 1
146.93 0.1 1
150.95 0.1 1
152.98 0.1 1
154.98 0.1 1
162.8 0.1 1
166.86 0.1 1
168.89 0.1 1
170.76 0.1 1
172.72 0.1 1
176.83 0.1 1
182.76 0.1 1
184.78 0.1 1
190.56 0.1 1
194.72 0.1 1
198.68 0.1 1
202.49 0.1 1
208.6 0.1 1
214.54 0.1 1
218.49 0.1 1
224.41 0.1 1
228.25 0.1 1
238.33 0.1 1
244.17 0.1 1
246.25 0.1 1
250.07 0.1 1
258.17 0.1 1
260.01 0.1 1
262.14 0.1 1
263.98 0.1 1
266.01 0.1 1
270.01 0.1 1
273.93 0.1 1
276 0.1 1
279.98 0.1 1
285.87 0.1 1
289.88 0.1 1
295.75 0.1 1
297.69 0.1 1
299.64 0.1 1
301.62 0.1 1
303.74 0.1 1
305.64 0.1 1
307.64 0.1 1
309.74 0.1 1
325.63 0.1 1
327.42 0.1 1
331.45 0.1 1
333.52 0.1 1
337.35 0.1 1
341.3 0.1 1
349.39 0.1 1
355.31 0.1 1
359.16 0.1 1
361.31 0.1 1
363.33 0.1 1
365.2 0.1 1
371.15 0.1 1
375.23 0.1 1
377.15 0.1 1
385.15 0.1 1
392.89 0.1 1
395.02 0.1 1
400.83 0.1 1
402.91 0.1 1
410.8 0.1 1
412.85 0.1 1
414.75 0.1 1
424.8 0.1 1
426.64 0.1 1
438.52 0.1 1
440.54 0.1 1
442.49 0.1 1
446.46 0.1 1
448.46 0.1 1
458.45 0.1 1
462.4 0.1 1
466.35 0.1 1
468.4 0.1 1
474.42 0.1 1
480.39 0.1 1
482.19 0.1 1
484.22 0.1 1
486.27 0.1 1
492.21 0.1 1
494.21 0.1 1
496.26 0.1 1
500.21 0.1 1
504.12 0.1 1
