4.14 0.1 1
6.21 0.1 1
10.19 0.1 1
12.03 0.1 1
18.14 0.1 1
20.08 0.1 1
21.95 0.1 1
24.01 0.1 1
25.91 0.1 1
33.93 0.1 1
36 0.1 1
37.98 0.1 1
41.97 0.1 1
45.79 0.1 1
47.79 0.1 1
49.81 0.1 1
51.86 0.1 1
57.78 0.1 1
67.6 0.1 1
69.6 0.1 1
71.65 0.1 1
73.73 0.1 1
77.67 0.1 1
79.67 0.1 1
81.57 0.1 1
85.59 0.1 1
87.57 0.1 1
89.52 0.1 1
91.41 0.1 1
95.42 0.1 1
107.39 0.1 1
121.25 0.1 1
125.17 0.1 1
127.17 0.1 1
131.15 0.1 1
133.05 0.1 1
135.15 0.1 1
137.07 0.1 1
138.97 0.1 1
145.11 0.1 1
147.04 0.1 1
150.89 0.1 1
153.04 0.1 1
154.88 0.1 1
162.88 0.1 1
166.87 0.1 1
168.75 0.1 1
170.82 0.1 1
172.87 0.1 1
176.85 0.1 1
182.74 0.1 1
184.72 0.1 1
190.62 0.1 1
194.69 0.1 1
198.51 0.1 1
202.46 0.1 1
208.47 0.1 1
214.48 0.1 1
218.5 0.1 1
224.45 0.1 1
228.25 0.1 1
238.33 0.1 1
244.21 0.1 1
246.09 0.1 1
250.1 0.1 1
258.17 0.1 1
260.03 0.1 1
261.97 0.1 1
263.97 0.1 1
266.14 0.1 1
270.04 0.1 1
273.95 0.1 1
276.02 0.1 1
279.94 0.1 1
285.88 0.1 1
289.85 0.1 1
295.83 0.1 1
297.78 0.1 1
299.81 0.1 1
301.7 0.1 1
303.8 0.1 1
305.67 0.1 1
307.62 0.1 1
309.6 0.1 1
325.42 0.1 1
327.57 0.1 1
331.53 0.1 1
333.36 0.1 1
337.44 0.1 1
341.48 0.1 1
349.38 0.1 1
355.29 0.1 1
359.19 0.1 1
361.22 0.1 1
363.15 0.1 1
365.31 0.1 1
371.23 0.1 1
375.11 0.1 1
377.16 0.1 1
385.05 0.1 1
393.07 0.1 1
394.98 0.1 1
400.82 0.1 1
402.84 0.1 1
410.76 0.1 1
412.74 0.1 1
414.74 0.1 1
424.73 0.1 1
426.64 0.1 1
438.53 0.1 1
440.5 0.1 1
442.52 0.1 1
446.55 0.1 1
448.49 0.1 1
458.47 0.1 1
462.34 0.1 1
466.48 0.1 1
468.44 0.1 1
474.28 0.1 1
480.18 0.1 1
482.2 0.1 1
484.23 0.1 1
486.32 0.1 1
492.19 0.1 1
494.09 0.1 1
496.24 0.1 1
500.19 0.1 1
504.01 0.1 1
