4.13 0.1 1
6.02 0.1 1
10.07 0.1 1
12.12 0.1 1
17.9 0.1 1
19.99 0.1 1
21.96 0.1 1
23.95 0.1 1
25.84 0.1 1
33.73 0.1 1
35.84 0.1 1
37.66 0.1 1
41.67 0.1 1
45.51 0.1 1
47.62 0.1 1
49.62 0.1 1
51.61 0.1 1
57.4 0.1 1
67.21 0.1 1
69.19 0.1 1
71.26 0.1 1
73.31 0.1 1
77.28 0.1 1
79.15 0.1 1
81.23 0.1 1
85.09 0.1 1
87.11 0.1 1
89.02 0.1 1
91.12 0.1 1
95 0.1 1
106.78 0.1 1
120.69 0.1 1
124.5 0.1 1
126.46 0.1 1
130.42 0.1 1
132.43 0.1 1
134.54 0.1 1
136.48 0.1 1
138.34 0.1 1
144.33 0.1 1
146.23 0.1 1
150.22 0.1 1
152.14 0.1 1
154.14 0.1 1
162.02 0.1 1
166.03 0.1 1
167.99 0.1 1
169.94 0.1 1
172.05 0.1 1
175.96 0.1 1
181.77 0.1 1
183.77 0.1 1
189.78 0.1 1
193.81 0.1 1
197.72 0.1 1
201.57 0.1 1
207.6 0.1 1
213.49 0.1 1
217.42 0.1 1
223.26 0.1 1
227.18 0.1 1
237.24 0.1 1
243.02 0.1 1
244.94 0.1 1
248.99 0.1 1
256.82 0.1 1
258.74 0.1 1
260.88 0.1 1
262.88 0.1 1
264.67 0.1 1
268.81 0.1 1
272.64 0.1 1
274.73 0.1 1
278.67 0.1 1
284.43 0.1 1
288.52 0.1 1
294.47 0.1 1
296.28 0.1 1
298.24 0.1 1
300.4 0.1 1
302.38 0.1 1
304.24 0.1 1
306.13 0.1 1
308.17 0.1 1
323.92 0.1 1
326 0.1 1
329.89 0.1 1
331.9 0.1 1
335.81 0.1 1
339.71 0.1 1
347.76 0.1 1
353.61 0.1 1
357.52 0.1 1
359.53 0.1 1
361.5 0.1 1
363.41 0.1 1
369.34 0.1 1
373.23 0.1 1
375.26 0.1 1
383.13 0.1 1
390.97 0.1 1
392.94 0.1 1
398.99 0.1 1
401.01 0.1 1
408.78 0.1 1
410.92 0.1 1
412.84 0.1 1
422.68 0.1 1
424.7 0.1 1
436.42 0.1 1
438.4 0.1 1
440.36 0.1 1
444.37 0.1 1
446.27 0.1 1
456.13 0.1 1
460.14 0.1 1
464.19 0.1 1
466.07 0.1 1
471.96 0.1 1
477.87 0.1 1
479.88 0.1 1
481.8 0.1 1
483.81 0.1 1
489.82 0.1 1
491.82 0.1 1
493.83 0.1 1
497.63 0.1 1
501.75 0.1 1
