4.21 0.1 1
6.23 0.1 1
10.22 0.1 1
12.05 0.1 1
18.02 0.1 1
20 0.1 1
21.95 0.1 1
24 0.1 1
25.97 0.1 1
33.91 0.1 1
35.99 0.1 1
37.94 0.1 1
41.86 0.1 1
45.95 0.1 1
47.85 0.1 1
49.88 0.1 1
51.78 0.1 1
57.77 0.1 1
67.62 0.1 1
69.67 0.1 1
71.7 0.1 1
73.56 0.1 1
77.64 0.1 1
79.64 0.1 1
81.58 0.1 1
85.48 0.1 1
87.58 0.1 1
89.54 0.1 1
91.55 0.1 1
95.53 0.1 1
107.28 0.1 1
121.32 0.1 1
125.29 0.1 1
127.29 0.1 1
131.13 0.1 1
133.04 0.1 1
135.21 0.1 1
137.11 0.1 1
139.08 0.1 1
144.95 0.1 1
147.1 0.1 1
151 0.1 1
152.95 0.1 1
155.02 0.1 1
162.92 0.1 1
166.86 0.1 1
168.77 0.1 1
170.94 0.1 1
172.81 0.1 1
176.81 0.1 1
182.65 0.1 1
184.66 0.1 1
190.56 0.1 1
194.6 0.1 1
198.67 0.1 1
202.55 0.1 1
208.57 0.1 1
214.41 0.1 1
218.46 0.1 1
224.41 0.1 1
228.39 0.1 1
238.33 0.1 1
244.3 0.1 1
246.15 0.1 1
250.17 0.1 1
258 0.1 1
260.19 0.1 1
262.04 0.1 1
264.16 0.1 1
266.14 0.1 1
270.11 0.1 1
273.98 0.1 1
275.98 0.1 1
279.91 0.1 1
285.9 0.1 1
289.8 0.1 1
295.77 0.1 1
297.69 0.1 1
299.85 0.1 1
301.8 0.1 1
303.72 0.1 1
305.72 0.1 1
307.71 0.1 1
309.69 0.1 1
325.6 0.1 1
327.58 0.1 1
331.51 0.1 1
333.55 0.1 1
337.4 0.1 1
341.5 0.1 1
349.32 0.1 1
355.32 0.1 1
359.36 0.1 1
361.32 0.1 1
363.31 0.1 1
365.18 0.1 1
371.2 0.1 1
375.23 0.1 1
377.11 0.1 1
385.12 0.1 1
393.02 0.1 1
394.9 0.1 1
401.04 0.1 1
402.97 0.1 1
410.98 0.1 1
412.83 0.1 1
414.85 0.1 1
424.81 0.1 1
426.65 0.1 1
438.65 0.1 1
440.69 0.1 1
442.57 0.1 1
446.52 0.1 1
448.49 0.1 1
458.41 0.1 1
462.55 0.1 1
466.48 0.1 1
468.36 0.1 1
474.3 0.1 1
480.25 0.1 1
482.2 0.1 1
484.19 0.1 1
486.24 0.1 1
492.27 0.1 1
494.17 0.1 1
496.19 0.1 1
500.16 0.1 1
504.16 0.1 1
