4.18 0.1 1
6.08 0.1 1
10.07 0.1 1
12.15 0.1 1
18.11 0.1 1
20.16 0.1 1
22.06 0.1 1
24.07 0.1 1
25.91 0.1 1
34.04 0.1 1
35.83 0.1 1
37.98 0.1 1
41.91 0.1 1
45.91 0.1 1
47.8 0.1 1
49.72 0.1 1
51.7 0.1 1
57.74 0.1 1
67.59 0.1 1
69.72 0.1 1
71.72 0.1 1
73.69 0.1 1
77.66 0.1 1
79.64 0.1 1
81.58 0.1 1
85.55 0.1 1
87.5 0.1 1
89.58 0.1 1
91.55 0.1 1
95.5 0.1 1
107.39 0.1 1
121.14 0.1 1
125.23 0.1 1
127.08 0.1 1
131.18 0.1 1
133.18 0.1 1
135.01 0.1 1
137.1 0.1 1
139.12 0.1 1
145.12 0.1 1
147.02 0.1 1
151.02 0.1 1
153 0.1 1
154.89 0.1 1
162.84 0.1 1
166.88 0.1 1
168.81 0.1 1
170.84 0.1 1
172.76 0.1 1
176.86 0.1 1
182.72 0.1 1
184.63 0.1 1
190.65 0.1 1
194.67 0.1 1
198.65 0.1 1
202.46 0.1 1
208.43 0.1 1
214.53 0.1 1
218.41 0.1 1
224.41 0.1 1
228.35 0.1 1
238.27 0.1 1
244.27 0.1 1
246.19 0.1 1
250.24 0.1 1
258.18 0.1 1
260.13 0.1 1
262.03 0.1 1
264.16 0.1 1
266.13 0.1 1
270.08 0.1 1
274.06 0.1 1
275.97 0.1 1
279.98 0.1 1
285.9 0.1 1
289.92 0.1 1
295.77 0.1 1
297.79 0.1 1
299.74 0.1 1
301.86 0.1 1
303.78 0.1 1
305.73 0.1 1
307.68 0.1 1
309.6 0.1 1
325.58 0.1 1
327.5 0.1 1
331.62 0.1 1
333.42 0.1 1
337.49 0.1 1
341.47 0.1 1
349.26 0.1 1
355.38 0.1 1
359.2 0.1 1
361.23 0.1 1
363.2 0.1 1
365.17 0.1 1
371.15 0.1 1
375.22 0.1 1
377.04 0.1 1
384.99 0.1 1
392.99 0.1 1
394.99 0.1 1
400.88 0.1 1
402.88 0.1 1
410.95 0.1 1
412.82 0.1 1
414.85 0.1 1
424.84 0.1 1
426.82 0.1 1
438.68 0.1 1
440.58 0.1 1
442.68 0.1 1
446.66 0.1 1
448.56 0.1 1
458.46 0.1 1
462.38 0.1 1
466.44 0.1 1
468.37 0.1 1
474.24 0.1 1
480.26 0.1 1
482.36 0.1 1
484.36 0.1 1
486.18 0.1 1
492.19 0.1 1
494.13 0.1 1
496.11 0.1 1
500.1 0.1 1
504.18 0.1 1
