4.29 0.1 1
6.12 0.1 1
10.18 0.1 1
12.19 0.1 1
18.09 0.1 1
19.98 0.1 1
21.98 0.1 1
23.95 0.1 1
25.98 0.1 1
33.92 0.1 1
35.85 0.1 1
37.82 0.1 1
41.84 0.1 1
45.91 0.1 1
47.86 0.1 1
49.91 0.1 1
51.82 0.1 1
57.66 0.1 1
67.6 0.1 1
69.66 0.1 1
71.56 0.1 1
73.62 0.1 1
77.5 0.1 1
79.6 0.1 1
81.58 0.1 1
85.49 0.1 1
87.59 0.1 1
89.59 0.1 1
91.57 0.1 1
95.42 0.1 1
107.36 0.1 1
121.25 0.1 1
125.28 0.1 1
127.14 0.1 1
131.04 0.1 1
133.1 0.1 1
135.09 0.1 1
137.19 0.1 1
139.16 0.1 1
144.97 0.1 1
146.96 0.1 1
151.08 0.1 1
153.06 0.1 1
155.03 0.1 1
162.8 0.1 1
166.75 0.1 1
168.73 0.1 1
170.92 0.1 1
172.84 0.1 1
176.77 0.1 1
182.76 0.1 1
184.79 0.1 1
190.66 0.1 1
194.54 0.1 1
198.59 0.1 1
202.63 0.1 1
208.6 0.1 1
214.55 0.1 1
218.35 0.1 1
224.29 0.1 1
228.26 0.1 1
238.38 0.1 1
244.21 0.1 1
246.11 0.1 1
250.25 0.1 1
258.2 0.1 1
260.12 0.1 1
262.15 0.1 1
264.15 0.1 1
266.05 0.1 1
270.12 0.1 1
274.02 0.1 1
276.01 0.1 1
279.91 0.1 1
285.91 0.1 1
289.91 0.1 1
295.71 0.1 1
297.78 0.1 1
299.73 0.1 1
301.8 0.1 1
303.82 0.1 1
305.82 0.1 1
307.63 0.1 1
309.7 0.1 1
325.66 0.1 1
327.58 0.1 1
331.43 0.1 1
333.56 0.1 1
337.51 0.1 1
341.43 0.1 1
349.37 0.1 1
355.29 0.1 1
359.3 0.1 1
361.2 0.1 1
363.19 0.1 1
365.27 0.1 1
371.12 0.1 1
375.13 0.1 1
377.21 0.1 1
385.06 0.1 1
392.93 0.1 1
395.03 0.1 1
401 0.1 1
403.04 0.1 1
410.92 0.1 1
412.77 0.1 1
414.92 0.1 1
424.66 0.1 1
426.68 0.1 1
438.63 0.1 1
440.63 0.1 1
442.55 0.1 1
446.6 0.1 1
448.52 0.1 1
458.49 0.1 1
462.48 0.1 1
466.46 0.1 1
468.51 0.1 1
474.46 0.1 1
480.4 0.1 1
482.35 0.1 1
484.37 0.1 1
486.32 0.1 1
492.32 0.1 1
494.19 0.1 1
496.29 0.1 1
500.12 0.1 1
504.16 0.1 1
