4.22 0.1 1
6.19 0.1 1
10.06 0.1 1
12.01 0.1 1
17.94 0.1 1
19.99 0.1 1
21.98 0.1 1
23.88 0.1 1
25.95 0.1 1
33.89 0.1 1
35.67 0.1 1
37.81 0.1 1
41.65 0.1 1
45.63 0.1 1
47.53 0.1 1
49.65 0.1 1
51.62 0.1 1
57.48 0.1 1
67.49 0.1 1
69.29 0.1 1
71.31 0.1 1
73.34 0.1 1
77.21 0.1 1
79.2 0.1 1
81.15 0.1 1
85.21 0.1 1
87.16 0.1 1
89.06 0.1 1
91 0.1 1
94.92 0.1 1
106.91 0.1 1
120.78 0.1 1
124.71 0.1 1
126.75 0.1 1
130.65 0.1 1
132.74 0.1 1
134.56 0.1 1
136.68 0.1 1
138.48 0.1 1
144.43 0.1 1
146.37 0.1 1
150.37 0.1 1
152.34 0.1 1
154.41 0.1 1
162.32 0.1 1
166.14 0.1 1
168.11 0.1 1
170.26 0.1 1
172.09 0.1 1
176.08 0.1 1
181.95 0.1 1
183.96 0.1 1
190 0.1 1
193.9 0.1 1
197.89 0.1 1
201.84 0.1 1
207.71 0.1 1
213.77 0.1 1
217.69 0.1 1
223.66 0.1 1
227.52 0.1 1
237.49 0.1 1
243.28 0.1 1
245.32 0.1 1
249.37 0.1 1
257.18 0.1 1
259.23 0.1 1
261.08 0.1 1
263.17 0.1 1
265.11 0.1 1
269.14 0.1 1
272.9 0.1 1
274.9 0.1 1
278.85 0.1 1
284.83 0.1 1
288.91 0.1 1
294.72 0.1 1
296.69 0.1 1
298.79 0.1 1
300.73 0.1 1
302.54 0.1 1
304.61 0.1 1
306.62 0.1 1
308.52 0.1 1
324.47 0.1 1
326.44 0.1 1
330.31 0.1 1
332.29 0.1 1
336.35 0.1 1
340.3 0.1 1
348.11 0.1 1
354.11 0.1 1
358.08 0.1 1
360.02 0.1 1
361.89 0.1 1
364.02 0.1 1
369.88 0.1 1
373.83 0.1 1
375.85 0.1 1
383.79 0.1 1
391.67 0.1 1
393.57 0.1 1
399.51 0.1 1
401.41 0.1 1
409.44 0.1 1
411.49 0.1 1
413.42 0.1 1
423.32 0.1 1
425.25 0.1 1
437.23 0.1 1
439.15 0.1 1
440.99 0.1 1
445.11 0.1 1
447.07 0.1 1
456.94 0.1 1
460.95 0.1 1
464.86 0.1 1
466.89 0.1 1
472.65 0.1 1
478.67 0.1 1
480.59 0.1 1
482.61 0.1 1
484.63 0.1 1
490.57 0.1 1
492.4 0.1 1
494.42 0.1 1
498.44 0.1 1
502.43 0.1 1
