4.21 0.1 1
6.09 0.1 1
10.08 0.1 1
12.06 0.1 1
17.98 0.1 1
19.98 0.1 1
21.98 0.1 1
24.06 0.1 1
25.93 0.1 1
33.92 0.1 1
35.87 0.1 1
37.99 0.1 1
41.95 0.1 1
45.91 0.1 1
47.77 0.1 1
49.76 0.1 1
51.87 0.1 1
57.83 0.1 1
67.66 0.1 1
69.68 0.1 1
71.56 0.1 1
73.67 0.1 1
77.62 0.1 1
79.68 0.1 1
81.53 0.1 1
85.49 0.1 1
87.54 0.1 1
89.57 0.1 1
91.49 0.1 1
95.52 0.1 1
107.43 0.1 1
121.25 0.1 1
125.23 0.1 1
127.14 0.1 1
131.2 0.1 1
133.19 0.1 1
135.24 0.1 1
137.1 0.1 1
139.02 0.1 1
144.99 0.1 1
147.14 0.1 1
151.01 0.1 1
152.98 0.1 1
154.96 0.1 1
163.01 0.1 1
166.8 0.1 1
168.83 0.1 1
170.87 0.1 1
172.84 0.1 1
176.89 0.1 1
182.67 0.1 1
184.74 0.1 1
190.59 0.1 1
194.64 0.1 1
198.56 0.1 1
202.68 0.1 1
208.65 0.1 1
214.42 0.1 1
218.44 0.1 1
224.37 0.1 1
228.47 0.1 1
238.32 0.1 1
244.19 0.1 1
246.21 0.1 1
250.25 0.1 1
258.13 0.1 1
260.03 0.1 1
262.15 0.1 1
264.12 0.1 1
266.17 0.1 1
270.04 0.1 1
274.02 0.1 1
275.97 0.1 1
279.92 0.1 1
285.84 0.1 1
289.98 0.1 1
295.95 0.1 1
297.75 0.1 1
299.86 0.1 1
301.85 0.1 1
303.83 0.1 1
305.75 0.1 1
307.7 0.1 1
309.7 0.1 1
325.61 0.1 1
327.66 0.1 1
331.46 0.1 1
333.53 0.1 1
337.58 0.1 1
341.5 0.1 1
349.32 0.1 1
355.32 0.1 1
359.3 0.1 1
361.29 0.1 1
363.37 0.1 1
365.36 0.1 1
371.26 0.1 1
375.21 0.1 1
377.26 0.1 1
385.21 0.1 1
393.08 0.1 1
395.07 0.1 1
400.9 0.1 1
403.04 0.1 1
410.92 0.1 1
412.86 0.1 1
414.79 0.1 1
424.88 0.1 1
426.71 0.1 1
438.63 0.1 1
440.6 0.1 1
442.72 0.1 1
446.6 0.1 1
448.6 0.1 1
458.62 0.1 1
462.54 0.1 1
466.44 0.1 1
468.51 0.1 1
474.34 0.1 1
480.25 0.1 1
482.3 0.1 1
484.26 0.1 1
486.25 0.1 1
492.15 0.1 1
494.27 0.1 1
496.32 0.1 1
500.24 0.1 1
504.24 0.1 1
