4.24 0.1 1
6.23 0.1 1
10.18 0.1 1
12.16 0.1 1
18.07 0.1 1
20.02 0.1 1
22.1 0.1 1
24.08 0.1 1
26.1 0.1 1
33.92 0.1 1
36.01 0.1 1
37.91 0.1 1
41.81 0.1 1
45.78 0.1 1
47.83 0.1 1
49.79 0.1 1
51.74 0.1 1
57.66 0.1 1
67.62 0.1 1
69.72 0.1 1
71.52 0.1 1
73.6 0.1 1
77.49 0.1 1
79.55 0.1 1
81.44 0.1 1
85.59 0.1 1
87.42 0.1 1
89.38 0.1 1
91.39 0.1 1
95.41 0.1 1
107.43 0.1 1
121.14 0.1 1
125.07 0.1 1
127.16 0.1 1
131.22 0.1 1
133.16 0.1 1
135.02 0.1 1
137.14 0.1 1
139.04 0.1 1
144.93 0.1 1
146.98 0.1 1
150.85 0.1 1
152.91 0.1 1
155 0.1 1
162.92 0.1 1
166.74 0.1 1
168.85 0.1 1
170.87 0.1 1
172.66 0.1 1
176.72 0.1 1
182.66 0.1 1
184.71 0.1 1
190.66 0.1 1
194.58 0.1 1
198.46 0.1 1
202.51 0.1 1
208.47 0.1 1
214.47 0.1 1
218.37 0.1 1
224.26 0.1 1
228.22 0.1 1
238.18 0.1 1
244.11 0.1 1
246.16 0.1 1
250.12 0.1 1
257.99 0.1 1
260 0.1 1
262.09 0.1 1
264.05 0.1 1
266 0.1 1
269.91 0.1 1
273.99 0.1 1
275.99 0.1 1
279.93 0.1 1
285.8 0.1 1
289.86 0.1 1
295.73 0.1 1
297.8 0.1 1
299.63 0.1 1
301.8 0.1 1
303.75 0.1 1
305.79 0.1 1
307.65 0.1 1
309.6 0.1 1
325.51 0.1 1
327.61 0.1 1
331.5 0.1 1
333.38 0.1 1
337.33 0.1 1
341.45 0.1 1
349.24 0.1 1
355.3 0.1 1
359.22 0.1 1
361.31 0.1 1
363.11 0.1 1
365.09 0.1 1
371.13 0.1 1
375.06 0.1 1
377.01 0.1 1
385.01 0.1 1
392.88 0.1 1
394.87 0.1 1
400.9 0.1 1
402.8 0.1 1
410.87 0.1 1
412.88 0.1 1
414.71 0.1 1
424.76 0.1 1
426.73 0.1 1
438.65 0.1 1
440.57 0.1 1
442.47 0.1 1
446.45 0.1 1
448.44 0.1 1
458.51 0.1 1
462.48 0.1 1
466.41 0.1 1
468.35 0.1 1
474.21 0.1 1
480.18 0.1 1
482.18 0.1 1
484.25 0.1 1
486.23 0.1 1
492.17 0.1 1
494.19 0.1 1
496.04 0.1 1
500.16 0.1 1
504.14 0.1 1
