4.18 0.1 1
6.11 0.1 1
10.1 0.1 1
12.1 0.1 1
18.07 0.1 1
20.07 0.1 1
22.05 0.1 1
24.12 0.1 1
26.07 0.1 1
34.02 0.1 1
36.02 0.1 1
37.89 0.1 1
41.79 0.1 1
45.81 0.1 1
47.81 0.1 1
49.88 0.1 1
51.71 0.1 1
57.83 0.1 1
67.65 0.1 1
69.6 0.1 1
71.55 0.1 1
73.62 0.1 1
77.54 0.1 1
79.56 0.1 1
81.56 0.1 1
85.61 0.1 1
87.44 0.1 1
89.53 0.1 1
91.38 0.1 1
95.43 0.1 1
107.43 0.1 1
121.25 0.1 1
125.29 0.1 1
127.2 0.1 1
131.12 0.1 1
133.16 0.1 1
135.06 0.1 1
137.11 0.1 1
139.06 0.1 1
145.09 0.1 1
147.06 0.1 1
150.9 0.1 1
152.96 0.1 1
154.87 0.1 1
162.97 0.1 1
166.85 0.1 1
168.79 0.1 1
170.8 0.1 1
172.72 0.1 1
176.64 0.1 1
182.68 0.1 1
184.59 0.1 1
190.65 0.1 1
194.56 0.1 1
198.66 0.1 1
202.48 0.1 1
208.58 0.1 1
214.5 0.1 1
218.32 0.1 1
224.41 0.1 1
228.39 0.1 1
238.29 0.1 1
244.18 0.1 1
246.16 0.1 1
250.07 0.1 1
258.15 0.1 1
260.07 0.1 1
261.99 0.1 1
264.05 0.1 1
266.04 0.1 1
270.07 0.1 1
274.02 0.1 1
275.89 0.1 1
279.93 0.1 1
285.78 0.1 1
289.83 0.1 1
295.78 0.1 1
297.85 0.1 1
299.65 0.1 1
301.69 0.1 1
303.75 0.1 1
305.65 0.1 1
307.59 0.1 1
309.69 0.1 1
325.56 0.1 1
327.43 0.1 1
331.44 0.1 1
333.56 0.1 1
337.36 0.1 1
341.33 0.1 1
349.33 0.1 1
355.39 0.1 1
359.22 0.1 1
361.31 0.1 1
363.26 0.1 1
365.17 0.1 1
371.16 0.1 1
375.13 0.1 1
377 0.1 1
385.13 0.1 1
392.9 0.1 1
394.94 0.1 1
400.85 0.1 1
402.9 0.1 1
410.72 0.1 1
412.89 0.1 1
414.73 0.1 1
424.68 0.1 1
426.7 0.1 1
438.58 0.1 1
440.5 0.1 1
442.63 0.1 1
446.45 0.1 1
448.55 0.1 1
458.44 0.1 1
462.43 0.1 1
466.38 0.1 1
468.36 0.1 1
474.21 0.1 1
480.26 0.1 1
482.25 0.1 1
484.32 0.1 1
486.22 0.1 1
492.14 0.1 1
494.12 0.1 1
496.19 0.1 1
500.14 0.1 1
504.16 0.1 1
