4.1 0.1 1
6.23 0.1 1
10.12 0.1 1
12.15 0.1 1
18.07 0.1 1
20.12 0.1 1
21.97 0.1 1
23.99 0.1 1
26.04 0.1 1
33.91 0.1 1
35.84 0.1 1
37.93 0.1 1
41.94 0.1 1
45.83 0.1 1
47.81 0.1 1
49.85 0.1 1
51.77 0.1 1
57.77 0.1 1
67.6 0.1 1
69.61 0.1 1
71.56 0.1 1
73.56 0.1 1
77.49 0.1 1
79.64 0.1 1
81.61 0.1 1
85.46 0.1 1
87.48 0.1 1
89.48 0.1 1
91.48 0.1 1
95.53 0.1 1
107.45 0.1 1
121.19 0.1 1
125.19 0.1 1
127.28 0.1 1
131.11 0.1 1
133.04 0.1 1
135.08 0.1 1
137.16 0.1 1
139 0.1 1
145.12 0.1 1
147.05 0.1 1
151.1 0.1 1
153.02 0.1 1
154.87 0.1 1
162.81 0.1 1
166.89 0.1 1
168.76 0.1 1
170.94 0.1 1
172.74 0.1 1
176.81 0.1 1
182.63 0.1 1
184.81 0.1 1
190.67 0.1 1
194.63 0.1 1
198.54 0.1 1
202.55 0.1 1
208.42 0.1 1
214.46 0.1 1
218.36 0.1 1
224.36 0.1 1
228.33 0.1 1
238.28 0.1 1
244.29 0.1 1
246.19 0.1 1
250.22 0.1 1
258.19 0.1 1
260.19 0.1 1
262.13 0.1 1
264.16 0.1 1
265.98 0.1 1
270.1 0.1 1
273.93 0.1 1
275.9 0.1 1
279.98 0.1 1
285.99 0.1 1
289.75 0.1 1
295.79 0.1 1
297.86 0.1 1
299.77 0.1 1
301.71 0.1 1
303.74 0.1 1
305.82 0.1 1
307.66 0.1 1
309.73 0.1 1
325.5 0.1 1
327.6 0.1 1
331.57 0.1 1
333.45 0.1 1
337.42 0.1 1
341.42 0.1 1
349.43 0.1 1
355.28 0.1 1
359.33 0.1 1
361.3 0.1 1
363.2 0.1 1
365.21 0.1 1
371.18 0.1 1
375.07 0.1 1
377.2 0.1 1
385.17 0.1 1
392.99 0.1 1
394.94 0.1 1
401.03 0.1 1
402.98 0.1 1
410.91 0.1 1
412.81 0.1 1
414.85 0.1 1
424.7 0.1 1
426.65 0.1 1
438.67 0.1 1
440.57 0.1 1
442.63 0.1 1
446.64 0.1 1
448.61 0.1 1
458.4 0.1 1
462.52 0.1 1
466.38 0.1 1
468.33 0.1 1
474.37 0.1 1
480.31 0.1 1
482.27 0.1 1
484.38 0.1 1
486.23 0.1 1
492.31 0.1 1
494.13 0.1 1
496.3 0.1 1
500.18 0.1 1
504.03 0.1 1
