4.2 0.1 1
6.24 0.1 1
10.17 0.1 1
12.17 0.1 1
18.06 0.1 1
20.14 0.1 1
22.06 0.1 1
24 0.1 1
26.08 0.1 1
33.87 0.1 1
36.02 0.1 1
37.87 0.1 1
41.85 0.1 1
45.77 0.1 1
47.82 0.1 1
49.82 0.1 1
51.8 0.1 1
57.84 0.1 1
67.76 0.1 1
69.59 0.1 1
71.56 0.1 1
73.66 0.1 1
77.65 0.1 1
79.6 0.1 1
81.53 0.1 1
85.62 0.1 1
87.52 0.1 1
89.4 0.1 1
91.58 0.1 1
95.44 0.1 1
107.46 0.1 1
121.2 0.1 1
125.2 0.1 1
127.15 0.1 1
131.08 0.1 1
133.2 0.1 1
135.12 0.1 1
137.13 0.1 1
139.15 0.1 1
145.1 0.1 1
146.94 0.1 1
150.92 0.1 1
152.91 0.1 1
155.02 0.1 1
162.86 0.1 1
166.78 0.1 1
168.88 0.1 1
170.93 0.1 1
172.85 0.1 1
176.8 0.1 1
182.78 0.1 1
184.82 0.1 1
190.72 0.1 1
194.6 0.1 1
198.52 0.1 1
202.49 0.1 1
208.58 0.1 1
214.53 0.1 1
218.48 0.1 1
224.38 0.1 1
228.23 0.1 1
238.35 0.1 1
244.14 0.1 1
246.17 0.1 1
250.19 0.1 1
258.19 0.1 1
259.98 0.1 1
262.08 0.1 1
264.06 0.1 1
265.98 0.1 1
270.08 0.1 1
273.97 0.1 1
275.85 0.1 1
280 0.1 1
285.95 0.1 1
289.94 0.1 1
295.81 0.1 1
297.74 0.1 1
299.68 0.1 1
301.76 0.1 1
303.83 0.1 1
305.61 0.1 1
307.76 0.1 1
309.75 0.1 1
325.55 0.1 1
327.47 0.1 1
331.5 0.1 1
333.45 0.1 1
337.46 0.1 1
341.51 0.1 1
349.43 0.1 1
355.35 0.1 1
359.36 0.1 1
361.25 0.1 1
363.25 0.1 1
365.27 0.1 1
371.27 0.1 1
375.22 0.1 1
377.09 0.1 1
385.06 0.1 1
393.08 0.1 1
395.03 0.1 1
401.01 0.1 1
403.01 0.1 1
410.8 0.1 1
412.83 0.1 1
414.77 0.1 1
424.75 0.1 1
426.64 0.1 1
438.56 0.1 1
440.68 0.1 1
442.61 0.1 1
446.56 0.1 1
448.63 0.1 1
458.47 0.1 1
462.4 0.1 1
466.32 0.1 1
468.37 0.1 1
474.39 0.1 1
480.34 0.1 1
482.26 0.1 1
484.16 0.1 1
486.18 0.1 1
492.21 0.1 1
494.13 0.1 1
496.1 0.1 1
500.21 0.1 1
504.03 0.1 1
