4.27 0.1 1
6.22 0.1 1
10.22 0.1 1
12.19 0.1 1
18.08 0.1 1
20.06 0.1 1
22.03 0.1 1
24.06 0.1 1
26.1 0.1 1
33.97 0.1 1
35.88 0.1 1
37.97 0.1 1
41.79 0.1 1
45.94 0.1 1
47.92 0.1 1
49.72 0.1 1
51.84 0.1 1
57.71 0.1 1
67.65 0.1 1
69.56 0.1 1
71.71 0.1 1
73.66 0.1 1
77.57 0.1 1
79.68 0.1 1
81.62 0.1 1
85.62 0.1 1
87.45 0.1 1
89.6 0.1 1
91.49 0.1 1
95.51 0.1 1
107.36 0.1 1
121.25 0.1 1
125.17 0.1 1
127.08 0.1 1
131.12 0.1 1
133.24 0.1 1
135.19 0.1 1
137.02 0.1 1
139 0.1 1
145.06 0.1 1
147.04 0.1 1
151.03 0.1 1
152.94 0.1 1
154.93 0.1 1
162.88 0.1 1
166.8 0.1 1
168.93 0.1 1
170.8 0.1 1
172.77 0.1 1
176.82 0.1 1
182.72 0.1 1
184.75 0.1 1
190.72 0.1 1
194.64 0.1 1
198.53 0.1 1
202.46 0.1 1
208.51 0.1 1
214.5 0.1 1
218.35 0.1 1
224.38 0.1 1
228.27 0.1 1
238.24 0.1 1
244.21 0.1 1
246.09 0.1 1
250.08 0.1 1
258.1 0.1 1
260.03 0.1 1
261.96 0.1 1
264.08 0.1 1
266.02 0.1 1
269.99 0.1 1
273.92 0.1 1
275.85 0.1 1
279.92 0.1 1
285.82 0.1 1
289.74 0.1 1
295.81 0.1 1
297.73 0.1 1
299.71 0.1 1
301.71 0.1 1
303.66 0.1 1
305.73 0.1 1
307.78 0.1 1
309.57 0.1 1
325.62 0.1 1
327.62 0.1 1
331.46 0.1 1
333.47 0.1 1
337.43 0.1 1
341.51 0.1 1
349.36 0.1 1
355.4 0.1 1
359.32 0.1 1
361.3 0.1 1
363.33 0.1 1
365.17 0.1 1
371.2 0.1 1
375.14 0.1 1
377.11 0.1 1
385.11 0.1 1
393.03 0.1 1
394.91 0.1 1
400.85 0.1 1
402.88 0.1 1
410.79 0.1 1
412.9 0.1 1
414.89 0.1 1
424.77 0.1 1
426.82 0.1 1
438.63 0.1 1
440.65 0.1 1
442.58 0.1 1
446.53 0.1 1
448.53 0.1 1
458.52 0.1 1
462.4 0.1 1
466.44 0.1 1
468.41 0.1 1
474.24 0.1 1
480.23 0.1 1
482.25 0.1 1
484.19 0.1 1
486.25 0.1 1
492.23 0.1 1
494.1 0.1 1
496.27 0.1 1
500.13 0.1 1
504.09 0.1 1
