4.15 0.1 1
6.27 0.1 1
10.2 0.1 1
12.22 0.1 1
18.17 0.1 1
20.04 0.1 1
22.11 0.1 1
24.09 0.1 1
25.92 0.1 1
34.04 0.1 1
35.91 0.1 1
37.88 0.1 1
41.93 0.1 1
45.85 0.1 1
47.85 0.1 1
49.88 0.1 1
51.81 0.1 1
57.65 0.1 1
67.61 0.1 1
69.56 0.1 1
71.56 0.1 1
73.56 0.1 1
77.59 0.1 1
79.68 0.1 1
81.63 0.1 1
85.63 0.1 1
87.55 0.1 1
89.43 0.1 1
91.46 0.1 1
95.4 0.1 1
107.37 0.1 1
121.31 0.1 1
125.19 0.1 1
127.21 0.1 1
131.18 0.1 1
133.21 0.1 1
135.08 0.1 1
137.03 0.1 1
139.03 0.1 1
145.08 0.1 1
147 0.1 1
150.92 0.1 1
153 0.1 1
154.9 0.1 1
162.82 0.1 1
166.79 0.1 1
168.82 0.1 1
170.83 0.1 1
172.73 0.1 1
176.83 0.1 1
182.68 0.1 1
184.71 0.1 1
190.78 0.1 1
194.67 0.1 1
198.64 0.1 1
202.49 0.1 1
208.62 0.1 1
214.44 0.1 1
218.36 0.1 1
224.41 0.1 1
228.28 0.1 1
238.22 0.1 1
244.15 0.1 1
246.24 0.1 1
250.29 0.1 1
258.09 0.1 1
260.02 0.1 1
262.11 0.1 1
264.06 0.1 1
266.18 0.1 1
270.03 0.1 1
274.03 0.1 1
275.95 0.1 1
279.96 0.1 1
285.88 0.1 1
289.84 0.1 1
295.84 0.1 1
297.86 0.1 1
299.86 0.1 1
301.87 0.1 1
303.72 0.1 1
305.74 0.1 1
307.73 0.1 1
309.81 0.1 1
325.67 0.1 1
327.57 0.1 1
331.48 0.1 1
333.52 0.1 1
337.44 0.1 1
341.57 0.1 1
349.34 0.1 1
355.31 0.1 1
359.36 0.1 1
361.39 0.1 1
363.25 0.1 1
365.26 0.1 1
371.18 0.1 1
375.13 0.1 1
377.12 0.1 1
385.2 0.1 1
393.02 0.1 1
394.94 0.1 1
400.94 0.1 1
403.08 0.1 1
410.85 0.1 1
412.83 0.1 1
414.86 0.1 1
424.85 0.1 1
426.8 0.1 1
438.69 0.1 1
440.66 0.1 1
442.71 0.1 1
446.58 0.1 1
448.68 0.1 1
458.43 0.1 1
462.4 0.1 1
466.5 0.1 1
468.42 0.1 1
474.3 0.1 1
480.4 0.1 1
482.44 0.1 1
484.31 0.1 1
486.24 0.1 1
492.31 0.1 1
494.14 0.1 1
496.26 0.1 1
500.28 0.1 1
504.26 0.1 1
