4.14 0.1 1
6.22 0.1 1
10.09 0.1 1
12.13 0.1 1
18.06 0.1 1
20.05 0.1 1
22.11 0.1 1
24.03 0.1 1
25.95 0.1 1
33.98 0.1 1
35.95 0.1 1
37.97 0.1 1
41.79 0.1 1
45.76 0.1 1
47.84 0.1 1
49.72 0.1 1
51.87 0.1 1
57.76 0.1 1
67.65 0.1 1
69.6 0.1 1
71.58 0.1 1
73.65 0.1 1
77.55 0.1 1
79.62 0.1 1
81.53 0.1 1
85.58 0.1 1
87.47 0.1 1
89.47 0.1 1
91.4 0.1 1
95.42 0.1 1
107.44 0.1 1
121.13 0.1 1
125.27 0.1 1
127.23 0.1 1
131.25 0.1 1
133.07 0.1 1
135.14 0.1 1
137.14 0.1 1
139.15 0.1 1
145.02 0.1 1
147.02 0.1 1
151.09 0.1 1
153.06 0.1 1
155.01 0.1 1
162.88 0.1 1
166.85 0.1 1
168.78 0.1 1
170.82 0.1 1
172.83 0.1 1
176.77 0.1 1
182.69 0.1 1
184.77 0.1 1
190.69 0.1 1
194.74 0.1 1
198.68 0.1 1
202.48 0.1 1
208.45 0.1 1
214.4 0.1 1
218.4 0.1 1
224.49 0.1 1
228.39 0.1 1
238.27 0.1 1
244.29 0.1 1
246.13 0.1 1
250.16 0.1 1
258.1 0.1 1
260.06 0.1 1
262.12 0.1 1
263.95 0.1 1
265.97 0.1 1
269.98 0.1 1
273.94 0.1 1
275.99 0.1 1
279.92 0.1 1
285.86 0.1 1
289.81 0.1 1
295.84 0.1 1
297.81 0.1 1
299.71 0.1 1
301.76 0.1 1
303.81 0.1 1
305.6 0.1 1
307.58 0.1 1
309.76 0.1 1
325.5 0.1 1
327.62 0.1 1
331.49 0.1 1
333.41 0.1 1
337.52 0.1 1
341.51 0.1 1
349.35 0.1 1
355.4 0.1 1
359.37 0.1 1
361.32 0.1 1
363.25 0.1 1
365.12 0.1 1
371.12 0.1 1
375.12 0.1 1
377.07 0.1 1
385.14 0.1 1
392.89 0.1 1
394.91 0.1 1
401.01 0.1 1
402.93 0.1 1
410.85 0.1 1
412.92 0.1 1
414.9 0.1 1
424.76 0.1 1
426.61 0.1 1
438.53 0.1 1
440.68 0.1 1
442.56 0.1 1
446.56 0.1 1
448.56 0.1 1
458.38 0.1 1
462.4 0.1 1
466.4 0.1 1
468.36 0.1 1
474.31 0.1 1
480.21 0.1 1
482.24 0.1 1
484.33 0.1 1
486.31 0.1 1
492.18 0.1 1
494.23 0.1 1
496.05 0.1 1
500.2 0.1 1
504.15 0.1 1
