4.09 0.1 1
6.07 0.1 1
10.09 0.1 1
12.18 0.1 1
18.16 0.1 1
20.15 0.1 1
22.05 0.1 1
23.93 0.1 1
25.95 0.1 1
33.87 0.1 1
35.92 0.1 1
37.94 0.1 1
41.95 0.1 1
45.8 0.1 1
47.89 0.1 1
49.81 0.1 1
51.84 0.1 1
57.66 0.1 1
67.58 0.1 1
69.63 0.1 1
71.63 0.1 1
73.56 0.1 1
77.57 0.1 1
79.57 0.1 1
81.58 0.1 1
85.45 0.1 1
87.49 0.1 1
89.55 0.1 1
91.45 0.1 1
95.54 0.1 1
107.36 0.1 1
121.28 0.1 1
125.18 0.1 1
127.2 0.1 1
131.25 0.1 1
133.19 0.1 1
135.12 0.1 1
137.17 0.1 1
139.16 0.1 1
144.96 0.1 1
147.03 0.1 1
150.93 0.1 1
152.93 0.1 1
154.94 0.1 1
162.81 0.1 1
166.8 0.1 1
168.87 0.1 1
170.83 0.1 1
172.74 0.1 1
176.77 0.1 1
182.69 0.1 1
184.64 0.1 1
190.62 0.1 1
194.68 0.1 1
198.63 0.1 1
202.61 0.1 1
208.63 0.1 1
214.42 0.1 1
218.35 0.1 1
224.34 0.1 1
228.41 0.1 1
238.28 0.1 1
244.16 0.1 1
246.33 0.1 1
250.15 0.1 1
258.23 0.1 1
260.08 0.1 1
262.04 0.1 1
264.08 0.1 1
266 0.1 1
270.1 0.1 1
273.99 0.1 1
276.02 0.1 1
279.89 0.1 1
285.98 0.1 1
289.83 0.1 1
295.75 0.1 1
297.75 0.1 1
299.85 0.1 1
301.85 0.1 1
303.87 0.1 1
305.68 0.1 1
307.69 0.1 1
309.75 0.1 1
325.56 0.1 1
327.52 0.1 1
331.63 0.1 1
333.58 0.1 1
337.5 0.1 1
341.5 0.1 1
349.37 0.1 1
355.27 0.1 1
359.24 0.1 1
361.39 0.1 1
363.32 0.1 1
365.17 0.1 1
371.32 0.1 1
375.26 0.1 1
377.13 0.1 1
385.16 0.1 1
392.95 0.1 1
395.1 0.1 1
401.02 0.1 1
402.97 0.1 1
410.87 0.1 1
412.86 0.1 1
414.77 0.1 1
424.79 0.1 1
426.73 0.1 1
438.58 0.1 1
440.62 0.1 1
442.67 0.1 1
446.52 0.1 1
448.62 0.1 1
458.54 0.1 1
462.41 0.1 1
466.51 0.1 1
468.43 0.1 1
474.48 0.1 1
480.37 0.1 1
482.25 0.1 1
484.23 0.1 1
486.38 0.1 1
492.22 0.1 1
494.15 0.1 1
496.32 0.1 1
500.17 0.1 1
504.14 0.1 1
