4.11 0.1 1
6.27 0.1 1
10.16 0.1 1
12.09 0.1 1
18.14 0.1 1
20.01 0.1 1
22.01 0.1 1
24.01 0.1 1
26.11 0.1 1
33.97 0.1 1
35.92 0.1 1
37.94 0.1 1
41.84 0.1 1
45.84 0.1 1
47.84 0.1 1
49.82 0.1 1
51.79 0.1 1
57.81 0.1 1
67.7 0.1 1
69.7 0.1 1
71.53 0.1 1
73.55 0.1 1
77.67 0.1 1
79.48 0.1 1
81.6 0.1 1
85.45 0.1 1
87.59 0.1 1
89.39 0.1 1
91.49 0.1 1
95.36 0.1 1
107.38 0.1 1
121.11 0.1 1
125.07 0.1 1
127.23 0.1 1
131.04 0.1 1
133.09 0.1 1
135.1 0.1 1
137.1 0.1 1
139.14 0.1 1
145.07 0.1 1
146.99 0.1 1
150.98 0.1 1
152.96 0.1 1
154.99 0.1 1
162.83 0.1 1
166.81 0.1 1
168.87 0.1 1
170.82 0.1 1
172.7 0.1 1
176.82 0.1 1
182.6 0.1 1
184.6 0.1 1
190.52 0.1 1
194.61 0.1 1
198.48 0.1 1
202.53 0.1 1
208.48 0.1 1
214.4 0.1 1
218.3 0.1 1
224.37 0.1 1
228.35 0.1 1
238.24 0.1 1
244.26 0.1 1
246.28 0.1 1
250.13 0.1 1
258 0.1 1
260 0.1 1
262.07 0.1 1
264.03 0.1 1
266.02 0.1 1
270.05 0.1 1
274 0.1 1
276.04 0.1 1
279.97 0.1 1
285.84 0.1 1
289.89 0.1 1
295.73 0.1 1
297.81 0.1 1
299.68 0.1 1
301.7 0.1 1
303.71 0.1 1
305.65 0.1 1
307.6 0.1 1
309.7 0.1 1
325.56 0.1 1
327.61 0.1 1
331.54 0.1 1
333.43 0.1 1
337.46 0.1 1
341.31 0.1 1
349.38 0.1 1
355.28 0.1 1
359.17 0.1 1
361.15 0.1 1
363.2 0.1 1
365.27 0.1 1
371.24 0.1 1
375.18 0.1 1
377.09 0.1 1
385.11 0.1 1
392.98 0.1 1
394.9 0.1 1
401.02 0.1 1
402.87 0.1 1
410.77 0.1 1
412.86 0.1 1
414.82 0.1 1
424.68 0.1 1
426.83 0.1 1
438.65 0.1 1
440.51 0.1 1
442.63 0.1 1
446.55 0.1 1
448.49 0.1 1
458.49 0.1 1
462.46 0.1 1
466.51 0.1 1
468.48 0.1 1
474.43 0.1 1
480.38 0.1 1
482.36 0.1 1
484.33 0.1 1
486.18 0.1 1
492.17 0.1 1
494.13 0.1 1
496.07 0.1 1
500.09 0.1 1
504.06 0.1 1
