4.16 0.1 1
6.23 0.1 1
10.13 0.1 1
12.18 0.1 1
17.97 0.1 1
20.14 0.1 1
22.1 0.1 1
23.92 0.1 1
25.94 0.1 1
33.86 0.1 1
35.94 0.1 1
37.98 0.1 1
41.91 0.1 1
45.85 0.1 1
47.93 0.1 1
49.9 0.1 1
51.73 0.1 1
57.73 0.1 1
67.77 0.1 1
69.57 0.1 1
71.72 0.1 1
73.54 0.1 1
77.57 0.1 1
79.64 0.1 1
81.48 0.1 1
85.53 0.1 1
87.51 0.1 1
89.39 0.1 1
91.45 0.1 1
95.36 0.1 1
107.4 0.1 1
121.26 0.1 1
125.09 0.1 1
127.28 0.1 1
131.18 0.1 1
133.19 0.1 1
135.15 0.1 1
137.16 0.1 1
139.13 0.1 1
144.95 0.1 1
146.93 0.1 1
151.07 0.1 1
152.97 0.1 1
154.99 0.1 1
162.91 0.1 1
166.79 0.1 1
168.86 0.1 1
170.71 0.1 1
172.88 0.1 1
176.79 0.1 1
182.76 0.1 1
184.8 0.1 1
190.63 0.1 1
194.55 0.1 1
198.52 0.1 1
202.5 0.1 1
208.44 0.1 1
214.36 0.1 1
218.43 0.1 1
224.31 0.1 1
228.4 0.1 1
238.17 0.1 1
244.32 0.1 1
246.17 0.1 1
250.12 0.1 1
258.01 0.1 1
260.11 0.1 1
262.02 0.1 1
263.96 0.1 1
266.01 0.1 1
270.01 0.1 1
274.03 0.1 1
276 0.1 1
280 0.1 1
285.83 0.1 1
289.75 0.1 1
295.74 0.1 1
297.82 0.1 1
299.87 0.1 1
301.81 0.1 1
303.66 0.1 1
305.72 0.1 1
307.61 0.1 1
309.63 0.1 1
325.62 0.1 1
327.53 0.1 1
331.58 0.1 1
333.58 0.1 1
337.4 0.1 1
341.49 0.1 1
349.34 0.1 1
355.38 0.1 1
359.36 0.1 1
361.38 0.1 1
363.36 0.1 1
365.28 0.1 1
371.25 0.1 1
375.07 0.1 1
377.1 0.1 1
385.12 0.1 1
393.02 0.1 1
395.06 0.1 1
401.06 0.1 1
402.93 0.1 1
410.98 0.1 1
412.88 0.1 1
414.95 0.1 1
424.67 0.1 1
426.77 0.1 1
438.64 0.1 1
440.64 0.1 1
442.69 0.1 1
446.51 0.1 1
448.49 0.1 1
458.45 0.1 1
462.43 0.1 1
466.47 0.1 1
468.42 0.1 1
474.47 0.1 1
480.37 0.1 1
482.29 0.1 1
484.34 0.1 1
486.21 0.1 1
492.18 0.1 1
494.13 0.1 1
496.16 0.1 1
500.13 0.1 1
504.1 0.1 1
