4.23 0.1 1
6.21 0.1 1
10.13 0.1 1
12.03 0.1 1
18.04 0.1 1
20.09 0.1 1
21.95 0.1 1
23.94 0.1 1
25.92 0.1 1
33.94 0.1 1
35.98 0.1 1
38.01 0.1 1
41.81 0.1 1
45.86 0.1 1
47.86 0.1 1
49.9 0.1 1
51.8 0.1 1
57.72 0.1 1
67.77 0.1 1
69.59 0.1 1
71.61 0.1 1
73.52 0.1 1
77.62 0.1 1
79.67 0.1 1
81.47 0.1 1
85.44 0.1 1
87.51 0.1 1
89.44 0.1 1
91.38 0.1 1
95.36 0.1 1
107.4 0.1 1
121.32 0.1 1
125.12 0.1 1
127.19 0.1 1
131.13 0.1 1
133.06 0.1 1
135.03 0.1 1
137.01 0.1 1
139.01 0.1 1
145.05 0.1 1
147.13 0.1 1
150.97 0.1 1
153.07 0.1 1
154.87 0.1 1
162.99 0.1 1
166.97 0.1 1
168.96 0.1 1
170.81 0.1 1
172.82 0.1 1
176.73 0.1 1
182.65 0.1 1
184.65 0.1 1
190.75 0.1 1
194.67 0.1 1
198.68 0.1 1
202.49 0.1 1
208.49 0.1 1
214.46 0.1 1
218.39 0.1 1
224.36 0.1 1
228.44 0.1 1
238.35 0.1 1
244.17 0.1 1
246.13 0.1 1
250.12 0.1 1
258.17 0.1 1
260.09 0.1 1
262.11 0.1 1
264.11 0.1 1
266.16 0.1 1
270.14 0.1 1
274.05 0.1 1
276.06 0.1 1
279.96 0.1 1
285.93 0.1 1
289.78 0.1 1
295.9 0.1 1
297.92 0.1 1
299.75 0.1 1
301.86 0.1 1
303.82 0.1 1
305.79 0.1 1
307.81 0.1 1
309.74 0.1 1
325.6 0.1 1
327.55 0.1 1
331.45 0.1 1
333.47 0.1 1
337.5 0.1 1
341.44 0.1 1
349.31 0.1 1
355.36 0.1 1
359.43 0.1 1
361.23 0.1 1
363.38 0.1 1
365.31 0.1 1
371.25 0.1 1
375.18 0.1 1
377.28 0.1 1
385.02 0.1 1
393.09 0.1 1
394.97 0.1 1
400.91 0.1 1
403.04 0.1 1
411 0.1 1
412.86 0.1 1
414.98 0.1 1
424.83 0.1 1
426.73 0.1 1
438.72 0.1 1
440.61 0.1 1
442.66 0.1 1
446.57 0.1 1
448.66 0.1 1
458.56 0.1 1
462.56 0.1 1
466.4 0.1 1
468.38 0.1 1
474.38 0.1 1
480.42 0.1 1
482.24 0.1 1
484.42 0.1 1
486.31 0.1 1
492.32 0.1 1
494.32 0.1 1
496.14 0.1 1
500.18 0.1 1
504.25 0.1 1
