4.16 0.1 1
6.14 0.1 1
10.21 0.1 1
12.16 0.1 1
18.13 0.1 1
20.08 0.1 1
21.95 0.1 1
23.98 0.1 1
25.95 0.1 1
33.87 0.1 1
36.04 0.1 1
37.92 0.1 1
41.89 0.1 1
45.79 0.1 1
47.89 0.1 1
49.91 0.1 1
51.71 0.1 1
57.83 0.1 1
67.73 0.1 1
69.7 0.1 1
71.63 0.1 1
73.58 0.1 1
77.69 0.1 1
79.62 0.1 1
81.64 0.1 1
85.47 0.1 1
87.54 0.1 1
89.42 0.1 1
91.54 0.1 1
95.36 0.1 1
107.44 0.1 1
121.13 0.1 1
125.25 0.1 1
127.14 0.1 1
131.05 0.1 1
133.17 0.1 1
135.19 0.1 1
137.16 0.1 1
139.09 0.1 1
144.99 0.1 1
146.93 0.1 1
150.98 0.1 1
153.06 0.1 1
154.85 0.1 1
162.97 0.1 1
166.8 0.1 1
168.78 0.1 1
170.82 0.1 1
172.87 0.1 1
176.82 0.1 1
182.64 0.1 1
184.69 0.1 1
190.68 0.1 1
194.66 0.1 1
198.54 0.1 1
202.6 0.1 1
208.43 0.1 1
214.5 0.1 1
218.42 0.1 1
224.29 0.1 1
228.34 0.1 1
238.23 0.1 1
244.29 0.1 1
246.11 0.1 1
250.25 0.1 1
258.15 0.1 1
260.08 0.1 1
262.13 0.1 1
263.99 0.1 1
266.04 0.1 1
270 0.1 1
274.07 0.1 1
275.96 0.1 1
279.97 0.1 1
285.91 0.1 1
289.89 0.1 1
295.78 0.1 1
297.86 0.1 1
299.71 0.1 1
301.85 0.1 1
303.73 0.1 1
305.68 0.1 1
307.67 0.1 1
309.67 0.1 1
325.61 0.1 1
327.49 0.1 1
331.43 0.1 1
333.44 0.1 1
337.44 0.1 1
341.36 0.1 1
349.42 0.1 1
355.23 0.1 1
359.25 0.1 1
361.25 0.1 1
363.27 0.1 1
365.32 0.1 1
371.21 0.1 1
375.06 0.1 1
377.06 0.1 1
385.06 0.1 1
393.03 0.1 1
394.98 0.1 1
400.98 0.1 1
402.95 0.1 1
410.77 0.1 1
412.92 0.1 1
414.87 0.1 1
424.66 0.1 1
426.74 0.1 1
438.71 0.1 1
440.53 0.1 1
442.57 0.1 1
446.58 0.1 1
448.55 0.1 1
458.54 0.1 1
462.44 0.1 1
466.34 0.1 1
468.43 0.1 1
474.46 0.1 1
480.31 0.1 1
482.21 0.1 1
484.23 0.1 1
486.21 0.1 1
492.13 0.1 1
494.25 0.1 1
496.22 0.1 1
500.07 0.1 1
504.22 0.1 1
