4.19 0.1 1
6.19 0.1 1
10.13 0.1 1
12.21 0.1 1
18.05 0.1 1
20.1 0.1 1
21.95 0.1 1
24.11 0.1 1
25.98 0.1 1
33.92 0.1 1
35.84 0.1 1
37.97 0.1 1
41.87 0.1 1
45.81 0.1 1
47.86 0.1 1
49.91 0.1 1
51.88 0.1 1
57.78 0.1 1
67.75 0.1 1
69.7 0.1 1
71.7 0.1 1
73.62 0.1 1
77.52 0.1 1
79.49 0.1 1
81.59 0.1 1
85.57 0.1 1
87.42 0.1 1
89.44 0.1 1
91.59 0.1 1
95.41 0.1 1
107.36 0.1 1
121.23 0.1 1
125.32 0.1 1
127.24 0.1 1
131.2 0.1 1
133.17 0.1 1
135.22 0.1 1
137.02 0.1 1
139.01 0.1 1
145.01 0.1 1
147.03 0.1 1
150.91 0.1 1
152.93 0.1 1
155 0.1 1
162.82 0.1 1
166.88 0.1 1
168.78 0.1 1
170.8 0.1 1
172.84 0.1 1
176.8 0.1 1
182.77 0.1 1
184.72 0.1 1
190.71 0.1 1
194.69 0.1 1
198.61 0.1 1
202.45 0.1 1
208.53 0.1 1
214.38 0.1 1
218.47 0.1 1
224.41 0.1 1
228.41 0.1 1
238.36 0.1 1
244.26 0.1 1
246.16 0.1 1
250.08 0.1 1
258.05 0.1 1
260.04 0.1 1
262.15 0.1 1
264.15 0.1 1
265.95 0.1 1
270.04 0.1 1
273.89 0.1 1
276.01 0.1 1
279.84 0.1 1
285.86 0.1 1
289.94 0.1 1
295.88 0.1 1
297.76 0.1 1
299.8 0.1 1
301.82 0.1 1
303.72 0.1 1
305.67 0.1 1
307.63 0.1 1
309.69 0.1 1
325.56 0.1 1
327.63 0.1 1
331.41 0.1 1
333.56 0.1 1
337.45 0.1 1
341.51 0.1 1
349.28 0.1 1
355.32 0.1 1
359.35 0.1 1
361.29 0.1 1
363.15 0.1 1
365.16 0.1 1
371.09 0.1 1
375.11 0.1 1
377.11 0.1 1
385.08 0.1 1
392.95 0.1 1
395.03 0.1 1
400.99 0.1 1
403 0.1 1
410.92 0.1 1
412.94 0.1 1
414.77 0.1 1
424.66 0.1 1
426.76 0.1 1
438.67 0.1 1
440.63 0.1 1
442.68 0.1 1
446.57 0.1 1
448.57 0.1 1
458.47 0.1 1
462.49 0.1 1
466.53 0.1 1
468.34 0.1 1
474.35 0.1 1
480.26 0.1 1
482.31 0.1 1
484.25 0.1 1
486.28 0.1 1
492.15 0.1 1
494.2 0.1 1
496.15 0.1 1
500.14 0.1 1
504.21 0.1 1
