4.29 0.1 1
6.12 0.1 1
10.22 0.1 1
12.15 0.1 1
18.02 0.1 1
19.97 0.1 1
22.14 0.1 1
23.94 0.1 1
25.99 0.1 1
33.93 0.1 1
36.03 0.1 1
37.93 0.1 1
41.78 0.1 1
45.75 0.1 1
47.8 0.1 1
49.78 0.1 1
51.8 0.1 1
57.85 0.1 1
67.59 0.1 1
69.76 0.1 1
71.58 0.1 1
73.71 0.1 1
77.68 0.1 1
79.6 0.1 1
81.58 0.1 1
85.56 0.1 1
87.61 0.1 1
89.53 0.1 1
91.55 0.1 1
95.39 0.1 1
107.37 0.1 1
121.19 0.1 1
125.11 0.1 1
127.3 0.1 1
131.26 0.1 1
133.25 0.1 1
135.23 0.1 1
137.22 0.1 1
139.2 0.1 1
144.99 0.1 1
147 0.1 1
150.94 0.1 1
153.07 0.1 1
154.97 0.1 1
162.94 0.1 1
166.79 0.1 1
168.76 0.1 1
170.79 0.1 1
172.9 0.1 1
176.86 0.1 1
182.68 0.1 1
184.8 0.1 1
190.69 0.1 1
194.59 0.1 1
198.64 0.1 1
202.56 0.1 1
208.59 0.1 1
214.43 0.1 1
218.44 0.1 1
224.4 0.1 1
228.33 0.1 1
238.32 0.1 1
244.16 0.1 1
246.27 0.1 1
250.27 0.1 1
258.04 0.1 1
260.01 0.1 1
262.01 0.1 1
264 0.1 1
265.95 0.1 1
270.01 0.1 1
273.98 0.1 1
276.02 0.1 1
279.92 0.1 1
285.94 0.1 1
289.95 0.1 1
295.87 0.1 1
297.86 0.1 1
299.84 0.1 1
301.68 0.1 1
303.83 0.1 1
305.63 0.1 1
307.66 0.1 1
309.63 0.1 1
325.6 0.1 1
327.58 0.1 1
331.45 0.1 1
333.54 0.1 1
337.57 0.1 1
341.54 0.1 1
349.39 0.1 1
355.39 0.1 1
359.33 0.1 1
361.26 0.1 1
363.3 0.1 1
365.3 0.1 1
371.13 0.1 1
375.27 0.1 1
377.17 0.1 1
385.07 0.1 1
393.06 0.1 1
395.08 0.1 1
401.04 0.1 1
402.94 0.1 1
410.85 0.1 1
412.93 0.1 1
414.93 0.1 1
424.87 0.1 1
426.77 0.1 1
438.59 0.1 1
440.69 0.1 1
442.73 0.1 1
446.54 0.1 1
448.48 0.1 1
458.43 0.1 1
462.42 0.1 1
466.37 0.1 1
468.42 0.1 1
474.42 0.1 1
480.32 0.1 1
482.26 0.1 1
484.39 0.1 1
486.19 0.1 1
492.14 0.1 1
494.16 0.1 1
496.28 0.1 1
500.11 0.1 1
504.13 0.1 1
