4.11 0.1 1
6.14 0.1 1
10.18 0.1 1
12.19 0.1 1
18.18 0.1 1
20.01 0.1 1
22.15 0.1 1
24.03 0.1 1
26.12 0.1 1
33.97 0.1 1
35.92 0.1 1
37.97 0.1 1
41.82 0.1 1
45.77 0.1 1
47.76 0.1 1
49.91 0.1 1
51.71 0.1 1
57.83 0.1 1
67.6 0.1 1
69.65 0.1 1
71.62 0.1 1
73.63 0.1 1
77.52 0.1 1
79.48 0.1 1
81.6 0.1 1
85.47 0.1 1
87.52 0.1 1
89.49 0.1 1
91.42 0.1 1
95.46 0.1 1
107.26 0.1 1
121.27 0.1 1
125.2 0.1 1
127.09 0.1 1
131.17 0.1 1
133.07 0.1 1
135.12 0.1 1
137.01 0.1 1
139.07 0.1 1
145.14 0.1 1
147.08 0.1 1
150.9 0.1 1
153.01 0.1 1
154.88 0.1 1
162.92 0.1 1
166.82 0.1 1
168.83 0.1 1
170.74 0.1 1
172.85 0.1 1
176.69 0.1 1
182.64 0.1 1
184.64 0.1 1
190.61 0.1 1
194.53 0.1 1
198.68 0.1 1
202.56 0.1 1
208.55 0.1 1
214.45 0.1 1
218.44 0.1 1
224.41 0.1 1
228.29 0.1 1
238.31 0.1 1
244.18 0.1 1
246.2 0.1 1
250.21 0.1 1
258.1 0.1 1
260.2 0.1 1
262.05 0.1 1
264.17 0.1 1
266.04 0.1 1
269.94 0.1 1
274.04 0.1 1
276.01 0.1 1
279.91 0.1 1
285.93 0.1 1
289.88 0.1 1
295.9 0.1 1
297.7 0.1 1
299.75 0.1 1
301.7 0.1 1
303.63 0.1 1
305.67 0.1 1
307.75 0.1 1
309.75 0.1 1
325.51 0.1 1
327.54 0.1 1
331.56 0.1 1
333.56 0.1 1
337.48 0.1 1
341.4 0.1 1
349.37 0.1 1
355.29 0.1 1
359.35 0.1 1
361.27 0.1 1
363.29 0.1 1
365.22 0.1 1
371.12 0.1 1
375.13 0.1 1
377.18 0.1 1
385.05 0.1 1
392.93 0.1 1
394.97 0.1 1
400.88 0.1 1
402.97 0.1 1
410.96 0.1 1
412.77 0.1 1
414.76 0.1 1
424.83 0.1 1
426.76 0.1 1
438.7 0.1 1
440.72 0.1 1
442.58 0.1 1
446.62 0.1 1
448.62 0.1 1
458.54 0.1 1
462.39 0.1 1
466.43 0.1 1
468.44 0.1 1
474.41 0.1 1
480.38 0.1 1
482.21 0.1 1
484.22 0.1 1
486.3 0.1 1
492.22 0.1 1
494.22 0.1 1
496.1 0.1 1
500.14 0.1 1
504.17 0.1 1
