4.21 0.1 1
6.19 0.1 1
10.18 0.1 1
12.19 0.1 1
18.08 0.1 1
20.01 0.1 1
22.01 0.1 1
23.98 0.1 1
26 0.1 1
33.93 0.1 1
35.9 0.1 1
38.02 0.1 1
41.82 0.1 1
45.92 0.1 1
47.79 0.1 1
49.79 0.1 1
51.71 0.1 1
57.66 0.1 1
67.6 0.1 1
69.76 0.1 1
71.68 0.1 1
73.68 0.1 1
77.5 0.1 1
79.63 0.1 1
81.67 0.1 1
85.59 0.1 1
87.54 0.1 1
89.6 0.1 1
91.47 0.1 1
95.51 0.1 1
107.33 0.1 1
121.17 0.1 1
125.15 0.1 1
127.22 0.1 1
131.12 0.1 1
133.22 0.1 1
135.2 0.1 1
137.09 0.1 1
139.02 0.1 1
145.14 0.1 1
147.11 0.1 1
151.04 0.1 1
153.08 0.1 1
155.03 0.1 1
162.8 0.1 1
166.9 0.1 1
168.87 0.1 1
170.75 0.1 1
172.77 0.1 1
176.8 0.1 1
182.67 0.1 1
184.64 0.1 1
190.57 0.1 1
194.56 0.1 1
198.59 0.1 1
202.59 0.1 1
208.45 0.1 1
214.55 0.1 1
218.53 0.1 1
224.28 0.1 1
228.42 0.1 1
238.26 0.1 1
244.29 0.1 1
246.14 0.1 1
250.26 0.1 1
258.08 0.1 1
260.17 0.1 1
261.98 0.1 1
264.05 0.1 1
265.95 0.1 1
269.95 0.1 1
273.89 0.1 1
275.87 0.1 1
279.87 0.1 1
285.89 0.1 1
289.84 0.1 1
295.89 0.1 1
297.73 0.1 1
299.66 0.1 1
301.85 0.1 1
303.81 0.1 1
305.8 0.1 1
307.78 0.1 1
309.72 0.1 1
325.65 0.1 1
327.49 0.1 1
331.47 0.1 1
333.51 0.1 1
337.38 0.1 1
341.49 0.1 1
349.35 0.1 1
355.3 0.1 1
359.32 0.1 1
361.27 0.1 1
363.17 0.1 1
365.27 0.1 1
371.25 0.1 1
375.09 0.1 1
377.07 0.1 1
384.98 0.1 1
392.91 0.1 1
395 0.1 1
401 0.1 1
402.92 0.1 1
410.97 0.1 1
412.9 0.1 1
414.84 0.1 1
424.77 0.1 1
426.82 0.1 1
438.66 0.1 1
440.58 0.1 1
442.5 0.1 1
446.46 0.1 1
448.47 0.1 1
458.5 0.1 1
462.34 0.1 1
466.44 0.1 1
468.31 0.1 1
474.43 0.1 1
480.36 0.1 1
482.19 0.1 1
484.21 0.1 1
486.13 0.1 1
492.18 0.1 1
494.12 0.1 1
496.2 0.1 1
500.2 0.1 1
504.02 0.1 1
